# magnitude cutoff table for bg interpolation
2.100000000000000000e+01
2.106060606060606233e+01
2.112121212121212110e+01
2.118181818181818343e+01
2.124242424242424221e+01
2.130303030303030454e+01
2.136363636363636331e+01
2.142424242424242564e+01
2.148484848484848442e+01
2.154545454545454675e+01
2.160606060606060552e+01
2.166666666666666785e+01
2.172727272727272663e+01
2.178787878787878896e+01
2.184848484848484773e+01
2.190909090909091006e+01
2.196969696969696884e+01
2.203030303030303116e+01
2.209090909090908994e+01
2.215151515151515227e+01
2.221212121212121104e+01
2.227272727272727337e+01
2.233333333333333215e+01
2.239393939393939448e+01
2.245454545454545325e+01
2.251515151515151558e+01
2.257575757575757436e+01
2.263636363636363669e+01
2.269696969696969546e+01
2.275757575757575779e+01
2.281818181818182012e+01
2.287878787878787890e+01
2.293939393939393767e+01
2.300000000000000000e+01
2.306060606060606233e+01
2.312121212121212110e+01
2.318181818181817988e+01
2.324242424242424221e+01
2.330303030303030454e+01
2.336363636363636331e+01
2.342424242424242564e+01
2.348484848484848442e+01
2.354545454545454675e+01
2.360606060606060552e+01
2.366666666666666785e+01
2.372727272727272663e+01
2.378787878787878896e+01
2.384848484848484773e+01
2.390909090909091006e+01
2.396969696969696884e+01
2.403030303030303116e+01
2.409090909090908994e+01
2.415151515151515227e+01
2.421212121212121104e+01
2.427272727272727337e+01
2.433333333333333215e+01
2.439393939393939448e+01
2.445454545454545325e+01
2.451515151515151558e+01
2.457575757575757436e+01
2.463636363636363669e+01
2.469696969696969546e+01
2.475757575757575779e+01
2.481818181818182012e+01
2.487878787878787890e+01
2.493939393939393767e+01
2.500000000000000000e+01
2.506060606060606233e+01
2.512121212121212110e+01
2.518181818181817988e+01
2.524242424242424221e+01
2.530303030303030454e+01
2.536363636363636331e+01
2.542424242424242564e+01
2.548484848484848442e+01
2.554545454545454675e+01
2.560606060606060552e+01
2.566666666666666785e+01
2.572727272727272663e+01
2.578787878787878896e+01
2.584848484848484773e+01
2.590909090909091006e+01
2.596969696969696884e+01
2.603030303030303116e+01
2.609090909090908994e+01
2.615151515151515227e+01
2.621212121212121104e+01
2.627272727272727337e+01
2.633333333333333570e+01
2.639393939393939448e+01
2.645454545454545325e+01
2.651515151515151558e+01
2.657575757575757791e+01
2.663636363636363669e+01
2.669696969696969546e+01
2.675757575757575779e+01
2.681818181818182012e+01
2.687878787878787890e+01
2.693939393939393767e+01
2.700000000000000000e+01
