#           k/h    P           
    0.10000E-03    0.56082E+02
    0.10202E-03    0.57169E+02
    0.10408E-03    0.58277E+02
    0.10618E-03    0.59406E+02
    0.10833E-03    0.60557E+02
    0.11052E-03    0.61730E+02
    0.11275E-03    0.62926E+02
    0.11503E-03    0.64145E+02
    0.11735E-03    0.65388E+02
    0.11972E-03    0.66655E+02
    0.12214E-03    0.67946E+02
    0.12461E-03    0.69262E+02
    0.12712E-03    0.70604E+02
    0.12969E-03    0.71972E+02
    0.13231E-03    0.73366E+02
    0.13499E-03    0.74787E+02
    0.13771E-03    0.76235E+02
    0.14049E-03    0.77712E+02
    0.14333E-03    0.79217E+02
    0.14623E-03    0.80751E+02
    0.14918E-03    0.82315E+02
    0.15220E-03    0.83909E+02
    0.15527E-03    0.85534E+02
    0.15841E-03    0.87190E+02
    0.16161E-03    0.88879E+02
    0.16487E-03    0.90599E+02
    0.16820E-03    0.92353E+02
    0.17160E-03    0.94141E+02
    0.17507E-03    0.95964E+02
    0.17860E-03    0.97822E+02
    0.18221E-03    0.99715E+02
    0.18589E-03    0.10165E+03
    0.18965E-03    0.10361E+03
    0.19348E-03    0.10562E+03
    0.19739E-03    0.10766E+03
    0.20138E-03    0.10974E+03
    0.20544E-03    0.11187E+03
    0.20959E-03    0.11403E+03
    0.21383E-03    0.11624E+03
    0.21815E-03    0.11849E+03
    0.22255E-03    0.12078E+03
    0.22705E-03    0.12312E+03
    0.23164E-03    0.12550E+03
    0.23632E-03    0.12792E+03
    0.24109E-03    0.13040E+03
    0.24596E-03    0.13292E+03
    0.25093E-03    0.13549E+03
    0.25600E-03    0.13811E+03
    0.26117E-03    0.14077E+03
    0.26645E-03    0.14349E+03
    0.27183E-03    0.14627E+03
    0.27732E-03    0.14909E+03
    0.28292E-03    0.15197E+03
    0.28864E-03    0.15491E+03
    0.29447E-03    0.15790E+03
    0.30042E-03    0.16095E+03
    0.30649E-03    0.16406E+03
    0.31268E-03    0.16722E+03
    0.31899E-03    0.17045E+03
    0.32544E-03    0.17374E+03
    0.33201E-03    0.17709E+03
    0.33872E-03    0.18051E+03
    0.34556E-03    0.18399E+03
    0.35254E-03    0.18753E+03
    0.35966E-03    0.19115E+03
    0.36693E-03    0.19483E+03
    0.37434E-03    0.19859E+03
    0.38190E-03    0.20241E+03
    0.38962E-03    0.20631E+03
    0.39749E-03    0.21028E+03
    0.40552E-03    0.21433E+03
    0.41371E-03    0.21845E+03
    0.42207E-03    0.22265E+03
    0.43060E-03    0.22694E+03
    0.43929E-03    0.23130E+03
    0.44817E-03    0.23574E+03
    0.45722E-03    0.24027E+03
    0.46646E-03    0.24489E+03
    0.47588E-03    0.24959E+03
    0.48550E-03    0.25438E+03
    0.49530E-03    0.25926E+03
    0.50531E-03    0.26423E+03
    0.51552E-03    0.26929E+03
    0.52593E-03    0.27445E+03
    0.53656E-03    0.27971E+03
    0.54739E-03    0.28506E+03
    0.55845E-03    0.29051E+03
    0.56973E-03    0.29607E+03
    0.58124E-03    0.30172E+03
    0.59299E-03    0.30749E+03
    0.60496E-03    0.31336E+03
    0.61719E-03    0.31934E+03
    0.62965E-03    0.32542E+03
    0.64237E-03    0.33162E+03
    0.65535E-03    0.33794E+03
    0.66859E-03    0.34437E+03
    0.68210E-03    0.35092E+03
    0.69588E-03    0.35759E+03
    0.70993E-03    0.36438E+03
    0.72427E-03    0.37129E+03
    0.73891E-03    0.37833E+03
    0.75383E-03    0.38550E+03
    0.76906E-03    0.39279E+03
    0.78460E-03    0.40022E+03
    0.80045E-03    0.40778E+03
    0.81662E-03    0.41548E+03
    0.83311E-03    0.42332E+03
    0.84994E-03    0.43129E+03
    0.86711E-03    0.43941E+03
    0.88463E-03    0.44767E+03
    0.90250E-03    0.45607E+03
    0.92073E-03    0.46463E+03
    0.93933E-03    0.47334E+03
    0.95831E-03    0.48219E+03
    0.97767E-03    0.49121E+03
    0.99742E-03    0.50038E+03
    0.10176E-02    0.50970E+03
    0.10381E-02    0.51919E+03
    0.10591E-02    0.52885E+03
    0.10805E-02    0.53867E+03
    0.11023E-02    0.54865E+03
    0.11246E-02    0.55881E+03
    0.11473E-02    0.56914E+03
    0.11705E-02    0.57964E+03
    0.11941E-02    0.59032E+03
    0.12182E-02    0.60118E+03
    0.12429E-02    0.61222E+03
    0.12680E-02    0.62344E+03
    0.12936E-02    0.63485E+03
    0.13197E-02    0.64644E+03
    0.13464E-02    0.65822E+03
    0.13736E-02    0.67020E+03
    0.14013E-02    0.68237E+03
    0.14296E-02    0.69473E+03
    0.14585E-02    0.70729E+03
    0.14880E-02    0.72005E+03
    0.15180E-02    0.73302E+03
    0.15487E-02    0.74618E+03
    0.15800E-02    0.75955E+03
    0.16119E-02    0.77313E+03
    0.16445E-02    0.78692E+03
    0.16777E-02    0.80092E+03
    0.17116E-02    0.81513E+03
    0.17462E-02    0.82955E+03
    0.17814E-02    0.84419E+03
    0.18174E-02    0.85905E+03
    0.18541E-02    0.87412E+03
    0.18916E-02    0.88942E+03
    0.19298E-02    0.90493E+03
    0.19688E-02    0.92067E+03
    0.20086E-02    0.93663E+03
    0.20491E-02    0.95282E+03
    0.20905E-02    0.96923E+03
    0.21328E-02    0.98586E+03
    0.21758E-02    0.10027E+04
    0.22198E-02    0.10198E+04
    0.22646E-02    0.10371E+04
    0.23104E-02    0.10547E+04
    0.23571E-02    0.10725E+04
    0.24047E-02    0.10905E+04
    0.24533E-02    0.11087E+04
    0.25028E-02    0.11271E+04
    0.25534E-02    0.11458E+04
    0.26050E-02    0.11648E+04
    0.26576E-02    0.11839E+04
    0.27113E-02    0.12033E+04
    0.27660E-02    0.12229E+04
    0.28219E-02    0.12427E+04
    0.28789E-02    0.12627E+04
    0.29371E-02    0.12830E+04
    0.29964E-02    0.13034E+04
    0.30569E-02    0.13241E+04
    0.31187E-02    0.13451E+04
    0.31817E-02    0.13662E+04
    0.32460E-02    0.13875E+04
    0.33115E-02    0.14091E+04
    0.33784E-02    0.14308E+04
    0.34467E-02    0.14528E+04
    0.35163E-02    0.14749E+04
    0.35874E-02    0.14973E+04
    0.36598E-02    0.15198E+04
    0.37338E-02    0.15425E+04
    0.38092E-02    0.15654E+04
    0.38861E-02    0.15885E+04
    0.39646E-02    0.16117E+04
    0.40447E-02    0.16351E+04
    0.41264E-02    0.16587E+04
    0.42098E-02    0.16825E+04
    0.42948E-02    0.17064E+04
    0.43816E-02    0.17304E+04
    0.44701E-02    0.17546E+04
    0.45604E-02    0.17788E+04
    0.46525E-02    0.18032E+04
    0.47465E-02    0.18276E+04
    0.48424E-02    0.18521E+04
    0.49402E-02    0.18767E+04
    0.50400E-02    0.19014E+04
    0.51419E-02    0.19262E+04
    0.52457E-02    0.19510E+04
    0.53517E-02    0.19760E+04
    0.54598E-02    0.20010E+04
    0.55701E-02    0.20261E+04
    0.56826E-02    0.20512E+04
    0.57974E-02    0.20762E+04
    0.59145E-02    0.21013E+04
    0.60340E-02    0.21263E+04
    0.61559E-02    0.21512E+04
    0.62803E-02    0.21761E+04
    0.64072E-02    0.22010E+04
    0.65366E-02    0.22257E+04
    0.66686E-02    0.22504E+04
    0.68033E-02    0.22749E+04
    0.69408E-02    0.22993E+04
    0.70810E-02    0.23236E+04
    0.72240E-02    0.23477E+04
    0.73700E-02    0.23716E+04
    0.75189E-02    0.23952E+04
    0.76708E-02    0.24187E+04
    0.78257E-02    0.24419E+04
    0.79838E-02    0.24648E+04
    0.81451E-02    0.24875E+04
    0.83096E-02    0.25098E+04
    0.84775E-02    0.25318E+04
    0.86488E-02    0.25534E+04
    0.88235E-02    0.25747E+04
    0.90017E-02    0.25955E+04
    0.91836E-02    0.26159E+04
    0.93691E-02    0.26359E+04
    0.95583E-02    0.26553E+04
    0.97514E-02    0.26743E+04
    0.99484E-02    0.26927E+04
    0.10149E-01    0.27105E+04
    0.10354E-01    0.27278E+04
    0.10564E-01    0.27444E+04
    0.10777E-01    0.27604E+04
    0.10995E-01    0.27756E+04
    0.11217E-01    0.27902E+04
    0.11443E-01    0.28040E+04
    0.11675E-01    0.28170E+04
    0.11910E-01    0.28292E+04
    0.12151E-01    0.28406E+04
    0.12397E-01    0.28512E+04
    0.12647E-01    0.28609E+04
    0.12902E-01    0.28697E+04
    0.13163E-01    0.28775E+04
    0.13429E-01    0.28842E+04
    0.13700E-01    0.28898E+04
    0.13977E-01    0.28942E+04
    0.14259E-01    0.28975E+04
    0.14547E-01    0.28997E+04
    0.14841E-01    0.29011E+04
    0.15141E-01    0.29016E+04
    0.15447E-01    0.29015E+04
    0.15759E-01    0.29006E+04
    0.16077E-01    0.28985E+04
    0.16402E-01    0.28952E+04
    0.16734E-01    0.28904E+04
    0.17072E-01    0.28838E+04
    0.17416E-01    0.28754E+04
    0.17768E-01    0.28655E+04
    0.18127E-01    0.28541E+04
    0.18493E-01    0.28414E+04
    0.18867E-01    0.28276E+04
    0.19248E-01    0.28124E+04
    0.19637E-01    0.27959E+04
    0.20034E-01    0.27778E+04
    0.20438E-01    0.27580E+04
    0.20851E-01    0.27364E+04
    0.21272E-01    0.27131E+04
    0.21702E-01    0.26883E+04
    0.22141E-01    0.26622E+04
    0.22588E-01    0.26349E+04
    0.23044E-01    0.26067E+04
    0.23510E-01    0.25774E+04
    0.23985E-01    0.25473E+04
    0.24469E-01    0.25162E+04
    0.24964E-01    0.24842E+04
    0.25468E-01    0.24514E+04
    0.25982E-01    0.24176E+04
    0.26507E-01    0.23829E+04
    0.27043E-01    0.23474E+04
    0.27589E-01    0.23109E+04
    0.28146E-01    0.22735E+04
    0.28715E-01    0.22354E+04
    0.29295E-01    0.21966E+04
    0.29887E-01    0.21573E+04
    0.30490E-01    0.21175E+04
    0.31106E-01    0.20774E+04
    0.31735E-01    0.20371E+04
    0.32376E-01    0.19968E+04
    0.33030E-01    0.19566E+04
    0.33697E-01    0.19167E+04
    0.34378E-01    0.18772E+04
    0.35072E-01    0.18382E+04
    0.35781E-01    0.17997E+04
    0.36504E-01    0.17620E+04
    0.37241E-01    0.17249E+04
    0.37993E-01    0.16887E+04
    0.38761E-01    0.16533E+04
    0.39544E-01    0.16188E+04
    0.40343E-01    0.15853E+04
    0.41158E-01    0.15528E+04
    0.41989E-01    0.15214E+04
    0.42838E-01    0.14912E+04
    0.43703E-01    0.14623E+04
    0.44586E-01    0.14348E+04
    0.45486E-01    0.14087E+04
    0.46405E-01    0.13841E+04
    0.47343E-01    0.13608E+04
    0.48299E-01    0.13388E+04
    0.49275E-01    0.13179E+04
    0.50270E-01    0.12980E+04
    0.51286E-01    0.12790E+04
    0.52322E-01    0.12607E+04
    0.53379E-01    0.12432E+04
    0.54457E-01    0.12263E+04
    0.55557E-01    0.12099E+04
    0.56680E-01    0.11939E+04
    0.57825E-01    0.11780E+04
    0.58993E-01    0.11623E+04
    0.60184E-01    0.11465E+04
    0.61400E-01    0.11303E+04
    0.62641E-01    0.11137E+04
    0.63906E-01    0.10962E+04
    0.65197E-01    0.10778E+04
    0.66514E-01    0.10580E+04
    0.67858E-01    0.10371E+04
    0.69229E-01    0.10152E+04
    0.70627E-01    0.99250E+03
    0.72054E-01    0.96882E+03
    0.73510E-01    0.94372E+03
    0.74994E-01    0.91690E+03
    0.76509E-01    0.88867E+03
    0.78055E-01    0.85960E+03
    0.79632E-01    0.83012E+03
    0.81241E-01    0.80047E+03
    0.82882E-01    0.77084E+03
    0.84556E-01    0.74148E+03
    0.86264E-01    0.71269E+03
    0.88007E-01    0.68477E+03
    0.89785E-01    0.65800E+03
    0.91598E-01    0.63265E+03
    0.93449E-01    0.60894E+03
    0.95337E-01    0.58710E+03
    0.97263E-01    0.56731E+03
    0.99227E-01    0.54964E+03
    0.10123E+00    0.53408E+03
    0.10328E+00    0.52055E+03
    0.10536E+00    0.50885E+03
    0.10749E+00    0.49871E+03
    0.10966E+00    0.48982E+03
    0.11188E+00    0.48177E+03
    0.11414E+00    0.47418E+03
    0.11644E+00    0.46663E+03
    0.11880E+00    0.45872E+03
    0.12120E+00    0.45013E+03
    0.12365E+00    0.44054E+03
    0.12614E+00    0.42977E+03
    0.12869E+00    0.41770E+03
    0.13129E+00    0.40435E+03
    0.13394E+00    0.38984E+03
    0.13665E+00    0.37441E+03
    0.13941E+00    0.35838E+03
    0.14223E+00    0.34216E+03
    0.14510E+00    0.32619E+03
    0.14803E+00    0.31096E+03
    0.15102E+00    0.29690E+03
    0.15407E+00    0.28434E+03
    0.15718E+00    0.27347E+03
    0.16036E+00    0.26428E+03
    0.16360E+00    0.25664E+03
    0.16690E+00    0.25026E+03
    0.17028E+00    0.24484E+03
    0.17371E+00    0.23998E+03
    0.17722E+00    0.23529E+03
    0.18080E+00    0.23032E+03
    0.18446E+00    0.22467E+03
    0.18818E+00    0.21809E+03
    0.19198E+00    0.21054E+03
    0.19586E+00    0.20220E+03
    0.19982E+00    0.19339E+03
    0.20386E+00    0.18448E+03
    0.20797E+00    0.17585E+03
    0.21218E+00    0.16785E+03
    0.21646E+00    0.16078E+03
    0.22083E+00    0.15475E+03
    0.22530E+00    0.14973E+03
    0.22985E+00    0.14552E+03
    0.23449E+00    0.14182E+03
    0.23923E+00    0.13826E+03
    0.24406E+00    0.13452E+03
    0.24899E+00    0.13036E+03
    0.25402E+00    0.12570E+03
    0.25915E+00    0.12065E+03
    0.26439E+00    0.11544E+03
    0.26973E+00    0.11033E+03
    0.27518E+00    0.10559E+03
    0.28074E+00    0.10138E+03
    0.28641E+00    0.97756E+02
    0.29219E+00    0.94607E+02
    0.29810E+00    0.91742E+02
    0.30412E+00    0.88943E+02
    0.31026E+00    0.86025E+02
    0.31653E+00    0.82905E+02
    0.32292E+00    0.79630E+02
    0.32945E+00    0.76341E+02
    0.33610E+00    0.73197E+02
    0.34289E+00    0.70318E+02
    0.34982E+00    0.67739E+02
    0.35689E+00    0.65405E+02
    0.36409E+00    0.63205E+02
    0.37145E+00    0.61026E+02
    0.37895E+00    0.58799E+02
    0.38661E+00    0.56532E+02
    0.39442E+00    0.54300E+02
    0.40239E+00    0.52177E+02
    0.41052E+00    0.50207E+02
    0.41881E+00    0.48387E+02
    0.42727E+00    0.46663E+02
    0.43590E+00    0.44981E+02
    0.44471E+00    0.43312E+02
    0.45369E+00    0.41660E+02
    0.46286E+00    0.40065E+02
    0.47221E+00    0.38555E+02
    0.48174E+00    0.37131E+02
    0.49148E+00    0.35776E+02
    0.50141E+00    0.34463E+02
    0.51153E+00    0.33179E+02
    0.52187E+00    0.31933E+02
    0.53241E+00    0.30736E+02
    0.54317E+00    0.29597E+02
    0.55414E+00    0.28509E+02
    0.56533E+00    0.27460E+02
    0.57675E+00    0.26444E+02
    0.58840E+00    0.25463E+02
    0.60029E+00    0.24522E+02
    0.61242E+00    0.23620E+02
    0.62479E+00    0.22754E+02
    0.63741E+00    0.21921E+02
    0.65029E+00    0.21120E+02
    0.66342E+00    0.20350E+02
    0.67683E+00    0.19608E+02
    0.69050E+00    0.18895E+02
    0.70445E+00    0.18209E+02
    0.71868E+00    0.17549E+02
    0.73320E+00    0.16915E+02
    0.74801E+00    0.16305E+02
    0.76312E+00    0.15718E+02
    0.77854E+00    0.15154E+02
    0.79426E+00    0.14611E+02
    0.81031E+00    0.14090E+02
    0.82668E+00    0.13589E+02
    0.84338E+00    0.13107E+02
    0.86041E+00    0.12643E+02
    0.87780E+00    0.12198E+02
    0.89553E+00    0.11770E+02
    0.91362E+00    0.11358E+02
    0.93208E+00    0.10962E+02
    0.95091E+00    0.10582E+02
    0.97011E+00    0.10216E+02
    0.98971E+00    0.98642E+01
    0.10097E+01    0.95259E+01
    0.10301E+01    0.92005E+01
    0.10509E+01    0.88875E+01
    0.10721E+01    0.85864E+01
    0.10938E+01    0.82968E+01
    0.11159E+01    0.80181E+01
    0.11384E+01    0.77500E+01
    0.11614E+01    0.74919E+01
    0.11849E+01    0.72436E+01
    0.12088E+01    0.70046E+01
    0.12333E+01    0.67746E+01
    0.12582E+01    0.65532E+01
    0.12836E+01    0.63400E+01
    0.13095E+01    0.61347E+01
    0.13360E+01    0.59370E+01
    0.13630E+01    0.57466E+01
    0.13905E+01    0.55631E+01
    0.14186E+01    0.53864E+01
    0.14472E+01    0.52161E+01
    0.14765E+01    0.50520E+01
    0.15063E+01    0.48938E+01
    0.15367E+01    0.47413E+01
    0.15678E+01    0.45943E+01
    0.15994E+01    0.44525E+01
    0.16318E+01    0.43158E+01
    0.16647E+01    0.41839E+01
    0.16984E+01    0.40567E+01
    0.17327E+01    0.39340E+01
    0.17677E+01    0.38156E+01
    0.18034E+01    0.37012E+01
    0.18398E+01    0.35909E+01
    0.18770E+01    0.34843E+01
    0.19149E+01    0.33814E+01
    0.19536E+01    0.32819E+01
    0.19930E+01    0.31859E+01
    0.20333E+01    0.30930E+01
    0.20744E+01    0.30033E+01
    0.21163E+01    0.29165E+01
    0.21590E+01    0.28326E+01
    0.22026E+01    0.27514E+01
    0.22471E+01    0.26729E+01
    0.22925E+01    0.25969E+01
    0.23388E+01    0.25234E+01
    0.23861E+01    0.24522E+01
    0.24343E+01    0.23833E+01
    0.24835E+01    0.23165E+01
    0.25336E+01    0.22519E+01
    0.25848E+01    0.21893E+01
    0.26370E+01    0.21286E+01
    0.26903E+01    0.20697E+01
    0.27447E+01    0.20127E+01
    0.28001E+01    0.19573E+01
    0.28567E+01    0.19037E+01
    0.29144E+01    0.18516E+01
    0.29733E+01    0.18010E+01
    0.30333E+01    0.17520E+01
    0.30946E+01    0.17044E+01
    0.31571E+01    0.16581E+01
    0.32209E+01    0.16132E+01
    0.32860E+01    0.15696E+01
    0.33523E+01    0.15272E+01
    0.34201E+01    0.14860E+01
    0.34892E+01    0.14459E+01
    0.35596E+01    0.14070E+01
    0.36316E+01    0.13691E+01
    0.37049E+01    0.13323E+01
    0.37798E+01    0.12965E+01
    0.38561E+01    0.12616E+01
    0.39340E+01    0.12277E+01
    0.40135E+01    0.11947E+01
    0.40946E+01    0.11625E+01
    0.41773E+01    0.11312E+01
    0.42617E+01    0.11008E+01
    0.43478E+01    0.10711E+01
    0.44356E+01    0.10422E+01
    0.45252E+01    0.10140E+01
    0.46166E+01    0.98652E+00
    0.47099E+01    0.95977E+00
    0.48050E+01    0.93369E+00
    0.49021E+01    0.90827E+00
    0.50011E+01    0.88349E+00
    0.51021E+01    0.85933E+00
    0.52052E+01    0.83578E+00
    0.53104E+01    0.81281E+00
    0.54176E+01    0.79041E+00
    0.55271E+01    0.76856E+00
    0.56387E+01    0.74726E+00
    0.57526E+01    0.72647E+00
    0.58689E+01    0.70620E+00
    0.59874E+01    0.68642E+00
    0.61084E+01    0.66713E+00
    0.62318E+01    0.64831E+00
    0.63577E+01    0.62995E+00
    0.64861E+01    0.61203E+00
    0.66171E+01    0.59456E+00
    0.67508E+01    0.57750E+00
    0.68872E+01    0.56087E+00
    0.70263E+01    0.54464E+00
    0.71682E+01    0.52881E+00
    0.73130E+01    0.51336E+00
    0.74608E+01    0.49829E+00
    0.76115E+01    0.48360E+00
    0.77653E+01    0.46926E+00
    0.79221E+01    0.45528E+00
    0.80822E+01    0.44165E+00
    0.82454E+01    0.42835E+00
    0.84120E+01    0.41539E+00
    0.85819E+01    0.40275E+00
    0.87553E+01    0.39042E+00
    0.89322E+01    0.37841E+00
    0.91126E+01    0.36670E+00
    0.92967E+01    0.35528E+00
    0.94845E+01    0.34416E+00
    0.96761E+01    0.33332E+00
    0.98716E+01    0.32277E+00
    0.10071E+02    0.31249E+00
    0.10274E+02    0.30248E+00
    0.10482E+02    0.29273E+00
    0.10694E+02    0.28325E+00
    0.10910E+02    0.27403E+00
    0.11130E+02    0.26505E+00
    0.11355E+02    0.25632E+00
    0.11584E+02    0.24783E+00
    0.11818E+02    0.23957E+00
    0.12057E+02    0.23155E+00
    0.12301E+02    0.22375E+00
    0.12549E+02    0.21617E+00
    0.12803E+02    0.20881E+00
    0.13061E+02    0.20166E+00
    0.13325E+02    0.19472E+00
    0.13594E+02    0.18798E+00
    0.13869E+02    0.18143E+00
    0.14149E+02    0.17508E+00
    0.14435E+02    0.16891E+00
    0.14727E+02    0.16292E+00
    0.15024E+02    0.15711E+00
    0.15328E+02    0.15148E+00
    0.15637E+02    0.14602E+00
    0.15953E+02    0.14072E+00
    0.16275E+02    0.13558E+00
    0.16604E+02    0.13059E+00
    0.16940E+02    0.12577E+00
    0.17282E+02    0.12109E+00
    0.17631E+02    0.11655E+00
    0.17987E+02    0.11216E+00
    0.18351E+02    0.10791E+00
    0.18721E+02    0.10379E+00
    0.19099E+02    0.99817E-01
    0.19485E+02    0.95974E-01
    0.19879E+02    0.92263E-01
    0.20280E+02    0.88681E-01
    0.20690E+02    0.85226E-01
    0.21108E+02    0.81895E-01
    0.21535E+02    0.78685E-01
    0.21970E+02    0.75593E-01
    0.22413E+02    0.72616E-01
    0.22866E+02    0.69752E-01
    0.23328E+02    0.66997E-01
    0.23799E+02    0.64348E-01
    0.24280E+02    0.61802E-01
