#           k/h    P           
    0.10000E-03    0.68898E+02
    0.10202E-03    0.70233E+02
    0.10408E-03    0.71593E+02
    0.10618E-03    0.72981E+02
    0.10833E-03    0.74395E+02
    0.11052E-03    0.75836E+02
    0.11275E-03    0.77305E+02
    0.11503E-03    0.78803E+02
    0.11735E-03    0.80330E+02
    0.11972E-03    0.81886E+02
    0.12214E-03    0.83472E+02
    0.12461E-03    0.85089E+02
    0.12712E-03    0.86737E+02
    0.12969E-03    0.88418E+02
    0.13231E-03    0.90130E+02
    0.13499E-03    0.91876E+02
    0.13771E-03    0.93655E+02
    0.14049E-03    0.95469E+02
    0.14333E-03    0.97318E+02
    0.14623E-03    0.99203E+02
    0.14918E-03    0.10112E+03
    0.15220E-03    0.10308E+03
    0.15527E-03    0.10508E+03
    0.15841E-03    0.10711E+03
    0.16161E-03    0.10919E+03
    0.16487E-03    0.11130E+03
    0.16820E-03    0.11346E+03
    0.17160E-03    0.11565E+03
    0.17507E-03    0.11789E+03
    0.17860E-03    0.12017E+03
    0.18221E-03    0.12250E+03
    0.18589E-03    0.12487E+03
    0.18965E-03    0.12729E+03
    0.19348E-03    0.12975E+03
    0.19739E-03    0.13226E+03
    0.20138E-03    0.13482E+03
    0.20544E-03    0.13743E+03
    0.20959E-03    0.14009E+03
    0.21383E-03    0.14280E+03
    0.21815E-03    0.14556E+03
    0.22255E-03    0.14837E+03
    0.22705E-03    0.15124E+03
    0.23164E-03    0.15417E+03
    0.23632E-03    0.15715E+03
    0.24109E-03    0.16019E+03
    0.24596E-03    0.16329E+03
    0.25093E-03    0.16644E+03
    0.25600E-03    0.16966E+03
    0.26117E-03    0.17294E+03
    0.26645E-03    0.17628E+03
    0.27183E-03    0.17968E+03
    0.27732E-03    0.18316E+03
    0.28292E-03    0.18669E+03
    0.28864E-03    0.19030E+03
    0.29447E-03    0.19397E+03
    0.30042E-03    0.19772E+03
    0.30649E-03    0.20154E+03
    0.31268E-03    0.20542E+03
    0.31899E-03    0.20939E+03
    0.32544E-03    0.21343E+03
    0.33201E-03    0.21755E+03
    0.33872E-03    0.22174E+03
    0.34556E-03    0.22602E+03
    0.35254E-03    0.23037E+03
    0.35966E-03    0.23481E+03
    0.36693E-03    0.23934E+03
    0.37434E-03    0.24395E+03
    0.38190E-03    0.24865E+03
    0.38962E-03    0.25343E+03
    0.39749E-03    0.25831E+03
    0.40552E-03    0.26328E+03
    0.41371E-03    0.26835E+03
    0.42207E-03    0.27351E+03
    0.43060E-03    0.27877E+03
    0.43929E-03    0.28413E+03
    0.44817E-03    0.28958E+03
    0.45722E-03    0.29515E+03
    0.46646E-03    0.30081E+03
    0.47588E-03    0.30659E+03
    0.48550E-03    0.31247E+03
    0.49530E-03    0.31846E+03
    0.50531E-03    0.32457E+03
    0.51552E-03    0.33079E+03
    0.52593E-03    0.33712E+03
    0.53656E-03    0.34358E+03
    0.54739E-03    0.35015E+03
    0.55845E-03    0.35685E+03
    0.56973E-03    0.36367E+03
    0.58124E-03    0.37062E+03
    0.59299E-03    0.37769E+03
    0.60496E-03    0.38490E+03
    0.61719E-03    0.39224E+03
    0.62965E-03    0.39972E+03
    0.64237E-03    0.40733E+03
    0.65535E-03    0.41509E+03
    0.66859E-03    0.42298E+03
    0.68210E-03    0.43102E+03
    0.69588E-03    0.43921E+03
    0.70993E-03    0.44755E+03
    0.72427E-03    0.45604E+03
    0.73891E-03    0.46468E+03
    0.75383E-03    0.47348E+03
    0.76906E-03    0.48244E+03
    0.78460E-03    0.49156E+03
    0.80045E-03    0.50084E+03
    0.81662E-03    0.51029E+03
    0.83311E-03    0.51991E+03
    0.84994E-03    0.52970E+03
    0.86711E-03    0.53966E+03
    0.88463E-03    0.54981E+03
    0.90250E-03    0.56013E+03
    0.92073E-03    0.57063E+03
    0.93933E-03    0.58132E+03
    0.95831E-03    0.59219E+03
    0.97767E-03    0.60326E+03
    0.99742E-03    0.61451E+03
    0.10176E-02    0.62597E+03
    0.10381E-02    0.63762E+03
    0.10591E-02    0.64947E+03
    0.10805E-02    0.66152E+03
    0.11023E-02    0.67378E+03
    0.11246E-02    0.68625E+03
    0.11473E-02    0.69893E+03
    0.11705E-02    0.71182E+03
    0.11941E-02    0.72493E+03
    0.12182E-02    0.73826E+03
    0.12429E-02    0.75181E+03
    0.12680E-02    0.76558E+03
    0.12936E-02    0.77959E+03
    0.13197E-02    0.79382E+03
    0.13464E-02    0.80829E+03
    0.13736E-02    0.82299E+03
    0.14013E-02    0.83792E+03
    0.14296E-02    0.85310E+03
    0.14585E-02    0.86852E+03
    0.14880E-02    0.88419E+03
    0.15180E-02    0.90010E+03
    0.15487E-02    0.91626E+03
    0.15800E-02    0.93268E+03
    0.16119E-02    0.94935E+03
    0.16445E-02    0.96627E+03
    0.16777E-02    0.98346E+03
    0.17116E-02    0.10009E+04
    0.17462E-02    0.10186E+04
    0.17814E-02    0.10366E+04
    0.18174E-02    0.10548E+04
    0.18541E-02    0.10733E+04
    0.18916E-02    0.10921E+04
    0.19298E-02    0.11112E+04
    0.19688E-02    0.11305E+04
    0.20086E-02    0.11501E+04
    0.20491E-02    0.11699E+04
    0.20905E-02    0.11901E+04
    0.21328E-02    0.12105E+04
    0.21758E-02    0.12312E+04
    0.22198E-02    0.12522E+04
    0.22646E-02    0.12735E+04
    0.23104E-02    0.12950E+04
    0.23571E-02    0.13168E+04
    0.24047E-02    0.13389E+04
    0.24533E-02    0.13613E+04
    0.25028E-02    0.13840E+04
    0.25534E-02    0.14069E+04
    0.26050E-02    0.14301E+04
    0.26576E-02    0.14536E+04
    0.27113E-02    0.14774E+04
    0.27660E-02    0.15014E+04
    0.28219E-02    0.15258E+04
    0.28789E-02    0.15504E+04
    0.29371E-02    0.15752E+04
    0.29964E-02    0.16004E+04
    0.30569E-02    0.16258E+04
    0.31187E-02    0.16515E+04
    0.31817E-02    0.16774E+04
    0.32460E-02    0.17036E+04
    0.33115E-02    0.17300E+04
    0.33784E-02    0.17567E+04
    0.34467E-02    0.17837E+04
    0.35163E-02    0.18109E+04
    0.35874E-02    0.18383E+04
    0.36598E-02    0.18660E+04
    0.37338E-02    0.18939E+04
    0.38092E-02    0.19220E+04
    0.38861E-02    0.19503E+04
    0.39646E-02    0.19788E+04
    0.40447E-02    0.20076E+04
    0.41264E-02    0.20365E+04
    0.42098E-02    0.20657E+04
    0.42948E-02    0.20950E+04
    0.43816E-02    0.21245E+04
    0.44701E-02    0.21542E+04
    0.45604E-02    0.21840E+04
    0.46525E-02    0.22138E+04
    0.47465E-02    0.22438E+04
    0.48424E-02    0.22738E+04
    0.49402E-02    0.23039E+04
    0.50400E-02    0.23342E+04
    0.51419E-02    0.23646E+04
    0.52457E-02    0.23951E+04
    0.53517E-02    0.24258E+04
    0.54598E-02    0.24565E+04
    0.55701E-02    0.24873E+04
    0.56826E-02    0.25180E+04
    0.57974E-02    0.25488E+04
    0.59145E-02    0.25795E+04
    0.60340E-02    0.26102E+04
    0.61559E-02    0.26408E+04
    0.62803E-02    0.26713E+04
    0.64072E-02    0.27018E+04
    0.65366E-02    0.27322E+04
    0.66686E-02    0.27624E+04
    0.68033E-02    0.27926E+04
    0.69408E-02    0.28225E+04
    0.70810E-02    0.28523E+04
    0.72240E-02    0.28818E+04
    0.73700E-02    0.29111E+04
    0.75189E-02    0.29402E+04
    0.76708E-02    0.29690E+04
    0.78257E-02    0.29974E+04
    0.79838E-02    0.30256E+04
    0.81451E-02    0.30533E+04
    0.83096E-02    0.30807E+04
    0.84775E-02    0.31077E+04
    0.86488E-02    0.31342E+04
    0.88235E-02    0.31603E+04
    0.90017E-02    0.31858E+04
    0.91836E-02    0.32109E+04
    0.93691E-02    0.32353E+04
    0.95583E-02    0.32592E+04
    0.97514E-02    0.32824E+04
    0.99484E-02    0.33050E+04
    0.10149E-01    0.33269E+04
    0.10354E-01    0.33480E+04
    0.10564E-01    0.33684E+04
    0.10777E-01    0.33880E+04
    0.10995E-01    0.34067E+04
    0.11217E-01    0.34245E+04
    0.11443E-01    0.34415E+04
    0.11675E-01    0.34574E+04
    0.11910E-01    0.34724E+04
    0.12151E-01    0.34864E+04
    0.12397E-01    0.34993E+04
    0.12647E-01    0.35111E+04
    0.12902E-01    0.35219E+04
    0.13163E-01    0.35314E+04
    0.13429E-01    0.35397E+04
    0.13700E-01    0.35465E+04
    0.13977E-01    0.35519E+04
    0.14259E-01    0.35559E+04
    0.14547E-01    0.35586E+04
    0.14841E-01    0.35602E+04
    0.15141E-01    0.35609E+04
    0.15447E-01    0.35607E+04
    0.15759E-01    0.35595E+04
    0.16077E-01    0.35570E+04
    0.16402E-01    0.35529E+04
    0.16734E-01    0.35469E+04
    0.17072E-01    0.35387E+04
    0.17416E-01    0.35285E+04
    0.17768E-01    0.35162E+04
    0.18127E-01    0.35022E+04
    0.18493E-01    0.34867E+04
    0.18867E-01    0.34696E+04
    0.19248E-01    0.34510E+04
    0.19637E-01    0.34307E+04
    0.20034E-01    0.34085E+04
    0.20438E-01    0.33842E+04
    0.20851E-01    0.33576E+04
    0.21272E-01    0.33290E+04
    0.21702E-01    0.32985E+04
    0.22141E-01    0.32664E+04
    0.22588E-01    0.32329E+04
    0.23044E-01    0.31982E+04
    0.23510E-01    0.31624E+04
    0.23985E-01    0.31253E+04
    0.24469E-01    0.30872E+04
    0.24964E-01    0.30479E+04
    0.25468E-01    0.30076E+04
    0.25982E-01    0.29661E+04
    0.26507E-01    0.29236E+04
    0.27043E-01    0.28799E+04
    0.27589E-01    0.28351E+04
    0.28146E-01    0.27893E+04
    0.28715E-01    0.27425E+04
    0.29295E-01    0.26949E+04
    0.29887E-01    0.26466E+04
    0.30490E-01    0.25978E+04
    0.31106E-01    0.25485E+04
    0.31735E-01    0.24991E+04
    0.32376E-01    0.24497E+04
    0.33030E-01    0.24004E+04
    0.33697E-01    0.23514E+04
    0.34378E-01    0.23029E+04
    0.35072E-01    0.22551E+04
    0.35781E-01    0.22079E+04
    0.36504E-01    0.21615E+04
    0.37241E-01    0.21161E+04
    0.37993E-01    0.20716E+04
    0.38761E-01    0.20282E+04
    0.39544E-01    0.19859E+04
    0.40343E-01    0.19448E+04
    0.41158E-01    0.19050E+04
    0.41989E-01    0.18665E+04
    0.42838E-01    0.18294E+04
    0.43703E-01    0.17939E+04
    0.44586E-01    0.17602E+04
    0.45486E-01    0.17282E+04
    0.46405E-01    0.16980E+04
    0.47343E-01    0.16695E+04
    0.48299E-01    0.16425E+04
    0.49275E-01    0.16168E+04
    0.50270E-01    0.15924E+04
    0.51286E-01    0.15691E+04
    0.52322E-01    0.15467E+04
    0.53379E-01    0.15252E+04
    0.54457E-01    0.15045E+04
    0.55557E-01    0.14843E+04
    0.56680E-01    0.14646E+04
    0.57825E-01    0.14452E+04
    0.58993E-01    0.14259E+04
    0.60184E-01    0.14064E+04
    0.61400E-01    0.13866E+04
    0.62641E-01    0.13662E+04
    0.63906E-01    0.13448E+04
    0.65197E-01    0.13222E+04
    0.66514E-01    0.12980E+04
    0.67858E-01    0.12723E+04
    0.69229E-01    0.12454E+04
    0.70627E-01    0.12176E+04
    0.72054E-01    0.11886E+04
    0.73510E-01    0.11578E+04
    0.74994E-01    0.11250E+04
    0.76509E-01    0.10904E+04
    0.78055E-01    0.10548E+04
    0.79632E-01    0.10187E+04
    0.81241E-01    0.98237E+03
    0.82882E-01    0.94609E+03
    0.84556E-01    0.91014E+03
    0.86264E-01    0.87491E+03
    0.88007E-01    0.84073E+03
    0.89785E-01    0.80796E+03
    0.91598E-01    0.77693E+03
    0.93449E-01    0.74791E+03
    0.95337E-01    0.72118E+03
    0.97263E-01    0.69695E+03
    0.99227E-01    0.67532E+03
    0.10123E+00    0.65625E+03
    0.10328E+00    0.63968E+03
    0.10536E+00    0.62533E+03
    0.10749E+00    0.61290E+03
    0.10966E+00    0.60198E+03
    0.11188E+00    0.59209E+03
    0.11414E+00    0.58276E+03
    0.11644E+00    0.57347E+03
    0.11880E+00    0.56375E+03
    0.12120E+00    0.55319E+03
    0.12365E+00    0.54143E+03
    0.12614E+00    0.52822E+03
    0.12869E+00    0.51343E+03
    0.13129E+00    0.49708E+03
    0.13394E+00    0.47932E+03
    0.13665E+00    0.46045E+03
    0.13941E+00    0.44085E+03
    0.14223E+00    0.42102E+03
    0.14510E+00    0.40151E+03
    0.14803E+00    0.38290E+03
    0.15102E+00    0.36571E+03
    0.15407E+00    0.35036E+03
    0.15718E+00    0.33705E+03
    0.16036E+00    0.32581E+03
    0.16360E+00    0.31643E+03
    0.16690E+00    0.30861E+03
    0.17028E+00    0.30194E+03
    0.17371E+00    0.29596E+03
    0.17722E+00    0.29018E+03
    0.18080E+00    0.28405E+03
    0.18446E+00    0.27711E+03
    0.18818E+00    0.26904E+03
    0.19198E+00    0.25980E+03
    0.19586E+00    0.24960E+03
    0.19982E+00    0.23883E+03
    0.20386E+00    0.22795E+03
    0.20797E+00    0.21741E+03
    0.21218E+00    0.20764E+03
    0.21646E+00    0.19899E+03
    0.22083E+00    0.19161E+03
    0.22530E+00    0.18546E+03
    0.22985E+00    0.18029E+03
    0.23449E+00    0.17573E+03
    0.23923E+00    0.17135E+03
    0.24406E+00    0.16675E+03
    0.24899E+00    0.16164E+03
    0.25402E+00    0.15593E+03
    0.25915E+00    0.14975E+03
    0.26439E+00    0.14338E+03
    0.26973E+00    0.13714E+03
    0.27518E+00    0.13134E+03
    0.28074E+00    0.12619E+03
    0.28641E+00    0.12174E+03
    0.29219E+00    0.11788E+03
    0.29810E+00    0.11435E+03
    0.30412E+00    0.11091E+03
    0.31026E+00    0.10732E+03
    0.31653E+00    0.10350E+03
    0.32292E+00    0.99484E+02
    0.32945E+00    0.95458E+02
    0.33610E+00    0.91610E+02
    0.34289E+00    0.88082E+02
    0.34982E+00    0.84916E+02
    0.35689E+00    0.82046E+02
    0.36409E+00    0.79339E+02
    0.37145E+00    0.76660E+02
    0.37895E+00    0.73923E+02
    0.38661E+00    0.71141E+02
    0.39442E+00    0.68403E+02
    0.40239E+00    0.65797E+02
    0.41052E+00    0.63375E+02
    0.41881E+00    0.61136E+02
    0.42727E+00    0.59014E+02
    0.43590E+00    0.56943E+02
    0.44471E+00    0.54887E+02
    0.45369E+00    0.52856E+02
    0.46286E+00    0.50893E+02
    0.47221E+00    0.49033E+02
    0.48174E+00    0.47278E+02
    0.49148E+00    0.45607E+02
    0.50141E+00    0.43987E+02
    0.51153E+00    0.42402E+02
    0.52187E+00    0.40864E+02
    0.53241E+00    0.39387E+02
    0.54317E+00    0.37980E+02
    0.55414E+00    0.36634E+02
    0.56533E+00    0.35337E+02
    0.57675E+00    0.34079E+02
    0.58840E+00    0.32865E+02
    0.60029E+00    0.31699E+02
    0.61242E+00    0.30580E+02
    0.62479E+00    0.29506E+02
    0.63741E+00    0.28472E+02
    0.65029E+00    0.27477E+02
    0.66342E+00    0.26519E+02
    0.67683E+00    0.25597E+02
    0.69050E+00    0.24709E+02
    0.70445E+00    0.23854E+02
    0.71868E+00    0.23031E+02
    0.73320E+00    0.22239E+02
    0.74801E+00    0.21476E+02
    0.76312E+00    0.20743E+02
    0.77854E+00    0.20036E+02
    0.79426E+00    0.19356E+02
    0.81031E+00    0.18702E+02
    0.82668E+00    0.18072E+02
    0.84338E+00    0.17466E+02
    0.86041E+00    0.16883E+02
    0.87780E+00    0.16322E+02
    0.89553E+00    0.15781E+02
    0.91362E+00    0.15261E+02
    0.93208E+00    0.14761E+02
    0.95091E+00    0.14279E+02
    0.97011E+00    0.13815E+02
    0.98971E+00    0.13368E+02
    0.10097E+01    0.12937E+02
    0.10301E+01    0.12522E+02
    0.10509E+01    0.12123E+02
    0.10721E+01    0.11738E+02
    0.10938E+01    0.11367E+02
    0.11159E+01    0.11010E+02
    0.11384E+01    0.10665E+02
    0.11614E+01    0.10333E+02
    0.11849E+01    0.10013E+02
    0.12088E+01    0.97039E+01
    0.12333E+01    0.94061E+01
    0.12582E+01    0.91189E+01
    0.12836E+01    0.88418E+01
    0.13095E+01    0.85745E+01
    0.13360E+01    0.83165E+01
    0.13630E+01    0.80674E+01
    0.13905E+01    0.78270E+01
    0.14186E+01    0.75949E+01
    0.14472E+01    0.73707E+01
    0.14765E+01    0.71541E+01
    0.15063E+01    0.69449E+01
    0.15367E+01    0.67427E+01
    0.15678E+01    0.65473E+01
    0.15994E+01    0.63584E+01
    0.16318E+01    0.61758E+01
    0.16647E+01    0.59992E+01
    0.16984E+01    0.58284E+01
    0.17327E+01    0.56632E+01
    0.17677E+01    0.55033E+01
    0.18034E+01    0.53486E+01
    0.18398E+01    0.51989E+01
    0.18770E+01    0.50539E+01
    0.19149E+01    0.49135E+01
    0.19536E+01    0.47775E+01
    0.19930E+01    0.46457E+01
    0.20333E+01    0.45180E+01
    0.20744E+01    0.43942E+01
    0.21163E+01    0.42741E+01
    0.21590E+01    0.41577E+01
    0.22026E+01    0.40448E+01
    0.22471E+01    0.39352E+01
    0.22925E+01    0.38289E+01
    0.23388E+01    0.37257E+01
    0.23861E+01    0.36255E+01
    0.24343E+01    0.35283E+01
    0.24835E+01    0.34338E+01
    0.25336E+01    0.33420E+01
    0.25848E+01    0.32528E+01
    0.26370E+01    0.31661E+01
    0.26903E+01    0.30819E+01
    0.27447E+01    0.29999E+01
    0.28001E+01    0.29203E+01
    0.28567E+01    0.28428E+01
    0.29144E+01    0.27674E+01
    0.29733E+01    0.26940E+01
    0.30333E+01    0.26226E+01
    0.30946E+01    0.25531E+01
    0.31571E+01    0.24855E+01
    0.32209E+01    0.24196E+01
    0.32860E+01    0.23554E+01
    0.33523E+01    0.22929E+01
    0.34201E+01    0.22320E+01
    0.34892E+01    0.21726E+01
    0.35596E+01    0.21148E+01
    0.36316E+01    0.20584E+01
    0.37049E+01    0.20034E+01
    0.37798E+01    0.19499E+01
    0.38561E+01    0.18976E+01
    0.39340E+01    0.18467E+01
    0.40135E+01    0.17970E+01
    0.40946E+01    0.17485E+01
    0.41773E+01    0.17013E+01
    0.42617E+01    0.16552E+01
    0.43478E+01    0.16102E+01
    0.44356E+01    0.15663E+01
    0.45252E+01    0.15234E+01
    0.46166E+01    0.14816E+01
    0.47099E+01    0.14408E+01
    0.48050E+01    0.14010E+01
    0.49021E+01    0.13621E+01
    0.50011E+01    0.13242E+01
    0.51021E+01    0.12872E+01
    0.52052E+01    0.12510E+01
    0.53104E+01    0.12158E+01
    0.54176E+01    0.11814E+01
    0.55271E+01    0.11478E+01
    0.56387E+01    0.11150E+01
    0.57526E+01    0.10830E+01
    0.58689E+01    0.10518E+01
    0.59874E+01    0.10213E+01
    0.61084E+01    0.99156E+00
    0.62318E+01    0.96255E+00
    0.63577E+01    0.93424E+00
    0.64861E+01    0.90662E+00
    0.66171E+01    0.87967E+00
    0.67508E+01    0.85339E+00
    0.68872E+01    0.82775E+00
    0.70263E+01    0.80275E+00
    0.71682E+01    0.77836E+00
    0.73130E+01    0.75459E+00
    0.74608E+01    0.73141E+00
    0.76115E+01    0.70882E+00
    0.77653E+01    0.68680E+00
    0.79221E+01    0.66535E+00
    0.80822E+01    0.64444E+00
    0.82454E+01    0.62407E+00
    0.84120E+01    0.60423E+00
    0.85819E+01    0.58491E+00
    0.87553E+01    0.56610E+00
    0.89322E+01    0.54778E+00
    0.91126E+01    0.52995E+00
    0.92967E+01    0.51260E+00
    0.94845E+01    0.49571E+00
    0.96761E+01    0.47928E+00
    0.98716E+01    0.46331E+00
    0.10071E+02    0.44778E+00
    0.10274E+02    0.43268E+00
    0.10482E+02    0.41800E+00
    0.10694E+02    0.40375E+00
    0.10910E+02    0.38990E+00
    0.11130E+02    0.37646E+00
    0.11355E+02    0.36340E+00
    0.11584E+02    0.35073E+00
    0.11818E+02    0.33844E+00
    0.12057E+02    0.32651E+00
    0.12301E+02    0.31494E+00
    0.12549E+02    0.30372E+00
    0.12803E+02    0.29284E+00
    0.13061E+02    0.28230E+00
    0.13325E+02    0.27209E+00
    0.13594E+02    0.26219E+00
    0.13869E+02    0.25260E+00
    0.14149E+02    0.24331E+00
    0.14435E+02    0.23431E+00
    0.14727E+02    0.22560E+00
    0.15024E+02    0.21716E+00
    0.15328E+02    0.20900E+00
    0.15637E+02    0.20110E+00
    0.15953E+02    0.19345E+00
    0.16275E+02    0.18606E+00
    0.16604E+02    0.17890E+00
    0.16940E+02    0.17199E+00
    0.17282E+02    0.16530E+00
    0.17631E+02    0.15883E+00
    0.17987E+02    0.15258E+00
    0.18351E+02    0.14655E+00
    0.18721E+02    0.14072E+00
    0.19099E+02    0.13510E+00
    0.19485E+02    0.12968E+00
    0.19879E+02    0.12446E+00
    0.20280E+02    0.11943E+00
    0.20690E+02    0.11459E+00
    0.21108E+02    0.10993E+00
    0.21535E+02    0.10545E+00
    0.21970E+02    0.10114E+00
    0.22413E+02    0.96998E-01
    0.22866E+02    0.93020E-01
    0.23328E+02    0.89201E-01
    0.23799E+02    0.85536E-01
    0.24280E+02    0.82019E-01
