#           k/h    P           
    0.10000E-03    0.35794E+03
    0.10202E-03    0.36488E+03
    0.10408E-03    0.37195E+03
    0.10618E-03    0.37915E+03
    0.10833E-03    0.38650E+03
    0.11052E-03    0.39399E+03
    0.11275E-03    0.40162E+03
    0.11503E-03    0.40940E+03
    0.11735E-03    0.41733E+03
    0.11972E-03    0.42541E+03
    0.12214E-03    0.43365E+03
    0.12461E-03    0.44205E+03
    0.12712E-03    0.45061E+03
    0.12969E-03    0.45934E+03
    0.13231E-03    0.46824E+03
    0.13499E-03    0.47731E+03
    0.13771E-03    0.48655E+03
    0.14049E-03    0.49597E+03
    0.14333E-03    0.50557E+03
    0.14623E-03    0.51536E+03
    0.14918E-03    0.52534E+03
    0.15220E-03    0.53551E+03
    0.15527E-03    0.54588E+03
    0.15841E-03    0.55645E+03
    0.16161E-03    0.56722E+03
    0.16487E-03    0.57820E+03
    0.16820E-03    0.58939E+03
    0.17160E-03    0.60080E+03
    0.17507E-03    0.61242E+03
    0.17860E-03    0.62428E+03
    0.18221E-03    0.63636E+03
    0.18589E-03    0.64867E+03
    0.18965E-03    0.66122E+03
    0.19348E-03    0.67401E+03
    0.19739E-03    0.68705E+03
    0.20138E-03    0.70034E+03
    0.20544E-03    0.71389E+03
    0.20959E-03    0.72769E+03
    0.21383E-03    0.74176E+03
    0.21815E-03    0.75611E+03
    0.22255E-03    0.77072E+03
    0.22705E-03    0.78562E+03
    0.23164E-03    0.80081E+03
    0.23632E-03    0.81629E+03
    0.24109E-03    0.83206E+03
    0.24596E-03    0.84814E+03
    0.25093E-03    0.86452E+03
    0.25600E-03    0.88122E+03
    0.26117E-03    0.89824E+03
    0.26645E-03    0.91559E+03
    0.27183E-03    0.93327E+03
    0.27732E-03    0.95129E+03
    0.28292E-03    0.96965E+03
    0.28864E-03    0.98837E+03
    0.29447E-03    0.10074E+04
    0.30042E-03    0.10269E+04
    0.30649E-03    0.10467E+04
    0.31268E-03    0.10669E+04
    0.31899E-03    0.10874E+04
    0.32544E-03    0.11084E+04
    0.33201E-03    0.11298E+04
    0.33872E-03    0.11515E+04
    0.34556E-03    0.11737E+04
    0.35254E-03    0.11963E+04
    0.35966E-03    0.12194E+04
    0.36693E-03    0.12428E+04
    0.37434E-03    0.12667E+04
    0.38190E-03    0.12911E+04
    0.38962E-03    0.13160E+04
    0.39749E-03    0.13413E+04
    0.40552E-03    0.13670E+04
    0.41371E-03    0.13933E+04
    0.42207E-03    0.14201E+04
    0.43060E-03    0.14473E+04
    0.43929E-03    0.14751E+04
    0.44817E-03    0.15034E+04
    0.45722E-03    0.15323E+04
    0.46646E-03    0.15616E+04
    0.47588E-03    0.15916E+04
    0.48550E-03    0.16221E+04
    0.49530E-03    0.16531E+04
    0.50531E-03    0.16848E+04
    0.51552E-03    0.17170E+04
    0.52593E-03    0.17498E+04
    0.53656E-03    0.17833E+04
    0.54739E-03    0.18174E+04
    0.55845E-03    0.18521E+04
    0.56973E-03    0.18874E+04
    0.58124E-03    0.19234E+04
    0.59299E-03    0.19601E+04
    0.60496E-03    0.19974E+04
    0.61719E-03    0.20354E+04
    0.62965E-03    0.20741E+04
    0.64237E-03    0.21136E+04
    0.65535E-03    0.21537E+04
    0.66859E-03    0.21946E+04
    0.68210E-03    0.22363E+04
    0.69588E-03    0.22787E+04
    0.70993E-03    0.23218E+04
    0.72427E-03    0.23658E+04
    0.73891E-03    0.24105E+04
    0.75383E-03    0.24561E+04
    0.76906E-03    0.25025E+04
    0.78460E-03    0.25497E+04
    0.80045E-03    0.25978E+04
    0.81662E-03    0.26467E+04
    0.83311E-03    0.26965E+04
    0.84994E-03    0.27471E+04
    0.86711E-03    0.27987E+04
    0.88463E-03    0.28512E+04
    0.90250E-03    0.29046E+04
    0.92073E-03    0.29590E+04
    0.93933E-03    0.30143E+04
    0.95831E-03    0.30706E+04
    0.97767E-03    0.31279E+04
    0.99742E-03    0.31861E+04
    0.10176E-02    0.32454E+04
    0.10381E-02    0.33057E+04
    0.10591E-02    0.33670E+04
    0.10805E-02    0.34294E+04
    0.11023E-02    0.34929E+04
    0.11246E-02    0.35574E+04
    0.11473E-02    0.36231E+04
    0.11705E-02    0.36898E+04
    0.11941E-02    0.37577E+04
    0.12182E-02    0.38267E+04
    0.12429E-02    0.38968E+04
    0.12680E-02    0.39681E+04
    0.12936E-02    0.40406E+04
    0.13197E-02    0.41143E+04
    0.13464E-02    0.41892E+04
    0.13736E-02    0.42653E+04
    0.14013E-02    0.43426E+04
    0.14296E-02    0.44212E+04
    0.14585E-02    0.45010E+04
    0.14880E-02    0.45821E+04
    0.15180E-02    0.46645E+04
    0.15487E-02    0.47482E+04
    0.15800E-02    0.48331E+04
    0.16119E-02    0.49194E+04
    0.16445E-02    0.50071E+04
    0.16777E-02    0.50960E+04
    0.17116E-02    0.51864E+04
    0.17462E-02    0.52780E+04
    0.17814E-02    0.53711E+04
    0.18174E-02    0.54655E+04
    0.18541E-02    0.55613E+04
    0.18916E-02    0.56585E+04
    0.19298E-02    0.57571E+04
    0.19688E-02    0.58572E+04
    0.20086E-02    0.59586E+04
    0.20491E-02    0.60615E+04
    0.20905E-02    0.61658E+04
    0.21328E-02    0.62715E+04
    0.21758E-02    0.63787E+04
    0.22198E-02    0.64873E+04
    0.22646E-02    0.65973E+04
    0.23104E-02    0.67088E+04
    0.23571E-02    0.68218E+04
    0.24047E-02    0.69362E+04
    0.24533E-02    0.70521E+04
    0.25028E-02    0.71694E+04
    0.25534E-02    0.72881E+04
    0.26050E-02    0.74083E+04
    0.26576E-02    0.75300E+04
    0.27113E-02    0.76530E+04
    0.27660E-02    0.77775E+04
    0.28219E-02    0.79034E+04
    0.28789E-02    0.80308E+04
    0.29371E-02    0.81595E+04
    0.29964E-02    0.82896E+04
    0.30569E-02    0.84211E+04
    0.31187E-02    0.85540E+04
    0.31817E-02    0.86882E+04
    0.32460E-02    0.88237E+04
    0.33115E-02    0.89606E+04
    0.33784E-02    0.90988E+04
    0.34467E-02    0.92383E+04
    0.35163E-02    0.93790E+04
    0.35874E-02    0.95210E+04
    0.36598E-02    0.96642E+04
    0.37338E-02    0.98085E+04
    0.38092E-02    0.99538E+04
    0.38861E-02    0.10100E+05
    0.39646E-02    0.10248E+05
    0.40447E-02    0.10396E+05
    0.41264E-02    0.10546E+05
    0.42098E-02    0.10697E+05
    0.42948E-02    0.10850E+05
    0.43816E-02    0.11004E+05
    0.44701E-02    0.11157E+05
    0.45604E-02    0.11311E+05
    0.46525E-02    0.11463E+05
    0.47465E-02    0.11614E+05
    0.48424E-02    0.11765E+05
    0.49402E-02    0.11916E+05
    0.50400E-02    0.12067E+05
    0.51419E-02    0.12221E+05
    0.52457E-02    0.12376E+05
    0.53517E-02    0.12534E+05
    0.54598E-02    0.12693E+05
    0.55701E-02    0.12852E+05
    0.56826E-02    0.13011E+05
    0.57974E-02    0.13169E+05
    0.59145E-02    0.13327E+05
    0.60340E-02    0.13485E+05
    0.61559E-02    0.13642E+05
    0.62803E-02    0.13799E+05
    0.64072E-02    0.13955E+05
    0.65366E-02    0.14111E+05
    0.66686E-02    0.14266E+05
    0.68033E-02    0.14421E+05
    0.69408E-02    0.14575E+05
    0.70810E-02    0.14727E+05
    0.72240E-02    0.14879E+05
    0.73700E-02    0.15029E+05
    0.75189E-02    0.15178E+05
    0.76708E-02    0.15325E+05
    0.78257E-02    0.15471E+05
    0.79838E-02    0.15615E+05
    0.81451E-02    0.15757E+05
    0.83096E-02    0.15897E+05
    0.84775E-02    0.16035E+05
    0.86488E-02    0.16171E+05
    0.88235E-02    0.16304E+05
    0.90017E-02    0.16434E+05
    0.91836E-02    0.16562E+05
    0.93691E-02    0.16687E+05
    0.95583E-02    0.16808E+05
    0.97514E-02    0.16926E+05
    0.99484E-02    0.17041E+05
    0.10149E-01    0.17152E+05
    0.10354E-01    0.17260E+05
    0.10564E-01    0.17363E+05
    0.10777E-01    0.17462E+05
    0.10995E-01    0.17557E+05
    0.11217E-01    0.17647E+05
    0.11443E-01    0.17732E+05
    0.11675E-01    0.17812E+05
    0.11910E-01    0.17888E+05
    0.12151E-01    0.17957E+05
    0.12397E-01    0.18022E+05
    0.12647E-01    0.18081E+05
    0.12902E-01    0.18134E+05
    0.13163E-01    0.18181E+05
    0.13429E-01    0.18221E+05
    0.13700E-01    0.18254E+05
    0.13977E-01    0.18279E+05
    0.14259E-01    0.18297E+05
    0.14547E-01    0.18309E+05
    0.14841E-01    0.18315E+05
    0.15141E-01    0.18316E+05
    0.15447E-01    0.18312E+05
    0.15759E-01    0.18303E+05
    0.16077E-01    0.18288E+05
    0.16402E-01    0.18264E+05
    0.16734E-01    0.18230E+05
    0.17072E-01    0.18186E+05
    0.17416E-01    0.18130E+05
    0.17768E-01    0.18064E+05
    0.18127E-01    0.17990E+05
    0.18493E-01    0.17907E+05
    0.18867E-01    0.17816E+05
    0.19248E-01    0.17718E+05
    0.19637E-01    0.17611E+05
    0.20034E-01    0.17494E+05
    0.20438E-01    0.17366E+05
    0.20851E-01    0.17227E+05
    0.21272E-01    0.17077E+05
    0.21702E-01    0.16918E+05
    0.22141E-01    0.16750E+05
    0.22588E-01    0.16576E+05
    0.23044E-01    0.16395E+05
    0.23510E-01    0.16208E+05
    0.23985E-01    0.16016E+05
    0.24469E-01    0.15817E+05
    0.24964E-01    0.15614E+05
    0.25468E-01    0.15404E+05
    0.25982E-01    0.15189E+05
    0.26507E-01    0.14969E+05
    0.27043E-01    0.14743E+05
    0.27589E-01    0.14511E+05
    0.28146E-01    0.14274E+05
    0.28715E-01    0.14032E+05
    0.29295E-01    0.13787E+05
    0.29887E-01    0.13538E+05
    0.30490E-01    0.13286E+05
    0.31106E-01    0.13032E+05
    0.31735E-01    0.12778E+05
    0.32376E-01    0.12524E+05
    0.33030E-01    0.12270E+05
    0.33697E-01    0.12019E+05
    0.34378E-01    0.11770E+05
    0.35072E-01    0.11524E+05
    0.35781E-01    0.11282E+05
    0.36504E-01    0.11044E+05
    0.37241E-01    0.10811E+05
    0.37993E-01    0.10583E+05
    0.38761E-01    0.10360E+05
    0.39544E-01    0.10144E+05
    0.40343E-01    0.99336E+04
    0.41158E-01    0.97297E+04
    0.41989E-01    0.95326E+04
    0.42838E-01    0.93429E+04
    0.43703E-01    0.91613E+04
    0.44586E-01    0.89885E+04
    0.45486E-01    0.88248E+04
    0.46405E-01    0.86703E+04
    0.47343E-01    0.85242E+04
    0.48299E-01    0.83857E+04
    0.49275E-01    0.82540E+04
    0.50270E-01    0.81286E+04
    0.51286E-01    0.80087E+04
    0.52322E-01    0.78937E+04
    0.53379E-01    0.77832E+04
    0.54457E-01    0.76764E+04
    0.55557E-01    0.75726E+04
    0.56680E-01    0.74710E+04
    0.57825E-01    0.73708E+04
    0.58993E-01    0.72712E+04
    0.60184E-01    0.71710E+04
    0.61400E-01    0.70689E+04
    0.62641E-01    0.69639E+04
    0.63906E-01    0.68542E+04
    0.65197E-01    0.67384E+04
    0.66514E-01    0.66149E+04
    0.67858E-01    0.64843E+04
    0.69229E-01    0.63480E+04
    0.70627E-01    0.62072E+04
    0.72054E-01    0.60606E+04
    0.73510E-01    0.59057E+04
    0.74994E-01    0.57408E+04
    0.76509E-01    0.55678E+04
    0.78055E-01    0.53899E+04
    0.79632E-01    0.52100E+04
    0.81241E-01    0.50294E+04
    0.82882E-01    0.48492E+04
    0.84556E-01    0.46710E+04
    0.86264E-01    0.44965E+04
    0.88007E-01    0.43274E+04
    0.89785E-01    0.41655E+04
    0.91598E-01    0.40122E+04
    0.93449E-01    0.38689E+04
    0.95337E-01    0.37368E+04
    0.97263E-01    0.36171E+04
    0.99227E-01    0.35100E+04
    0.10123E+00    0.34153E+04
    0.10328E+00    0.33327E+04
    0.10536E+00    0.32609E+04
    0.10749E+00    0.31982E+04
    0.10966E+00    0.31428E+04
    0.11188E+00    0.30923E+04
    0.11414E+00    0.30445E+04
    0.11644E+00    0.29969E+04
    0.11880E+00    0.29473E+04
    0.12120E+00    0.28937E+04
    0.12365E+00    0.28345E+04
    0.12614E+00    0.27686E+04
    0.12869E+00    0.26954E+04
    0.13129E+00    0.26151E+04
    0.13394E+00    0.25283E+04
    0.13665E+00    0.24366E+04
    0.13941E+00    0.23417E+04
    0.14223E+00    0.22460E+04
    0.14510E+00    0.21520E+04
    0.14803E+00    0.20624E+04
    0.15102E+00    0.19796E+04
    0.15407E+00    0.19054E+04
    0.15718E+00    0.18409E+04
    0.16036E+00    0.17860E+04
    0.16360E+00    0.17398E+04
    0.16690E+00    0.17008E+04
    0.17028E+00    0.16671E+04
    0.17371E+00    0.16365E+04
    0.17722E+00    0.16069E+04
    0.18080E+00    0.15758E+04
    0.18446E+00    0.15410E+04
    0.18818E+00    0.15012E+04
    0.19198E+00    0.14563E+04
    0.19586E+00    0.14071E+04
    0.19982E+00    0.13556E+04
    0.20386E+00    0.13037E+04
    0.20797E+00    0.12535E+04
    0.21218E+00    0.12069E+04
    0.21646E+00    0.11654E+04
    0.22083E+00    0.11296E+04
    0.22530E+00    0.10993E+04
    0.22985E+00    0.10735E+04
    0.23449E+00    0.10503E+04
    0.23923E+00    0.10280E+04
    0.24406E+00    0.10048E+04
    0.24899E+00    0.97939E+03
    0.25402E+00    0.95148E+03
    0.25915E+00    0.92165E+03
    0.26439E+00    0.89107E+03
    0.26973E+00    0.86115E+03
    0.27518E+00    0.83323E+03
    0.28074E+00    0.80820E+03
    0.28641E+00    0.78623E+03
    0.29219E+00    0.76677E+03
    0.29810E+00    0.74881E+03
    0.30412E+00    0.73123E+03
    0.31026E+00    0.71311E+03
    0.31653E+00    0.69404E+03
    0.32292E+00    0.67428E+03
    0.32945E+00    0.65453E+03
    0.33610E+00    0.63560E+03
    0.34289E+00    0.61805E+03
    0.34982E+00    0.60204E+03
    0.35689E+00    0.58729E+03
    0.36409E+00    0.57325E+03
    0.37145E+00    0.55936E+03
    0.37895E+00    0.54530E+03
    0.38661E+00    0.53111E+03
    0.39442E+00    0.51716E+03
    0.40239E+00    0.50379E+03
    0.41052E+00    0.49120E+03
    0.41881E+00    0.47936E+03
    0.42727E+00    0.46803E+03
    0.43590E+00    0.45694E+03
    0.44471E+00    0.44596E+03
    0.45369E+00    0.43512E+03
    0.46286E+00    0.42459E+03
    0.47221E+00    0.41449E+03
    0.48174E+00    0.40483E+03
    0.49148E+00    0.39553E+03
    0.50141E+00    0.38646E+03
    0.51153E+00    0.37756E+03
    0.52187E+00    0.36887E+03
    0.53241E+00    0.36045E+03
    0.54317E+00    0.35231E+03
    0.55414E+00    0.34444E+03
    0.56533E+00    0.33678E+03
    0.57675E+00    0.32930E+03
    0.58840E+00    0.32200E+03
    0.60029E+00    0.31491E+03
    0.61242E+00    0.30803E+03
    0.62479E+00    0.30133E+03
    0.63741E+00    0.29480E+03
    0.65029E+00    0.28844E+03
    0.66342E+00    0.28224E+03
    0.67683E+00    0.27619E+03
    0.69050E+00    0.27029E+03
    0.70445E+00    0.26453E+03
    0.71868E+00    0.25891E+03
    0.73320E+00    0.25342E+03
    0.74801E+00    0.24805E+03
    0.76312E+00    0.24281E+03
    0.77854E+00    0.23769E+03
    0.79426E+00    0.23268E+03
    0.81031E+00    0.22777E+03
    0.82668E+00    0.22298E+03
    0.84338E+00    0.21828E+03
    0.86041E+00    0.21369E+03
    0.87780E+00    0.20919E+03
    0.89553E+00    0.20478E+03
    0.91362E+00    0.20046E+03
    0.93208E+00    0.19623E+03
    0.95091E+00    0.19208E+03
    0.97011E+00    0.18801E+03
    0.98971E+00    0.18402E+03
    0.10097E+01    0.18011E+03
    0.10301E+01    0.17627E+03
    0.10509E+01    0.17250E+03
    0.10721E+01    0.16880E+03
    0.10938E+01    0.16516E+03
    0.11159E+01    0.16160E+03
    0.11384E+01    0.15809E+03
    0.11614E+01    0.15465E+03
    0.11849E+01    0.15127E+03
    0.12088E+01    0.14794E+03
    0.12333E+01    0.14467E+03
    0.12582E+01    0.14146E+03
    0.12836E+01    0.13830E+03
    0.13095E+01    0.13520E+03
    0.13360E+01    0.13215E+03
    0.13630E+01    0.12915E+03
    0.13905E+01    0.12620E+03
    0.14186E+01    0.12330E+03
    0.14472E+01    0.12045E+03
    0.14765E+01    0.11765E+03
    0.15063E+01    0.11489E+03
    0.15367E+01    0.11218E+03
    0.15678E+01    0.10952E+03
    0.15994E+01    0.10690E+03
    0.16318E+01    0.10432E+03
    0.16647E+01    0.10179E+03
    0.16984E+01    0.99307E+02
    0.17327E+01    0.96862E+02
    0.17677E+01    0.94459E+02
    0.18034E+01    0.92098E+02
    0.18398E+01    0.89779E+02
    0.18770E+01    0.87500E+02
    0.19149E+01    0.85261E+02
    0.19536E+01    0.83063E+02
    0.19930E+01    0.80904E+02
    0.20333E+01    0.78785E+02
    0.20744E+01    0.76704E+02
    0.21163E+01    0.74662E+02
    0.21590E+01    0.72658E+02
    0.22026E+01    0.70692E+02
    0.22471E+01    0.68763E+02
    0.22925E+01    0.66872E+02
    0.23388E+01    0.65017E+02
    0.23861E+01    0.63199E+02
    0.24343E+01    0.61416E+02
    0.24835E+01    0.59670E+02
    0.25336E+01    0.57959E+02
    0.25848E+01    0.56283E+02
    0.26370E+01    0.54643E+02
    0.26903E+01    0.53037E+02
    0.27447E+01    0.51466E+02
    0.28001E+01    0.49929E+02
    0.28567E+01    0.48426E+02
    0.29144E+01    0.46957E+02
    0.29733E+01    0.45521E+02
    0.30333E+01    0.44118E+02
    0.30946E+01    0.42748E+02
    0.31571E+01    0.41410E+02
    0.32209E+01    0.40104E+02
    0.32860E+01    0.38829E+02
    0.33523E+01    0.37586E+02
    0.34201E+01    0.36373E+02
    0.34892E+01    0.35190E+02
    0.35596E+01    0.34038E+02
    0.36316E+01    0.32915E+02
    0.37049E+01    0.31822E+02
    0.37798E+01    0.30758E+02
    0.38561E+01    0.29722E+02
    0.39340E+01    0.28714E+02
    0.40135E+01    0.27734E+02
    0.40946E+01    0.26781E+02
    0.41773E+01    0.25856E+02
    0.42617E+01    0.24956E+02
    0.43478E+01    0.24083E+02
    0.44356E+01    0.23235E+02
    0.45252E+01    0.22411E+02
    0.46166E+01    0.21613E+02
    0.47099E+01    0.20838E+02
    0.48050E+01    0.20087E+02
    0.49021E+01    0.19359E+02
    0.50011E+01    0.18653E+02
    0.51021E+01    0.17970E+02
    0.52052E+01    0.17308E+02
    0.53104E+01    0.16667E+02
    0.54176E+01    0.16047E+02
    0.55271E+01    0.15447E+02
    0.56387E+01    0.14867E+02
    0.57526E+01    0.14306E+02
    0.58689E+01    0.13763E+02
    0.59874E+01    0.13239E+02
    0.61084E+01    0.12732E+02
    0.62318E+01    0.12243E+02
    0.63577E+01    0.11771E+02
    0.64861E+01    0.11315E+02
    0.66171E+01    0.10874E+02
    0.67508E+01    0.10450E+02
    0.68872E+01    0.10040E+02
    0.70263E+01    0.96446E+01
    0.71682E+01    0.92635E+01
    0.73130E+01    0.88962E+01
    0.74608E+01    0.85422E+01
    0.76115E+01    0.82011E+01
    0.77653E+01    0.78725E+01
    0.79221E+01    0.75560E+01
    0.80822E+01    0.72512E+01
    0.82454E+01    0.69578E+01
    0.84120E+01    0.66754E+01
    0.85819E+01    0.64037E+01
    0.87553E+01    0.61422E+01
    0.89322E+01    0.58907E+01
    0.91126E+01    0.56488E+01
    0.92967E+01    0.54162E+01
    0.94845E+01    0.51926E+01
    0.96761E+01    0.49776E+01
    0.98716E+01    0.47710E+01
    0.10071E+02    0.45726E+01
    0.10274E+02    0.43819E+01
    0.10482E+02    0.41987E+01
    0.10694E+02    0.40227E+01
    0.10910E+02    0.38538E+01
    0.11130E+02    0.36916E+01
    0.11355E+02    0.35359E+01
    0.11584E+02    0.33865E+01
    0.11818E+02    0.32431E+01
    0.12057E+02    0.31054E+01
    0.12301E+02    0.29734E+01
    0.12549E+02    0.28468E+01
    0.12803E+02    0.27253E+01
    0.13061E+02    0.26088E+01
    0.13325E+02    0.24971E+01
    0.13594E+02    0.23901E+01
    0.13869E+02    0.22874E+01
    0.14149E+02    0.21890E+01
    0.14435E+02    0.20946E+01
    0.14727E+02    0.20042E+01
    0.15024E+02    0.19175E+01
    0.15328E+02    0.18345E+01
    0.15637E+02    0.17549E+01
    0.15953E+02    0.16787E+01
    0.16275E+02    0.16057E+01
    0.16604E+02    0.15357E+01
    0.16940E+02    0.14687E+01
    0.17282E+02    0.14046E+01
    0.17631E+02    0.13431E+01
    0.17987E+02    0.12843E+01
    0.18351E+02    0.12279E+01
    0.18721E+02    0.11740E+01
    0.19099E+02    0.11224E+01
    0.19485E+02    0.10730E+01
    0.19879E+02    0.10257E+01
    0.20280E+02    0.98046E+00
    0.20690E+02    0.93718E+00
    0.21108E+02    0.89579E+00
    0.21535E+02    0.85620E+00
    0.21970E+02    0.81834E+00
    0.22413E+02    0.78214E+00
    0.22866E+02    0.74752E+00
    0.23328E+02    0.71443E+00
    0.23799E+02    0.68279E+00
    0.24280E+02    0.65256E+00
