#           k/h    P           
    0.10000E-03    0.46497E+02
    0.10202E-03    0.47398E+02
    0.10408E-03    0.48316E+02
    0.10618E-03    0.49252E+02
    0.10833E-03    0.50207E+02
    0.11052E-03    0.51179E+02
    0.11275E-03    0.52171E+02
    0.11503E-03    0.53182E+02
    0.11735E-03    0.54212E+02
    0.11972E-03    0.55262E+02
    0.12214E-03    0.56333E+02
    0.12461E-03    0.57424E+02
    0.12712E-03    0.58537E+02
    0.12969E-03    0.59671E+02
    0.13231E-03    0.60826E+02
    0.13499E-03    0.62005E+02
    0.13771E-03    0.63206E+02
    0.14049E-03    0.64430E+02
    0.14333E-03    0.65678E+02
    0.14623E-03    0.66950E+02
    0.14918E-03    0.68246E+02
    0.15220E-03    0.69568E+02
    0.15527E-03    0.70915E+02
    0.15841E-03    0.72288E+02
    0.16161E-03    0.73688E+02
    0.16487E-03    0.75115E+02
    0.16820E-03    0.76569E+02
    0.17160E-03    0.78052E+02
    0.17507E-03    0.79563E+02
    0.17860E-03    0.81103E+02
    0.18221E-03    0.82673E+02
    0.18589E-03    0.84273E+02
    0.18965E-03    0.85904E+02
    0.19348E-03    0.87567E+02
    0.19739E-03    0.89261E+02
    0.20138E-03    0.90989E+02
    0.20544E-03    0.92749E+02
    0.20959E-03    0.94544E+02
    0.21383E-03    0.96373E+02
    0.21815E-03    0.98237E+02
    0.22255E-03    0.10014E+03
    0.22705E-03    0.10207E+03
    0.23164E-03    0.10405E+03
    0.23632E-03    0.10606E+03
    0.24109E-03    0.10811E+03
    0.24596E-03    0.11020E+03
    0.25093E-03    0.11233E+03
    0.25600E-03    0.11450E+03
    0.26117E-03    0.11672E+03
    0.26645E-03    0.11897E+03
    0.27183E-03    0.12127E+03
    0.27732E-03    0.12361E+03
    0.28292E-03    0.12600E+03
    0.28864E-03    0.12844E+03
    0.29447E-03    0.13092E+03
    0.30042E-03    0.13344E+03
    0.30649E-03    0.13602E+03
    0.31268E-03    0.13865E+03
    0.31899E-03    0.14132E+03
    0.32544E-03    0.14405E+03
    0.33201E-03    0.14683E+03
    0.33872E-03    0.14966E+03
    0.34556E-03    0.15255E+03
    0.35254E-03    0.15549E+03
    0.35966E-03    0.15849E+03
    0.36693E-03    0.16154E+03
    0.37434E-03    0.16465E+03
    0.38190E-03    0.16783E+03
    0.38962E-03    0.17106E+03
    0.39749E-03    0.17435E+03
    0.40552E-03    0.17771E+03
    0.41371E-03    0.18113E+03
    0.42207E-03    0.18461E+03
    0.43060E-03    0.18816E+03
    0.43929E-03    0.19178E+03
    0.44817E-03    0.19547E+03
    0.45722E-03    0.19922E+03
    0.46646E-03    0.20305E+03
    0.47588E-03    0.20695E+03
    0.48550E-03    0.21092E+03
    0.49530E-03    0.21497E+03
    0.50531E-03    0.21909E+03
    0.51552E-03    0.22329E+03
    0.52593E-03    0.22757E+03
    0.53656E-03    0.23193E+03
    0.54739E-03    0.23637E+03
    0.55845E-03    0.24089E+03
    0.56973E-03    0.24550E+03
    0.58124E-03    0.25019E+03
    0.59299E-03    0.25497E+03
    0.60496E-03    0.25984E+03
    0.61719E-03    0.26480E+03
    0.62965E-03    0.26985E+03
    0.64237E-03    0.27499E+03
    0.65535E-03    0.28023E+03
    0.66859E-03    0.28556E+03
    0.68210E-03    0.29099E+03
    0.69588E-03    0.29653E+03
    0.70993E-03    0.30216E+03
    0.72427E-03    0.30789E+03
    0.73891E-03    0.31373E+03
    0.75383E-03    0.31968E+03
    0.76906E-03    0.32573E+03
    0.78460E-03    0.33189E+03
    0.80045E-03    0.33816E+03
    0.81662E-03    0.34455E+03
    0.83311E-03    0.35105E+03
    0.84994E-03    0.35767E+03
    0.86711E-03    0.36440E+03
    0.88463E-03    0.37125E+03
    0.90250E-03    0.37823E+03
    0.92073E-03    0.38533E+03
    0.93933E-03    0.39255E+03
    0.95831E-03    0.39990E+03
    0.97767E-03    0.40738E+03
    0.99742E-03    0.41498E+03
    0.10176E-02    0.42272E+03
    0.10381E-02    0.43060E+03
    0.10591E-02    0.43861E+03
    0.10805E-02    0.44675E+03
    0.11023E-02    0.45504E+03
    0.11246E-02    0.46347E+03
    0.11473E-02    0.47204E+03
    0.11705E-02    0.48075E+03
    0.11941E-02    0.48961E+03
    0.12182E-02    0.49862E+03
    0.12429E-02    0.50778E+03
    0.12680E-02    0.51709E+03
    0.12936E-02    0.52655E+03
    0.13197E-02    0.53617E+03
    0.13464E-02    0.54595E+03
    0.13736E-02    0.55589E+03
    0.14013E-02    0.56598E+03
    0.14296E-02    0.57624E+03
    0.14585E-02    0.58666E+03
    0.14880E-02    0.59725E+03
    0.15180E-02    0.60801E+03
    0.15487E-02    0.61893E+03
    0.15800E-02    0.63002E+03
    0.16119E-02    0.64129E+03
    0.16445E-02    0.65273E+03
    0.16777E-02    0.66434E+03
    0.17116E-02    0.67613E+03
    0.17462E-02    0.68810E+03
    0.17814E-02    0.70025E+03
    0.18174E-02    0.71257E+03
    0.18541E-02    0.72508E+03
    0.18916E-02    0.73777E+03
    0.19298E-02    0.75064E+03
    0.19688E-02    0.76370E+03
    0.20086E-02    0.77694E+03
    0.20491E-02    0.79037E+03
    0.20905E-02    0.80398E+03
    0.21328E-02    0.81779E+03
    0.21758E-02    0.83178E+03
    0.22198E-02    0.84596E+03
    0.22646E-02    0.86033E+03
    0.23104E-02    0.87488E+03
    0.23571E-02    0.88963E+03
    0.24047E-02    0.90457E+03
    0.24533E-02    0.91969E+03
    0.25028E-02    0.93501E+03
    0.25534E-02    0.95051E+03
    0.26050E-02    0.96621E+03
    0.26576E-02    0.98209E+03
    0.27113E-02    0.99816E+03
    0.27660E-02    0.10144E+04
    0.28219E-02    0.10309E+04
    0.28789E-02    0.10475E+04
    0.29371E-02    0.10643E+04
    0.29964E-02    0.10813E+04
    0.30569E-02    0.10984E+04
    0.31187E-02    0.11158E+04
    0.31817E-02    0.11333E+04
    0.32460E-02    0.11510E+04
    0.33115E-02    0.11689E+04
    0.33784E-02    0.11870E+04
    0.34467E-02    0.12052E+04
    0.35163E-02    0.12235E+04
    0.35874E-02    0.12421E+04
    0.36598E-02    0.12608E+04
    0.37338E-02    0.12796E+04
    0.38092E-02    0.12986E+04
    0.38861E-02    0.13178E+04
    0.39646E-02    0.13371E+04
    0.40447E-02    0.13565E+04
    0.41264E-02    0.13761E+04
    0.42098E-02    0.13958E+04
    0.42948E-02    0.14156E+04
    0.43816E-02    0.14355E+04
    0.44701E-02    0.14556E+04
    0.45604E-02    0.14757E+04
    0.46525E-02    0.14959E+04
    0.47465E-02    0.15162E+04
    0.48424E-02    0.15365E+04
    0.49402E-02    0.15570E+04
    0.50400E-02    0.15775E+04
    0.51419E-02    0.15981E+04
    0.52457E-02    0.16187E+04
    0.53517E-02    0.16394E+04
    0.54598E-02    0.16602E+04
    0.55701E-02    0.16810E+04
    0.56826E-02    0.17018E+04
    0.57974E-02    0.17226E+04
    0.59145E-02    0.17434E+04
    0.60340E-02    0.17641E+04
    0.61559E-02    0.17848E+04
    0.62803E-02    0.18055E+04
    0.64072E-02    0.18261E+04
    0.65366E-02    0.18467E+04
    0.66686E-02    0.18671E+04
    0.68033E-02    0.18875E+04
    0.69408E-02    0.19078E+04
    0.70810E-02    0.19279E+04
    0.72240E-02    0.19479E+04
    0.73700E-02    0.19677E+04
    0.75189E-02    0.19874E+04
    0.76708E-02    0.20069E+04
    0.78257E-02    0.20261E+04
    0.79838E-02    0.20452E+04
    0.81451E-02    0.20640E+04
    0.83096E-02    0.20825E+04
    0.84775E-02    0.21008E+04
    0.86488E-02    0.21187E+04
    0.88235E-02    0.21364E+04
    0.90017E-02    0.21537E+04
    0.91836E-02    0.21706E+04
    0.93691E-02    0.21872E+04
    0.95583E-02    0.22033E+04
    0.97514E-02    0.22191E+04
    0.99484E-02    0.22344E+04
    0.10149E-01    0.22492E+04
    0.10354E-01    0.22635E+04
    0.10564E-01    0.22773E+04
    0.10777E-01    0.22906E+04
    0.10995E-01    0.23033E+04
    0.11217E-01    0.23154E+04
    0.11443E-01    0.23268E+04
    0.11675E-01    0.23377E+04
    0.11910E-01    0.23478E+04
    0.12151E-01    0.23573E+04
    0.12397E-01    0.23661E+04
    0.12647E-01    0.23741E+04
    0.12902E-01    0.23814E+04
    0.13163E-01    0.23879E+04
    0.13429E-01    0.23935E+04
    0.13700E-01    0.23982E+04
    0.13977E-01    0.24018E+04
    0.14259E-01    0.24046E+04
    0.14547E-01    0.24065E+04
    0.14841E-01    0.24076E+04
    0.15141E-01    0.24081E+04
    0.15447E-01    0.24080E+04
    0.15759E-01    0.24072E+04
    0.16077E-01    0.24056E+04
    0.16402E-01    0.24028E+04
    0.16734E-01    0.23988E+04
    0.17072E-01    0.23934E+04
    0.17416E-01    0.23864E+04
    0.17768E-01    0.23782E+04
    0.18127E-01    0.23688E+04
    0.18493E-01    0.23583E+04
    0.18867E-01    0.23468E+04
    0.19248E-01    0.23343E+04
    0.19637E-01    0.23206E+04
    0.20034E-01    0.23056E+04
    0.20438E-01    0.22892E+04
    0.20851E-01    0.22713E+04
    0.21272E-01    0.22519E+04
    0.21702E-01    0.22314E+04
    0.22141E-01    0.22097E+04
    0.22588E-01    0.21871E+04
    0.23044E-01    0.21636E+04
    0.23510E-01    0.21394E+04
    0.23985E-01    0.21144E+04
    0.24469E-01    0.20886E+04
    0.24964E-01    0.20621E+04
    0.25468E-01    0.20348E+04
    0.25982E-01    0.20068E+04
    0.26507E-01    0.19781E+04
    0.27043E-01    0.19486E+04
    0.27589E-01    0.19183E+04
    0.28146E-01    0.18873E+04
    0.28715E-01    0.18557E+04
    0.29295E-01    0.18235E+04
    0.29887E-01    0.17908E+04
    0.30490E-01    0.17578E+04
    0.31106E-01    0.17245E+04
    0.31735E-01    0.16911E+04
    0.32376E-01    0.16576E+04
    0.33030E-01    0.16243E+04
    0.33697E-01    0.15912E+04
    0.34378E-01    0.15584E+04
    0.35072E-01    0.15260E+04
    0.35781E-01    0.14941E+04
    0.36504E-01    0.14627E+04
    0.37241E-01    0.14320E+04
    0.37993E-01    0.14019E+04
    0.38761E-01    0.13725E+04
    0.39544E-01    0.13439E+04
    0.40343E-01    0.13161E+04
    0.41158E-01    0.12891E+04
    0.41989E-01    0.12630E+04
    0.42838E-01    0.12380E+04
    0.43703E-01    0.12139E+04
    0.44586E-01    0.11911E+04
    0.45486E-01    0.11694E+04
    0.46405E-01    0.11490E+04
    0.47343E-01    0.11297E+04
    0.48299E-01    0.11114E+04
    0.49275E-01    0.10941E+04
    0.50270E-01    0.10775E+04
    0.51286E-01    0.10618E+04
    0.52322E-01    0.10466E+04
    0.53379E-01    0.10321E+04
    0.54457E-01    0.10181E+04
    0.55557E-01    0.10044E+04
    0.56680E-01    0.99112E+03
    0.57825E-01    0.97799E+03
    0.58993E-01    0.96493E+03
    0.60184E-01    0.95178E+03
    0.61400E-01    0.93837E+03
    0.62641E-01    0.92455E+03
    0.63906E-01    0.91010E+03
    0.65197E-01    0.89477E+03
    0.66514E-01    0.87839E+03
    0.67858E-01    0.86100E+03
    0.69229E-01    0.84280E+03
    0.70627E-01    0.82395E+03
    0.72054E-01    0.80428E+03
    0.73510E-01    0.78343E+03
    0.74994E-01    0.76115E+03
    0.76509E-01    0.73769E+03
    0.78055E-01    0.71352E+03
    0.79632E-01    0.68902E+03
    0.81241E-01    0.66437E+03
    0.82882E-01    0.63974E+03
    0.84556E-01    0.61533E+03
    0.86264E-01    0.59140E+03
    0.88007E-01    0.56818E+03
    0.89785E-01    0.54592E+03
    0.91598E-01    0.52484E+03
    0.93449E-01    0.50512E+03
    0.95337E-01    0.48696E+03
    0.97263E-01    0.47050E+03
    0.99227E-01    0.45582E+03
    0.10123E+00    0.44288E+03
    0.10328E+00    0.43164E+03
    0.10536E+00    0.42192E+03
    0.10749E+00    0.41350E+03
    0.10966E+00    0.40612E+03
    0.11188E+00    0.39944E+03
    0.11414E+00    0.39314E+03
    0.11644E+00    0.38688E+03
    0.11880E+00    0.38033E+03
    0.12120E+00    0.37319E+03
    0.12365E+00    0.36524E+03
    0.12614E+00    0.35629E+03
    0.12869E+00    0.34626E+03
    0.13129E+00    0.33516E+03
    0.13394E+00    0.32309E+03
    0.13665E+00    0.31025E+03
    0.13941E+00    0.29691E+03
    0.14223E+00    0.28341E+03
    0.14510E+00    0.27012E+03
    0.14803E+00    0.25744E+03
    0.15102E+00    0.24574E+03
    0.15407E+00    0.23529E+03
    0.15718E+00    0.22624E+03
    0.16036E+00    0.21860E+03
    0.16360E+00    0.21225E+03
    0.16690E+00    0.20696E+03
    0.17028E+00    0.20246E+03
    0.17371E+00    0.19844E+03
    0.17722E+00    0.19456E+03
    0.18080E+00    0.19044E+03
    0.18446E+00    0.18575E+03
    0.18818E+00    0.18029E+03
    0.19198E+00    0.17401E+03
    0.19586E+00    0.16707E+03
    0.19982E+00    0.15974E+03
    0.20386E+00    0.15232E+03
    0.20797E+00    0.14513E+03
    0.21218E+00    0.13848E+03
    0.21646E+00    0.13258E+03
    0.22083E+00    0.12757E+03
    0.22530E+00    0.12341E+03
    0.22985E+00    0.11992E+03
    0.23449E+00    0.11685E+03
    0.23923E+00    0.11391E+03
    0.24406E+00    0.11081E+03
    0.24899E+00    0.10735E+03
    0.25402E+00    0.10348E+03
    0.25915E+00    0.99282E+02
    0.26439E+00    0.94944E+02
    0.26973E+00    0.90691E+02
    0.27518E+00    0.86742E+02
    0.28074E+00    0.83246E+02
    0.28641E+00    0.80236E+02
    0.29219E+00    0.77625E+02
    0.29810E+00    0.75252E+02
    0.30412E+00    0.72933E+02
    0.31026E+00    0.70513E+02
    0.31653E+00    0.67923E+02
    0.32292E+00    0.65202E+02
    0.32945E+00    0.62468E+02
    0.33610E+00    0.59855E+02
    0.34289E+00    0.57464E+02
    0.34982E+00    0.55324E+02
    0.35689E+00    0.53389E+02
    0.36409E+00    0.51568E+02
    0.37145E+00    0.49763E+02
    0.37895E+00    0.47916E+02
    0.38661E+00    0.46035E+02
    0.39442E+00    0.44183E+02
    0.40239E+00    0.42422E+02
    0.41052E+00    0.40788E+02
    0.41881E+00    0.39281E+02
    0.42727E+00    0.37855E+02
    0.43590E+00    0.36463E+02
    0.44471E+00    0.35080E+02
    0.45369E+00    0.33713E+02
    0.46286E+00    0.32392E+02
    0.47221E+00    0.31142E+02
    0.48174E+00    0.29964E+02
    0.49148E+00    0.28845E+02
    0.50141E+00    0.27759E+02
    0.51153E+00    0.26698E+02
    0.52187E+00    0.25668E+02
    0.53241E+00    0.24679E+02
    0.54317E+00    0.23739E+02
    0.55414E+00    0.22842E+02
    0.56533E+00    0.21977E+02
    0.57675E+00    0.21138E+02
    0.58840E+00    0.20330E+02
    0.60029E+00    0.19554E+02
    0.61242E+00    0.18812E+02
    0.62479E+00    0.18099E+02
    0.63741E+00    0.17414E+02
    0.65029E+00    0.16755E+02
    0.66342E+00    0.16122E+02
    0.67683E+00    0.15513E+02
    0.69050E+00    0.14927E+02
    0.70445E+00    0.14365E+02
    0.71868E+00    0.13824E+02
    0.73320E+00    0.13304E+02
    0.74801E+00    0.12804E+02
    0.76312E+00    0.12324E+02
    0.77854E+00    0.11863E+02
    0.79426E+00    0.11420E+02
    0.81031E+00    0.10994E+02
    0.82668E+00    0.10585E+02
    0.84338E+00    0.10192E+02
    0.86041E+00    0.98147E+01
    0.87780E+00    0.94523E+01
    0.89553E+00    0.91043E+01
    0.91362E+00    0.87700E+01
    0.93208E+00    0.84489E+01
    0.95091E+00    0.81405E+01
    0.97011E+00    0.78443E+01
    0.98971E+00    0.75598E+01
    0.10097E+01    0.72865E+01
    0.10301E+01    0.70239E+01
    0.10509E+01    0.67716E+01
    0.10721E+01    0.65293E+01
    0.10938E+01    0.62964E+01
    0.11159E+01    0.60726E+01
    0.11384E+01    0.58576E+01
    0.11614E+01    0.56510E+01
    0.11849E+01    0.54525E+01
    0.12088E+01    0.52617E+01
    0.12333E+01    0.50783E+01
    0.12582E+01    0.49020E+01
    0.12836E+01    0.47325E+01
    0.13095E+01    0.45696E+01
    0.13360E+01    0.44129E+01
    0.13630E+01    0.42623E+01
    0.13905E+01    0.41175E+01
    0.14186E+01    0.39781E+01
    0.14472E+01    0.38442E+01
    0.14765E+01    0.37153E+01
    0.15063E+01    0.35912E+01
    0.15367E+01    0.34719E+01
    0.15678E+01    0.33571E+01
    0.15994E+01    0.32466E+01
    0.16318E+01    0.31403E+01
    0.16647E+01    0.30380E+01
    0.16984E+01    0.29394E+01
    0.17327E+01    0.28446E+01
    0.17677E+01    0.27533E+01
    0.18034E+01    0.26653E+01
    0.18398E+01    0.25806E+01
    0.18770E+01    0.24989E+01
    0.19149E+01    0.24203E+01
    0.19536E+01    0.23445E+01
    0.19930E+01    0.22714E+01
    0.20333E+01    0.22010E+01
    0.20744E+01    0.21330E+01
    0.21163E+01    0.20675E+01
    0.21590E+01    0.20043E+01
    0.22026E+01    0.19434E+01
    0.22471E+01    0.18845E+01
    0.22925E+01    0.18278E+01
    0.23388E+01    0.17729E+01
    0.23861E+01    0.17200E+01
    0.24343E+01    0.16689E+01
    0.24835E+01    0.16196E+01
    0.25336E+01    0.15719E+01
    0.25848E+01    0.15258E+01
    0.26370E+01    0.14813E+01
    0.26903E+01    0.14383E+01
    0.27447E+01    0.13966E+01
    0.28001E+01    0.13564E+01
    0.28567E+01    0.13174E+01
    0.29144E+01    0.12798E+01
    0.29733E+01    0.12433E+01
    0.30333E+01    0.12080E+01
    0.30946E+01    0.11738E+01
    0.31571E+01    0.11407E+01
    0.32209E+01    0.11087E+01
    0.32860E+01    0.10776E+01
    0.33523E+01    0.10475E+01
    0.34201E+01    0.10183E+01
    0.34892E+01    0.99003E+00
    0.35596E+01    0.96260E+00
    0.36316E+01    0.93599E+00
    0.37049E+01    0.91018E+00
    0.37798E+01    0.88514E+00
    0.38561E+01    0.86083E+00
    0.39340E+01    0.83723E+00
    0.40135E+01    0.81431E+00
    0.40946E+01    0.79206E+00
    0.41773E+01    0.77043E+00
    0.42617E+01    0.74943E+00
    0.43478E+01    0.72901E+00
    0.44356E+01    0.70917E+00
    0.45252E+01    0.68988E+00
    0.46166E+01    0.67112E+00
    0.47099E+01    0.65287E+00
    0.48050E+01    0.63512E+00
    0.49021E+01    0.61786E+00
    0.50011E+01    0.60106E+00
    0.51021E+01    0.58470E+00
    0.52052E+01    0.56879E+00
    0.53104E+01    0.55329E+00
    0.54176E+01    0.53820E+00
    0.55271E+01    0.52351E+00
    0.56387E+01    0.50920E+00
    0.57526E+01    0.49526E+00
    0.58689E+01    0.48168E+00
    0.59874E+01    0.46844E+00
    0.61084E+01    0.45555E+00
    0.62318E+01    0.44298E+00
    0.63577E+01    0.43073E+00
    0.64861E+01    0.41879E+00
    0.66171E+01    0.40715E+00
    0.67508E+01    0.39580E+00
    0.68872E+01    0.38474E+00
    0.70263E+01    0.37395E+00
    0.71682E+01    0.36343E+00
    0.73130E+01    0.35317E+00
    0.74608E+01    0.34316E+00
    0.76115E+01    0.33341E+00
    0.77653E+01    0.32389E+00
    0.79221E+01    0.31461E+00
    0.80822E+01    0.30555E+00
    0.82454E+01    0.29672E+00
    0.84120E+01    0.28811E+00
    0.85819E+01    0.27971E+00
    0.87553E+01    0.27152E+00
    0.89322E+01    0.26352E+00
    0.91126E+01    0.25573E+00
    0.92967E+01    0.24813E+00
    0.94845E+01    0.24071E+00
    0.96761E+01    0.23348E+00
    0.98716E+01    0.22643E+00
    0.10071E+02    0.21956E+00
    0.10274E+02    0.21287E+00
    0.10482E+02    0.20634E+00
    0.10694E+02    0.19998E+00
    0.10910E+02    0.19379E+00
    0.11130E+02    0.18775E+00
    0.11355E+02    0.18187E+00
    0.11584E+02    0.17615E+00
    0.11818E+02    0.17057E+00
    0.12057E+02    0.16514E+00
    0.12301E+02    0.15986E+00
    0.12549E+02    0.15472E+00
    0.12803E+02    0.14971E+00
    0.13061E+02    0.14485E+00
    0.13325E+02    0.14011E+00
    0.13594E+02    0.13550E+00
    0.13869E+02    0.13102E+00
    0.14149E+02    0.12666E+00
    0.14435E+02    0.12242E+00
    0.14727E+02    0.11829E+00
    0.15024E+02    0.11428E+00
    0.15328E+02    0.11038E+00
    0.15637E+02    0.10659E+00
    0.15953E+02    0.10291E+00
    0.16275E+02    0.99330E-01
    0.16604E+02    0.95851E-01
    0.16940E+02    0.92472E-01
    0.17282E+02    0.89190E-01
    0.17631E+02    0.86002E-01
    0.17987E+02    0.82907E-01
    0.18351E+02    0.79904E-01
    0.18721E+02    0.76992E-01
    0.19099E+02    0.74171E-01
    0.19485E+02    0.71438E-01
    0.19879E+02    0.68794E-01
    0.20280E+02    0.66236E-01
    0.20690E+02    0.63764E-01
    0.21108E+02    0.61376E-01
    0.21535E+02    0.59070E-01
    0.21970E+02    0.56845E-01
    0.22413E+02    0.54698E-01
    0.22866E+02    0.52629E-01
    0.23328E+02    0.50635E-01
    0.23799E+02    0.48715E-01
    0.24280E+02    0.46866E-01
