#           k/h    P           
    0.10000E-03    0.39152E+02
    0.10202E-03    0.39911E+02
    0.10408E-03    0.40684E+02
    0.10618E-03    0.41472E+02
    0.10833E-03    0.42276E+02
    0.11052E-03    0.43095E+02
    0.11275E-03    0.43930E+02
    0.11503E-03    0.44781E+02
    0.11735E-03    0.45649E+02
    0.11972E-03    0.46533E+02
    0.12214E-03    0.47435E+02
    0.12461E-03    0.48354E+02
    0.12712E-03    0.49290E+02
    0.12969E-03    0.50245E+02
    0.13231E-03    0.51218E+02
    0.13499E-03    0.52211E+02
    0.13771E-03    0.53222E+02
    0.14049E-03    0.54253E+02
    0.14333E-03    0.55303E+02
    0.14623E-03    0.56375E+02
    0.14918E-03    0.57466E+02
    0.15220E-03    0.58579E+02
    0.15527E-03    0.59714E+02
    0.15841E-03    0.60870E+02
    0.16161E-03    0.62049E+02
    0.16487E-03    0.63250E+02
    0.16820E-03    0.64475E+02
    0.17160E-03    0.65723E+02
    0.17507E-03    0.66996E+02
    0.17860E-03    0.68292E+02
    0.18221E-03    0.69614E+02
    0.18589E-03    0.70962E+02
    0.18965E-03    0.72336E+02
    0.19348E-03    0.73736E+02
    0.19739E-03    0.75163E+02
    0.20138E-03    0.76617E+02
    0.20544E-03    0.78100E+02
    0.20959E-03    0.79611E+02
    0.21383E-03    0.81151E+02
    0.21815E-03    0.82721E+02
    0.22255E-03    0.84321E+02
    0.22705E-03    0.85952E+02
    0.23164E-03    0.87615E+02
    0.23632E-03    0.89309E+02
    0.24109E-03    0.91036E+02
    0.24596E-03    0.92796E+02
    0.25093E-03    0.94590E+02
    0.25600E-03    0.96419E+02
    0.26117E-03    0.98283E+02
    0.26645E-03    0.10018E+03
    0.27183E-03    0.10212E+03
    0.27732E-03    0.10409E+03
    0.28292E-03    0.10610E+03
    0.28864E-03    0.10815E+03
    0.29447E-03    0.11024E+03
    0.30042E-03    0.11237E+03
    0.30649E-03    0.11454E+03
    0.31268E-03    0.11675E+03
    0.31899E-03    0.11900E+03
    0.32544E-03    0.12130E+03
    0.33201E-03    0.12364E+03
    0.33872E-03    0.12603E+03
    0.34556E-03    0.12846E+03
    0.35254E-03    0.13093E+03
    0.35966E-03    0.13346E+03
    0.36693E-03    0.13603E+03
    0.37434E-03    0.13865E+03
    0.38190E-03    0.14132E+03
    0.38962E-03    0.14405E+03
    0.39749E-03    0.14682E+03
    0.40552E-03    0.14965E+03
    0.41371E-03    0.15253E+03
    0.42207E-03    0.15546E+03
    0.43060E-03    0.15845E+03
    0.43929E-03    0.16150E+03
    0.44817E-03    0.16460E+03
    0.45722E-03    0.16777E+03
    0.46646E-03    0.17099E+03
    0.47588E-03    0.17427E+03
    0.48550E-03    0.17762E+03
    0.49530E-03    0.18103E+03
    0.50531E-03    0.18450E+03
    0.51552E-03    0.18804E+03
    0.52593E-03    0.19164E+03
    0.53656E-03    0.19531E+03
    0.54739E-03    0.19905E+03
    0.55845E-03    0.20286E+03
    0.56973E-03    0.20674E+03
    0.58124E-03    0.21070E+03
    0.59299E-03    0.21472E+03
    0.60496E-03    0.21882E+03
    0.61719E-03    0.22300E+03
    0.62965E-03    0.22726E+03
    0.64237E-03    0.23159E+03
    0.65535E-03    0.23600E+03
    0.66859E-03    0.24049E+03
    0.68210E-03    0.24507E+03
    0.69588E-03    0.24973E+03
    0.70993E-03    0.25448E+03
    0.72427E-03    0.25931E+03
    0.73891E-03    0.26423E+03
    0.75383E-03    0.26923E+03
    0.76906E-03    0.27433E+03
    0.78460E-03    0.27953E+03
    0.80045E-03    0.28481E+03
    0.81662E-03    0.29019E+03
    0.83311E-03    0.29567E+03
    0.84994E-03    0.30124E+03
    0.86711E-03    0.30692E+03
    0.88463E-03    0.31269E+03
    0.90250E-03    0.31857E+03
    0.92073E-03    0.32455E+03
    0.93933E-03    0.33063E+03
    0.95831E-03    0.33683E+03
    0.97767E-03    0.34313E+03
    0.99742E-03    0.34954E+03
    0.10176E-02    0.35606E+03
    0.10381E-02    0.36269E+03
    0.10591E-02    0.36944E+03
    0.10805E-02    0.37631E+03
    0.11023E-02    0.38329E+03
    0.11246E-02    0.39039E+03
    0.11473E-02    0.39761E+03
    0.11705E-02    0.40496E+03
    0.11941E-02    0.41242E+03
    0.12182E-02    0.42001E+03
    0.12429E-02    0.42773E+03
    0.12680E-02    0.43558E+03
    0.12936E-02    0.44356E+03
    0.13197E-02    0.45166E+03
    0.13464E-02    0.45990E+03
    0.13736E-02    0.46827E+03
    0.14013E-02    0.47678E+03
    0.14296E-02    0.48543E+03
    0.14585E-02    0.49421E+03
    0.14880E-02    0.50313E+03
    0.15180E-02    0.51219E+03
    0.15487E-02    0.52140E+03
    0.15800E-02    0.53075E+03
    0.16119E-02    0.54024E+03
    0.16445E-02    0.54988E+03
    0.16777E-02    0.55967E+03
    0.17116E-02    0.56960E+03
    0.17462E-02    0.57969E+03
    0.17814E-02    0.58992E+03
    0.18174E-02    0.60031E+03
    0.18541E-02    0.61085E+03
    0.18916E-02    0.62154E+03
    0.19298E-02    0.63239E+03
    0.19688E-02    0.64339E+03
    0.20086E-02    0.65455E+03
    0.20491E-02    0.66586E+03
    0.20905E-02    0.67733E+03
    0.21328E-02    0.68897E+03
    0.21758E-02    0.70075E+03
    0.22198E-02    0.71270E+03
    0.22646E-02    0.72481E+03
    0.23104E-02    0.73708E+03
    0.23571E-02    0.74950E+03
    0.24047E-02    0.76209E+03
    0.24533E-02    0.77484E+03
    0.25028E-02    0.78774E+03
    0.25534E-02    0.80081E+03
    0.26050E-02    0.81403E+03
    0.26576E-02    0.82741E+03
    0.27113E-02    0.84095E+03
    0.27660E-02    0.85465E+03
    0.28219E-02    0.86850E+03
    0.28789E-02    0.88251E+03
    0.29371E-02    0.89668E+03
    0.29964E-02    0.91100E+03
    0.30569E-02    0.92547E+03
    0.31187E-02    0.94009E+03
    0.31817E-02    0.95486E+03
    0.32460E-02    0.96977E+03
    0.33115E-02    0.98484E+03
    0.33784E-02    0.10000E+04
    0.34467E-02    0.10154E+04
    0.35163E-02    0.10309E+04
    0.35874E-02    0.10465E+04
    0.36598E-02    0.10623E+04
    0.37338E-02    0.10781E+04
    0.38092E-02    0.10942E+04
    0.38861E-02    0.11103E+04
    0.39646E-02    0.11265E+04
    0.40447E-02    0.11429E+04
    0.41264E-02    0.11594E+04
    0.42098E-02    0.11760E+04
    0.42948E-02    0.11927E+04
    0.43816E-02    0.12095E+04
    0.44701E-02    0.12264E+04
    0.45604E-02    0.12434E+04
    0.46525E-02    0.12604E+04
    0.47465E-02    0.12775E+04
    0.48424E-02    0.12947E+04
    0.49402E-02    0.13119E+04
    0.50400E-02    0.13292E+04
    0.51419E-02    0.13465E+04
    0.52457E-02    0.13640E+04
    0.53517E-02    0.13814E+04
    0.54598E-02    0.13989E+04
    0.55701E-02    0.14165E+04
    0.56826E-02    0.14340E+04
    0.57974E-02    0.14515E+04
    0.59145E-02    0.14690E+04
    0.60340E-02    0.14865E+04
    0.61559E-02    0.15040E+04
    0.62803E-02    0.15214E+04
    0.64072E-02    0.15388E+04
    0.65366E-02    0.15561E+04
    0.66686E-02    0.15734E+04
    0.68033E-02    0.15905E+04
    0.69408E-02    0.16076E+04
    0.70810E-02    0.16246E+04
    0.72240E-02    0.16414E+04
    0.73700E-02    0.16582E+04
    0.75189E-02    0.16747E+04
    0.76708E-02    0.16912E+04
    0.78257E-02    0.17074E+04
    0.79838E-02    0.17234E+04
    0.81451E-02    0.17393E+04
    0.83096E-02    0.17549E+04
    0.84775E-02    0.17703E+04
    0.86488E-02    0.17855E+04
    0.88235E-02    0.18003E+04
    0.90017E-02    0.18149E+04
    0.91836E-02    0.18292E+04
    0.93691E-02    0.18432E+04
    0.95583E-02    0.18568E+04
    0.97514E-02    0.18701E+04
    0.99484E-02    0.18830E+04
    0.10149E-01    0.18955E+04
    0.10354E-01    0.19076E+04
    0.10564E-01    0.19192E+04
    0.10777E-01    0.19304E+04
    0.10995E-01    0.19411E+04
    0.11217E-01    0.19513E+04
    0.11443E-01    0.19610E+04
    0.11675E-01    0.19701E+04
    0.11910E-01    0.19787E+04
    0.12151E-01    0.19867E+04
    0.12397E-01    0.19941E+04
    0.12647E-01    0.20009E+04
    0.12902E-01    0.20070E+04
    0.13163E-01    0.20125E+04
    0.13429E-01    0.20172E+04
    0.13700E-01    0.20212E+04
    0.13977E-01    0.20243E+04
    0.14259E-01    0.20266E+04
    0.14547E-01    0.20282E+04
    0.14841E-01    0.20292E+04
    0.15141E-01    0.20296E+04
    0.15447E-01    0.20295E+04
    0.15759E-01    0.20289E+04
    0.16077E-01    0.20275E+04
    0.16402E-01    0.20252E+04
    0.16734E-01    0.20219E+04
    0.17072E-01    0.20173E+04
    0.17416E-01    0.20115E+04
    0.17768E-01    0.20045E+04
    0.18127E-01    0.19966E+04
    0.18493E-01    0.19878E+04
    0.18867E-01    0.19781E+04
    0.19248E-01    0.19676E+04
    0.19637E-01    0.19560E+04
    0.20034E-01    0.19434E+04
    0.20438E-01    0.19296E+04
    0.20851E-01    0.19145E+04
    0.21272E-01    0.18982E+04
    0.21702E-01    0.18809E+04
    0.22141E-01    0.18627E+04
    0.22588E-01    0.18436E+04
    0.23044E-01    0.18238E+04
    0.23510E-01    0.18034E+04
    0.23985E-01    0.17824E+04
    0.24469E-01    0.17607E+04
    0.24964E-01    0.17383E+04
    0.25468E-01    0.17153E+04
    0.25982E-01    0.16917E+04
    0.26507E-01    0.16675E+04
    0.27043E-01    0.16426E+04
    0.27589E-01    0.16171E+04
    0.28146E-01    0.15910E+04
    0.28715E-01    0.15643E+04
    0.29295E-01    0.15372E+04
    0.29887E-01    0.15097E+04
    0.30490E-01    0.14819E+04
    0.31106E-01    0.14538E+04
    0.31735E-01    0.14256E+04
    0.32376E-01    0.13975E+04
    0.33030E-01    0.13694E+04
    0.33697E-01    0.13415E+04
    0.34378E-01    0.13138E+04
    0.35072E-01    0.12865E+04
    0.35781E-01    0.12596E+04
    0.36504E-01    0.12332E+04
    0.37241E-01    0.12072E+04
    0.37993E-01    0.11819E+04
    0.38761E-01    0.11571E+04
    0.39544E-01    0.11330E+04
    0.40343E-01    0.11096E+04
    0.41158E-01    0.10868E+04
    0.41989E-01    0.10649E+04
    0.42838E-01    0.10437E+04
    0.43703E-01    0.10235E+04
    0.44586E-01    0.10042E+04
    0.45486E-01    0.98595E+03
    0.46405E-01    0.96874E+03
    0.47343E-01    0.95247E+03
    0.48299E-01    0.93705E+03
    0.49275E-01    0.92241E+03
    0.50270E-01    0.90848E+03
    0.51286E-01    0.89517E+03
    0.52322E-01    0.88242E+03
    0.53379E-01    0.87017E+03
    0.54457E-01    0.85834E+03
    0.55557E-01    0.84686E+03
    0.56680E-01    0.83563E+03
    0.57825E-01    0.82456E+03
    0.58993E-01    0.81355E+03
    0.60184E-01    0.80247E+03
    0.61400E-01    0.79117E+03
    0.62641E-01    0.77952E+03
    0.63906E-01    0.76734E+03
    0.65197E-01    0.75442E+03
    0.66514E-01    0.74060E+03
    0.67858E-01    0.72594E+03
    0.69229E-01    0.71059E+03
    0.70627E-01    0.69470E+03
    0.72054E-01    0.67811E+03
    0.73510E-01    0.66052E+03
    0.74994E-01    0.64172E+03
    0.76509E-01    0.62193E+03
    0.78055E-01    0.60153E+03
    0.79632E-01    0.58086E+03
    0.81241E-01    0.56006E+03
    0.82882E-01    0.53927E+03
    0.84556E-01    0.51867E+03
    0.86264E-01    0.49847E+03
    0.88007E-01    0.47887E+03
    0.89785E-01    0.46009E+03
    0.91598E-01    0.44229E+03
    0.93449E-01    0.42565E+03
    0.95337E-01    0.41032E+03
    0.97263E-01    0.39643E+03
    0.99227E-01    0.38404E+03
    0.10123E+00    0.37311E+03
    0.10328E+00    0.36363E+03
    0.10536E+00    0.35543E+03
    0.10749E+00    0.34833E+03
    0.10966E+00    0.34210E+03
    0.11188E+00    0.33647E+03
    0.11414E+00    0.33116E+03
    0.11644E+00    0.32588E+03
    0.11880E+00    0.32036E+03
    0.12120E+00    0.31435E+03
    0.12365E+00    0.30764E+03
    0.12614E+00    0.30009E+03
    0.12869E+00    0.29162E+03
    0.13129E+00    0.28225E+03
    0.13394E+00    0.27206E+03
    0.13665E+00    0.26122E+03
    0.13941E+00    0.24995E+03
    0.14223E+00    0.23855E+03
    0.14510E+00    0.22732E+03
    0.14803E+00    0.21661E+03
    0.15102E+00    0.20672E+03
    0.15407E+00    0.19790E+03
    0.15718E+00    0.19025E+03
    0.16036E+00    0.18381E+03
    0.16360E+00    0.17845E+03
    0.16690E+00    0.17399E+03
    0.17028E+00    0.17020E+03
    0.17371E+00    0.16681E+03
    0.17722E+00    0.16354E+03
    0.18080E+00    0.16007E+03
    0.18446E+00    0.15612E+03
    0.18818E+00    0.15152E+03
    0.19198E+00    0.14622E+03
    0.19586E+00    0.14035E+03
    0.19982E+00    0.13416E+03
    0.20386E+00    0.12789E+03
    0.20797E+00    0.12182E+03
    0.21218E+00    0.11619E+03
    0.21646E+00    0.11122E+03
    0.22083E+00    0.10699E+03
    0.22530E+00    0.10347E+03
    0.22985E+00    0.10053E+03
    0.23449E+00    0.97948E+02
    0.23923E+00    0.95472E+02
    0.24406E+00    0.92862E+02
    0.24899E+00    0.89949E+02
    0.25402E+00    0.86683E+02
    0.25915E+00    0.83138E+02
    0.26439E+00    0.79474E+02
    0.26973E+00    0.75882E+02
    0.27518E+00    0.72547E+02
    0.28074E+00    0.69597E+02
    0.28641E+00    0.67058E+02
    0.29219E+00    0.64859E+02
    0.29810E+00    0.62861E+02
    0.30412E+00    0.60909E+02
    0.31026E+00    0.58870E+02
    0.31653E+00    0.56687E+02
    0.32292E+00    0.54391E+02
    0.32945E+00    0.52084E+02
    0.33610E+00    0.49879E+02
    0.34289E+00    0.47863E+02
    0.34982E+00    0.46059E+02
    0.35689E+00    0.44431E+02
    0.36409E+00    0.42897E+02
    0.37145E+00    0.41378E+02
    0.37895E+00    0.39823E+02
    0.38661E+00    0.38238E+02
    0.39442E+00    0.36677E+02
    0.40239E+00    0.35193E+02
    0.41052E+00    0.33818E+02
    0.41881E+00    0.32549E+02
    0.42727E+00    0.31350E+02
    0.43590E+00    0.30179E+02
    0.44471E+00    0.29016E+02
    0.45369E+00    0.27865E+02
    0.46286E+00    0.26753E+02
    0.47221E+00    0.25702E+02
    0.48174E+00    0.24712E+02
    0.49148E+00    0.23772E+02
    0.50141E+00    0.22860E+02
    0.51153E+00    0.21968E+02
    0.52187E+00    0.21103E+02
    0.53241E+00    0.20273E+02
    0.54317E+00    0.19483E+02
    0.55414E+00    0.18730E+02
    0.56533E+00    0.18005E+02
    0.57675E+00    0.17301E+02
    0.58840E+00    0.16624E+02
    0.60029E+00    0.15974E+02
    0.61242E+00    0.15351E+02
    0.62479E+00    0.14754E+02
    0.63741E+00    0.14181E+02
    0.65029E+00    0.13630E+02
    0.66342E+00    0.13100E+02
    0.67683E+00    0.12591E+02
    0.69050E+00    0.12101E+02
    0.70445E+00    0.11631E+02
    0.71868E+00    0.11179E+02
    0.73320E+00    0.10745E+02
    0.74801E+00    0.10328E+02
    0.76312E+00    0.99281E+01
    0.77854E+00    0.95437E+01
    0.79426E+00    0.91746E+01
    0.81031E+00    0.88202E+01
    0.82668E+00    0.84800E+01
    0.84338E+00    0.81534E+01
    0.86041E+00    0.78399E+01
    0.87780E+00    0.75391E+01
    0.89553E+00    0.72503E+01
    0.91362E+00    0.69731E+01
    0.93208E+00    0.67072E+01
    0.95091E+00    0.64519E+01
    0.97011E+00    0.62069E+01
    0.98971E+00    0.59717E+01
    0.10097E+01    0.57460E+01
    0.10301E+01    0.55294E+01
    0.10509E+01    0.53215E+01
    0.10721E+01    0.51219E+01
    0.10938E+01    0.49304E+01
    0.11159E+01    0.47465E+01
    0.11384E+01    0.45700E+01
    0.11614E+01    0.44006E+01
    0.11849E+01    0.42379E+01
    0.12088E+01    0.40818E+01
    0.12333E+01    0.39319E+01
    0.12582E+01    0.37880E+01
    0.12836E+01    0.36498E+01
    0.13095E+01    0.35171E+01
    0.13360E+01    0.33897E+01
    0.13630E+01    0.32674E+01
    0.13905E+01    0.31499E+01
    0.14186E+01    0.30371E+01
    0.14472E+01    0.29287E+01
    0.14765E+01    0.28246E+01
    0.15063E+01    0.27246E+01
    0.15367E+01    0.26286E+01
    0.15678E+01    0.25363E+01
    0.15994E+01    0.24476E+01
    0.16318E+01    0.23624E+01
    0.16647E+01    0.22806E+01
    0.16984E+01    0.22019E+01
    0.17327E+01    0.21263E+01
    0.17677E+01    0.20537E+01
    0.18034E+01    0.19838E+01
    0.18398E+01    0.19167E+01
    0.18770E+01    0.18521E+01
    0.19149E+01    0.17900E+01
    0.19536E+01    0.17303E+01
    0.19930E+01    0.16729E+01
    0.20333E+01    0.16176E+01
    0.20744E+01    0.15644E+01
    0.21163E+01    0.15132E+01
    0.21590E+01    0.14639E+01
    0.22026E+01    0.14165E+01
    0.22471E+01    0.13709E+01
    0.22925E+01    0.13269E+01
    0.23388E+01    0.12846E+01
    0.23861E+01    0.12438E+01
    0.24343E+01    0.12045E+01
    0.24835E+01    0.11666E+01
    0.25336E+01    0.11302E+01
    0.25848E+01    0.10950E+01
    0.26370E+01    0.10611E+01
    0.26903E+01    0.10284E+01
    0.27447E+01    0.99690E+00
    0.28001E+01    0.96648E+00
    0.28567E+01    0.93713E+00
    0.29144E+01    0.90881E+00
    0.29733E+01    0.88147E+00
    0.30333E+01    0.85508E+00
    0.30946E+01    0.82959E+00
    0.31571E+01    0.80497E+00
    0.32209E+01    0.78118E+00
    0.32860E+01    0.75820E+00
    0.33523E+01    0.73599E+00
    0.34201E+01    0.71453E+00
    0.34892E+01    0.69377E+00
    0.35596E+01    0.67370E+00
    0.36316E+01    0.65428E+00
    0.37049E+01    0.63549E+00
    0.37798E+01    0.61731E+00
    0.38561E+01    0.59971E+00
    0.39340E+01    0.58267E+00
    0.40135E+01    0.56616E+00
    0.40946E+01    0.55017E+00
    0.41773E+01    0.53468E+00
    0.42617E+01    0.51967E+00
    0.43478E+01    0.50512E+00
    0.44356E+01    0.49101E+00
    0.45252E+01    0.47732E+00
    0.46166E+01    0.46405E+00
    0.47099E+01    0.45117E+00
    0.48050E+01    0.43868E+00
    0.49021E+01    0.42655E+00
    0.50011E+01    0.41478E+00
    0.51021E+01    0.40334E+00
    0.52052E+01    0.39224E+00
    0.53104E+01    0.38146E+00
    0.54176E+01    0.37097E+00
    0.55271E+01    0.36079E+00
    0.56387E+01    0.35089E+00
    0.57526E+01    0.34127E+00
    0.58689E+01    0.33191E+00
    0.59874E+01    0.32280E+00
    0.61084E+01    0.31395E+00
    0.62318E+01    0.30534E+00
    0.63577E+01    0.29696E+00
    0.64861E+01    0.28880E+00
    0.66171E+01    0.28086E+00
    0.67508E+01    0.27313E+00
    0.68872E+01    0.26561E+00
    0.70263E+01    0.25828E+00
    0.71682E+01    0.25114E+00
    0.73130E+01    0.24419E+00
    0.74608E+01    0.23742E+00
    0.76115E+01    0.23082E+00
    0.77653E+01    0.22439E+00
    0.79221E+01    0.21812E+00
    0.80822E+01    0.21202E+00
    0.82454E+01    0.20606E+00
    0.84120E+01    0.20026E+00
    0.85819E+01    0.19460E+00
    0.87553E+01    0.18909E+00
    0.89322E+01    0.18371E+00
    0.91126E+01    0.17846E+00
    0.92967E+01    0.17335E+00
    0.94845E+01    0.16836E+00
    0.96761E+01    0.16350E+00
    0.98716E+01    0.15876E+00
    0.10071E+02    0.15414E+00
    0.10274E+02    0.14963E+00
    0.10482E+02    0.14524E+00
    0.10694E+02    0.14096E+00
    0.10910E+02    0.13678E+00
    0.11130E+02    0.13271E+00
    0.11355E+02    0.12875E+00
    0.11584E+02    0.12488E+00
    0.11818E+02    0.12111E+00
    0.12057E+02    0.11744E+00
    0.12301E+02    0.11387E+00
    0.12549E+02    0.11038E+00
    0.12803E+02    0.10699E+00
    0.13061E+02    0.10368E+00
    0.13325E+02    0.10046E+00
    0.13594E+02    0.97318E-01
    0.13869E+02    0.94261E-01
    0.14149E+02    0.91283E-01
    0.14435E+02    0.88381E-01
    0.14727E+02    0.85555E-01
    0.15024E+02    0.82802E-01
    0.15328E+02    0.80121E-01
    0.15637E+02    0.77510E-01
    0.15953E+02    0.74967E-01
    0.16275E+02    0.72491E-01
    0.16604E+02    0.70080E-01
    0.16940E+02    0.67733E-01
    0.17282E+02    0.65448E-01
    0.17631E+02    0.63224E-01
    0.17987E+02    0.61059E-01
    0.18351E+02    0.58955E-01
    0.18721E+02    0.56909E-01
    0.19099E+02    0.54923E-01
    0.19485E+02    0.52995E-01
    0.19879E+02    0.51126E-01
    0.20280E+02    0.49314E-01
    0.20690E+02    0.47559E-01
    0.21108E+02    0.45860E-01
    0.21535E+02    0.44217E-01
    0.21970E+02    0.42628E-01
    0.22413E+02    0.41092E-01
    0.22866E+02    0.39609E-01
    0.23328E+02    0.38177E-01
    0.23799E+02    0.36795E-01
    0.24280E+02    0.35463E-01
