#           k/h    P           
    0.10000E-03    0.20505E+03
    0.10202E-03    0.20902E+03
    0.10408E-03    0.21307E+03
    0.10618E-03    0.21720E+03
    0.10833E-03    0.22141E+03
    0.11052E-03    0.22570E+03
    0.11275E-03    0.23007E+03
    0.11503E-03    0.23453E+03
    0.11735E-03    0.23907E+03
    0.11972E-03    0.24370E+03
    0.12214E-03    0.24842E+03
    0.12461E-03    0.25323E+03
    0.12712E-03    0.25814E+03
    0.12969E-03    0.26314E+03
    0.13231E-03    0.26823E+03
    0.13499E-03    0.27343E+03
    0.13771E-03    0.27872E+03
    0.14049E-03    0.28412E+03
    0.14333E-03    0.28962E+03
    0.14623E-03    0.29523E+03
    0.14918E-03    0.30095E+03
    0.15220E-03    0.30678E+03
    0.15527E-03    0.31271E+03
    0.15841E-03    0.31877E+03
    0.16161E-03    0.32494E+03
    0.16487E-03    0.33123E+03
    0.16820E-03    0.33764E+03
    0.17160E-03    0.34418E+03
    0.17507E-03    0.35084E+03
    0.17860E-03    0.35763E+03
    0.18221E-03    0.36455E+03
    0.18589E-03    0.37160E+03
    0.18965E-03    0.37879E+03
    0.19348E-03    0.38612E+03
    0.19739E-03    0.39359E+03
    0.20138E-03    0.40121E+03
    0.20544E-03    0.40897E+03
    0.20959E-03    0.41688E+03
    0.21383E-03    0.42494E+03
    0.21815E-03    0.43316E+03
    0.22255E-03    0.44153E+03
    0.22705E-03    0.45007E+03
    0.23164E-03    0.45877E+03
    0.23632E-03    0.46764E+03
    0.24109E-03    0.47668E+03
    0.24596E-03    0.48589E+03
    0.25093E-03    0.49528E+03
    0.25600E-03    0.50485E+03
    0.26117E-03    0.51460E+03
    0.26645E-03    0.52454E+03
    0.27183E-03    0.53467E+03
    0.27732E-03    0.54500E+03
    0.28292E-03    0.55552E+03
    0.28864E-03    0.56624E+03
    0.29447E-03    0.57717E+03
    0.30042E-03    0.58831E+03
    0.30649E-03    0.59966E+03
    0.31268E-03    0.61123E+03
    0.31899E-03    0.62301E+03
    0.32544E-03    0.63503E+03
    0.33201E-03    0.64727E+03
    0.33872E-03    0.65975E+03
    0.34556E-03    0.67246E+03
    0.35254E-03    0.68541E+03
    0.35966E-03    0.69862E+03
    0.36693E-03    0.71207E+03
    0.37434E-03    0.72578E+03
    0.38190E-03    0.73974E+03
    0.38962E-03    0.75398E+03
    0.39749E-03    0.76848E+03
    0.40552E-03    0.78326E+03
    0.41371E-03    0.79831E+03
    0.42207E-03    0.81365E+03
    0.43060E-03    0.82928E+03
    0.43929E-03    0.84521E+03
    0.44817E-03    0.86143E+03
    0.45722E-03    0.87796E+03
    0.46646E-03    0.89480E+03
    0.47588E-03    0.91196E+03
    0.48550E-03    0.92944E+03
    0.49530E-03    0.94725E+03
    0.50531E-03    0.96539E+03
    0.51552E-03    0.98386E+03
    0.52593E-03    0.10027E+04
    0.53656E-03    0.10219E+04
    0.54739E-03    0.10414E+04
    0.55845E-03    0.10613E+04
    0.56973E-03    0.10815E+04
    0.58124E-03    0.11022E+04
    0.59299E-03    0.11232E+04
    0.60496E-03    0.11446E+04
    0.61719E-03    0.11664E+04
    0.62965E-03    0.11886E+04
    0.64237E-03    0.12112E+04
    0.65535E-03    0.12343E+04
    0.66859E-03    0.12577E+04
    0.68210E-03    0.12816E+04
    0.69588E-03    0.13059E+04
    0.70993E-03    0.13306E+04
    0.72427E-03    0.13558E+04
    0.73891E-03    0.13815E+04
    0.75383E-03    0.14076E+04
    0.76906E-03    0.14342E+04
    0.78460E-03    0.14613E+04
    0.80045E-03    0.14888E+04
    0.81662E-03    0.15169E+04
    0.83311E-03    0.15454E+04
    0.84994E-03    0.15745E+04
    0.86711E-03    0.16041E+04
    0.88463E-03    0.16342E+04
    0.90250E-03    0.16648E+04
    0.92073E-03    0.16960E+04
    0.93933E-03    0.17277E+04
    0.95831E-03    0.17600E+04
    0.97767E-03    0.17928E+04
    0.99742E-03    0.18262E+04
    0.10176E-02    0.18602E+04
    0.10381E-02    0.18948E+04
    0.10591E-02    0.19299E+04
    0.10805E-02    0.19657E+04
    0.11023E-02    0.20021E+04
    0.11246E-02    0.20391E+04
    0.11473E-02    0.20767E+04
    0.11705E-02    0.21150E+04
    0.11941E-02    0.21539E+04
    0.12182E-02    0.21934E+04
    0.12429E-02    0.22337E+04
    0.12680E-02    0.22745E+04
    0.12936E-02    0.23161E+04
    0.13197E-02    0.23583E+04
    0.13464E-02    0.24013E+04
    0.13736E-02    0.24449E+04
    0.14013E-02    0.24892E+04
    0.14296E-02    0.25343E+04
    0.14585E-02    0.25801E+04
    0.14880E-02    0.26266E+04
    0.15180E-02    0.26738E+04
    0.15487E-02    0.27218E+04
    0.15800E-02    0.27705E+04
    0.16119E-02    0.28200E+04
    0.16445E-02    0.28702E+04
    0.16777E-02    0.29212E+04
    0.17116E-02    0.29730E+04
    0.17462E-02    0.30256E+04
    0.17814E-02    0.30789E+04
    0.18174E-02    0.31330E+04
    0.18541E-02    0.31880E+04
    0.18916E-02    0.32437E+04
    0.19298E-02    0.33002E+04
    0.19688E-02    0.33576E+04
    0.20086E-02    0.34158E+04
    0.20491E-02    0.34747E+04
    0.20905E-02    0.35345E+04
    0.21328E-02    0.35952E+04
    0.21758E-02    0.36566E+04
    0.22198E-02    0.37189E+04
    0.22646E-02    0.37820E+04
    0.23104E-02    0.38459E+04
    0.23571E-02    0.39107E+04
    0.24047E-02    0.39763E+04
    0.24533E-02    0.40427E+04
    0.25028E-02    0.41100E+04
    0.25534E-02    0.41780E+04
    0.26050E-02    0.42470E+04
    0.26576E-02    0.43167E+04
    0.27113E-02    0.43873E+04
    0.27660E-02    0.44587E+04
    0.28219E-02    0.45309E+04
    0.28789E-02    0.46039E+04
    0.29371E-02    0.46777E+04
    0.29964E-02    0.47523E+04
    0.30569E-02    0.48277E+04
    0.31187E-02    0.49039E+04
    0.31817E-02    0.49808E+04
    0.32460E-02    0.50586E+04
    0.33115E-02    0.51370E+04
    0.33784E-02    0.52163E+04
    0.34467E-02    0.52962E+04
    0.35163E-02    0.53769E+04
    0.35874E-02    0.54584E+04
    0.36598E-02    0.55404E+04
    0.37338E-02    0.56232E+04
    0.38092E-02    0.57066E+04
    0.38861E-02    0.57905E+04
    0.39646E-02    0.58751E+04
    0.40447E-02    0.59604E+04
    0.41264E-02    0.60463E+04
    0.42098E-02    0.61329E+04
    0.42948E-02    0.62202E+04
    0.43816E-02    0.63080E+04
    0.44701E-02    0.63961E+04
    0.45604E-02    0.64842E+04
    0.46525E-02    0.65723E+04
    0.47465E-02    0.66601E+04
    0.48424E-02    0.67479E+04
    0.49402E-02    0.68359E+04
    0.50400E-02    0.69243E+04
    0.51419E-02    0.70134E+04
    0.52457E-02    0.71034E+04
    0.53517E-02    0.71940E+04
    0.54598E-02    0.72851E+04
    0.55701E-02    0.73763E+04
    0.56826E-02    0.74676E+04
    0.57974E-02    0.75586E+04
    0.59145E-02    0.76495E+04
    0.60340E-02    0.77401E+04
    0.61559E-02    0.78306E+04
    0.62803E-02    0.79209E+04
    0.64072E-02    0.80109E+04
    0.65366E-02    0.81007E+04
    0.66686E-02    0.81902E+04
    0.68033E-02    0.82792E+04
    0.69408E-02    0.83677E+04
    0.70810E-02    0.84556E+04
    0.72240E-02    0.85429E+04
    0.73700E-02    0.86294E+04
    0.75189E-02    0.87152E+04
    0.76708E-02    0.88001E+04
    0.78257E-02    0.88842E+04
    0.79838E-02    0.89672E+04
    0.81451E-02    0.90491E+04
    0.83096E-02    0.91299E+04
    0.84775E-02    0.92094E+04
    0.86488E-02    0.92877E+04
    0.88235E-02    0.93645E+04
    0.90017E-02    0.94397E+04
    0.91836E-02    0.95134E+04
    0.93691E-02    0.95855E+04
    0.95583E-02    0.96557E+04
    0.97514E-02    0.97240E+04
    0.99484E-02    0.97904E+04
    0.10149E-01    0.98547E+04
    0.10354E-01    0.99168E+04
    0.10564E-01    0.99767E+04
    0.10777E-01    0.10034E+05
    0.10995E-01    0.10089E+05
    0.11217E-01    0.10141E+05
    0.11443E-01    0.10191E+05
    0.11675E-01    0.10237E+05
    0.11910E-01    0.10281E+05
    0.12151E-01    0.10322E+05
    0.12397E-01    0.10360E+05
    0.12647E-01    0.10394E+05
    0.12902E-01    0.10425E+05
    0.13163E-01    0.10453E+05
    0.13429E-01    0.10476E+05
    0.13700E-01    0.10496E+05
    0.13977E-01    0.10511E+05
    0.14259E-01    0.10522E+05
    0.14547E-01    0.10530E+05
    0.14841E-01    0.10534E+05
    0.15141E-01    0.10535E+05
    0.15447E-01    0.10533E+05
    0.15759E-01    0.10529E+05
    0.16077E-01    0.10521E+05
    0.16402E-01    0.10508E+05
    0.16734E-01    0.10490E+05
    0.17072E-01    0.10465E+05
    0.17416E-01    0.10433E+05
    0.17768E-01    0.10396E+05
    0.18127E-01    0.10354E+05
    0.18493E-01    0.10307E+05
    0.18867E-01    0.10256E+05
    0.19248E-01    0.10200E+05
    0.19637E-01    0.10139E+05
    0.20034E-01    0.10073E+05
    0.20438E-01    0.10000E+05
    0.20851E-01    0.99208E+04
    0.21272E-01    0.98354E+04
    0.21702E-01    0.97446E+04
    0.22141E-01    0.96490E+04
    0.22588E-01    0.95492E+04
    0.23044E-01    0.94459E+04
    0.23510E-01    0.93391E+04
    0.23985E-01    0.92291E+04
    0.24469E-01    0.91156E+04
    0.24964E-01    0.89990E+04
    0.25468E-01    0.88791E+04
    0.25982E-01    0.87561E+04
    0.26507E-01    0.86298E+04
    0.27043E-01    0.85003E+04
    0.27589E-01    0.83675E+04
    0.28146E-01    0.82316E+04
    0.28715E-01    0.80930E+04
    0.29295E-01    0.79520E+04
    0.29887E-01    0.78091E+04
    0.30490E-01    0.76646E+04
    0.31106E-01    0.75190E+04
    0.31735E-01    0.73729E+04
    0.32376E-01    0.72267E+04
    0.33030E-01    0.70811E+04
    0.33697E-01    0.69365E+04
    0.34378E-01    0.67933E+04
    0.35072E-01    0.66520E+04
    0.35781E-01    0.65127E+04
    0.36504E-01    0.63759E+04
    0.37241E-01    0.62418E+04
    0.37993E-01    0.61107E+04
    0.38761E-01    0.59827E+04
    0.39544E-01    0.58581E+04
    0.40343E-01    0.57370E+04
    0.41158E-01    0.56195E+04
    0.41989E-01    0.55060E+04
    0.42838E-01    0.53968E+04
    0.43703E-01    0.52922E+04
    0.44586E-01    0.51926E+04
    0.45486E-01    0.50984E+04
    0.46405E-01    0.50094E+04
    0.47343E-01    0.49252E+04
    0.48299E-01    0.48455E+04
    0.49275E-01    0.47696E+04
    0.50270E-01    0.46974E+04
    0.51286E-01    0.46284E+04
    0.52322E-01    0.45622E+04
    0.53379E-01    0.44986E+04
    0.54457E-01    0.44371E+04
    0.55557E-01    0.43773E+04
    0.56680E-01    0.43188E+04
    0.57825E-01    0.42611E+04
    0.58993E-01    0.42037E+04
    0.60184E-01    0.41459E+04
    0.61400E-01    0.40871E+04
    0.62641E-01    0.40264E+04
    0.63906E-01    0.39631E+04
    0.65197E-01    0.38961E+04
    0.66514E-01    0.38246E+04
    0.67858E-01    0.37490E+04
    0.69229E-01    0.36699E+04
    0.70627E-01    0.35881E+04
    0.72054E-01    0.35030E+04
    0.73510E-01    0.34130E+04
    0.74994E-01    0.33170E+04
    0.76509E-01    0.32162E+04
    0.78055E-01    0.31126E+04
    0.79632E-01    0.30076E+04
    0.81241E-01    0.29023E+04
    0.82882E-01    0.27971E+04
    0.84556E-01    0.26929E+04
    0.86264E-01    0.25910E+04
    0.88007E-01    0.24921E+04
    0.89785E-01    0.23973E+04
    0.91598E-01    0.23076E+04
    0.93449E-01    0.22237E+04
    0.95337E-01    0.21463E+04
    0.97263E-01    0.20761E+04
    0.99227E-01    0.20133E+04
    0.10123E+00    0.19578E+04
    0.10328E+00    0.19094E+04
    0.10536E+00    0.18673E+04
    0.10749E+00    0.18305E+04
    0.10966E+00    0.17981E+04
    0.11188E+00    0.17685E+04
    0.11414E+00    0.17404E+04
    0.11644E+00    0.17125E+04
    0.11880E+00    0.16833E+04
    0.12120E+00    0.16519E+04
    0.12365E+00    0.16171E+04
    0.12614E+00    0.15783E+04
    0.12869E+00    0.15352E+04
    0.13129E+00    0.14879E+04
    0.13394E+00    0.14368E+04
    0.13665E+00    0.13827E+04
    0.13941E+00    0.13267E+04
    0.14223E+00    0.12702E+04
    0.14510E+00    0.12146E+04
    0.14803E+00    0.11617E+04
    0.15102E+00    0.11128E+04
    0.15407E+00    0.10689E+04
    0.15718E+00    0.10308E+04
    0.16036E+00    0.99830E+03
    0.16360E+00    0.97098E+03
    0.16690E+00    0.94791E+03
    0.17028E+00    0.92800E+03
    0.17371E+00    0.90998E+03
    0.17722E+00    0.89250E+03
    0.18080E+00    0.87413E+03
    0.18446E+00    0.85359E+03
    0.18818E+00    0.83006E+03
    0.19198E+00    0.80343E+03
    0.19586E+00    0.77434E+03
    0.19982E+00    0.74381E+03
    0.20386E+00    0.71305E+03
    0.20797E+00    0.68329E+03
    0.21218E+00    0.65567E+03
    0.21646E+00    0.63106E+03
    0.22083E+00    0.60990E+03
    0.22530E+00    0.59201E+03
    0.22985E+00    0.57676E+03
    0.23449E+00    0.56313E+03
    0.23923E+00    0.55002E+03
    0.24406E+00    0.53635E+03
    0.24899E+00    0.52139E+03
    0.25402E+00    0.50492E+03
    0.25915E+00    0.48730E+03
    0.26439E+00    0.46923E+03
    0.26973E+00    0.45155E+03
    0.27518E+00    0.43506E+03
    0.28074E+00    0.42031E+03
    0.28641E+00    0.40740E+03
    0.29219E+00    0.39601E+03
    0.29810E+00    0.38554E+03
    0.30412E+00    0.37530E+03
    0.31026E+00    0.36473E+03
    0.31653E+00    0.35359E+03
    0.32292E+00    0.34203E+03
    0.32945E+00    0.33047E+03
    0.33610E+00    0.31941E+03
    0.34289E+00    0.30918E+03
    0.34982E+00    0.29990E+03
    0.35689E+00    0.29139E+03
    0.36409E+00    0.28331E+03
    0.37145E+00    0.27533E+03
    0.37895E+00    0.26724E+03
    0.38661E+00    0.25908E+03
    0.39442E+00    0.25105E+03
    0.40239E+00    0.24338E+03
    0.41052E+00    0.23620E+03
    0.41881E+00    0.22948E+03
    0.42727E+00    0.22308E+03
    0.43590E+00    0.21682E+03
    0.44471E+00    0.21063E+03
    0.45369E+00    0.20453E+03
    0.46286E+00    0.19862E+03
    0.47221E+00    0.19298E+03
    0.48174E+00    0.18761E+03
    0.49148E+00    0.18247E+03
    0.50141E+00    0.17747E+03
    0.51153E+00    0.17258E+03
    0.52187E+00    0.16782E+03
    0.53241E+00    0.16322E+03
    0.54317E+00    0.15881E+03
    0.55414E+00    0.15457E+03
    0.56533E+00    0.15045E+03
    0.57675E+00    0.14645E+03
    0.58840E+00    0.14257E+03
    0.60029E+00    0.13882E+03
    0.61242E+00    0.13519E+03
    0.62479E+00    0.13168E+03
    0.63741E+00    0.12829E+03
    0.65029E+00    0.12500E+03
    0.66342E+00    0.12181E+03
    0.67683E+00    0.11872E+03
    0.69050E+00    0.11572E+03
    0.70445E+00    0.11281E+03
    0.71868E+00    0.10998E+03
    0.73320E+00    0.10724E+03
    0.74801E+00    0.10458E+03
    0.76312E+00    0.10200E+03
    0.77854E+00    0.99494E+02
    0.79426E+00    0.97058E+02
    0.81031E+00    0.94691E+02
    0.82668E+00    0.92391E+02
    0.84338E+00    0.90155E+02
    0.86041E+00    0.87981E+02
    0.87780E+00    0.85868E+02
    0.89553E+00    0.83812E+02
    0.91362E+00    0.81811E+02
    0.93208E+00    0.79865E+02
    0.95091E+00    0.77970E+02
    0.97011E+00    0.76124E+02
    0.98971E+00    0.74326E+02
    0.10097E+01    0.72575E+02
    0.10301E+01    0.70867E+02
    0.10509E+01    0.69202E+02
    0.10721E+01    0.67579E+02
    0.10938E+01    0.65995E+02
    0.11159E+01    0.64450E+02
    0.11384E+01    0.62942E+02
    0.11614E+01    0.61470E+02
    0.11849E+01    0.60032E+02
    0.12088E+01    0.58627E+02
    0.12333E+01    0.57255E+02
    0.12582E+01    0.55914E+02
    0.12836E+01    0.54604E+02
    0.13095E+01    0.53322E+02
    0.13360E+01    0.52070E+02
    0.13630E+01    0.50845E+02
    0.13905E+01    0.49646E+02
    0.14186E+01    0.48474E+02
    0.14472E+01    0.47327E+02
    0.14765E+01    0.46204E+02
    0.15063E+01    0.45105E+02
    0.15367E+01    0.44030E+02
    0.15678E+01    0.42977E+02
    0.15994E+01    0.41946E+02
    0.16318E+01    0.40936E+02
    0.16647E+01    0.39948E+02
    0.16984E+01    0.38979E+02
    0.17327E+01    0.38031E+02
    0.17677E+01    0.37101E+02
    0.18034E+01    0.36191E+02
    0.18398E+01    0.35299E+02
    0.18770E+01    0.34425E+02
    0.19149E+01    0.33569E+02
    0.19536E+01    0.32730E+02
    0.19930E+01    0.31908E+02
    0.20333E+01    0.31102E+02
    0.20744E+01    0.30313E+02
    0.21163E+01    0.29540E+02
    0.21590E+01    0.28783E+02
    0.22026E+01    0.28041E+02
    0.22471E+01    0.27314E+02
    0.22925E+01    0.26602E+02
    0.23388E+01    0.25904E+02
    0.23861E+01    0.25220E+02
    0.24343E+01    0.24551E+02
    0.24835E+01    0.23895E+02
    0.25336E+01    0.23253E+02
    0.25848E+01    0.22624E+02
    0.26370E+01    0.22008E+02
    0.26903E+01    0.21406E+02
    0.27447E+01    0.20816E+02
    0.28001E+01    0.20238E+02
    0.28567E+01    0.19673E+02
    0.29144E+01    0.19120E+02
    0.29733E+01    0.18579E+02
    0.30333E+01    0.18050E+02
    0.30946E+01    0.17532E+02
    0.31571E+01    0.17026E+02
    0.32209E+01    0.16531E+02
    0.32860E+01    0.16047E+02
    0.33523E+01    0.15575E+02
    0.34201E+01    0.15113E+02
    0.34892E+01    0.14661E+02
    0.35596E+01    0.14220E+02
    0.36316E+01    0.13789E+02
    0.37049E+01    0.13369E+02
    0.37798E+01    0.12958E+02
    0.38561E+01    0.12558E+02
    0.39340E+01    0.12167E+02
    0.40135E+01    0.11785E+02
    0.40946E+01    0.11413E+02
    0.41773E+01    0.11051E+02
    0.42617E+01    0.10697E+02
    0.43478E+01    0.10353E+02
    0.44356E+01    0.10017E+02
    0.45252E+01    0.96897E+01
    0.46166E+01    0.93712E+01
    0.47099E+01    0.90610E+01
    0.48050E+01    0.87590E+01
    0.49021E+01    0.84652E+01
    0.50011E+01    0.81793E+01
    0.51021E+01    0.79013E+01
    0.52052E+01    0.76310E+01
    0.53104E+01    0.73683E+01
    0.54176E+01    0.71130E+01
    0.55271E+01    0.68651E+01
    0.56387E+01    0.66243E+01
    0.57526E+01    0.63905E+01
    0.58689E+01    0.61636E+01
    0.59874E+01    0.59435E+01
    0.61084E+01    0.57299E+01
    0.62318E+01    0.55229E+01
    0.63577E+01    0.53221E+01
    0.64861E+01    0.51276E+01
    0.66171E+01    0.49391E+01
    0.67508E+01    0.47565E+01
    0.68872E+01    0.45797E+01
    0.70263E+01    0.44086E+01
    0.71682E+01    0.42430E+01
    0.73130E+01    0.40828E+01
    0.74608E+01    0.39279E+01
    0.76115E+01    0.37781E+01
    0.77653E+01    0.36333E+01
    0.79221E+01    0.34934E+01
    0.80822E+01    0.33582E+01
    0.82454E+01    0.32277E+01
    0.84120E+01    0.31016E+01
    0.85819E+01    0.29800E+01
    0.87553E+01    0.28626E+01
    0.89322E+01    0.27494E+01
    0.91126E+01    0.26402E+01
    0.92967E+01    0.25348E+01
    0.94845E+01    0.24333E+01
    0.96761E+01    0.23355E+01
    0.98716E+01    0.22412E+01
    0.10071E+02    0.21504E+01
    0.10274E+02    0.20630E+01
    0.10482E+02    0.19788E+01
    0.10694E+02    0.18978E+01
    0.10910E+02    0.18198E+01
    0.11130E+02    0.17447E+01
    0.11355E+02    0.16726E+01
    0.11584E+02    0.16032E+01
    0.11818E+02    0.15364E+01
    0.12057E+02    0.14723E+01
    0.12301E+02    0.14107E+01
    0.12549E+02    0.13514E+01
    0.12803E+02    0.12945E+01
    0.13061E+02    0.12399E+01
    0.13325E+02    0.11874E+01
    0.13594E+02    0.11370E+01
    0.13869E+02    0.10886E+01
    0.14149E+02    0.10421E+01
    0.14435E+02    0.99757E+00
    0.14727E+02    0.95479E+00
    0.15024E+02    0.91374E+00
    0.15328E+02    0.87436E+00
    0.15637E+02    0.83659E+00
    0.15953E+02    0.80036E+00
    0.16275E+02    0.76561E+00
    0.16604E+02    0.73230E+00
    0.16940E+02    0.70037E+00
    0.17282E+02    0.66976E+00
    0.17631E+02    0.64042E+00
    0.17987E+02    0.61230E+00
    0.18351E+02    0.58536E+00
    0.18721E+02    0.55956E+00
    0.19099E+02    0.53485E+00
    0.19485E+02    0.51119E+00
    0.19879E+02    0.48854E+00
    0.20280E+02    0.46687E+00
    0.20690E+02    0.44613E+00
    0.21108E+02    0.42629E+00
    0.21535E+02    0.40731E+00
    0.21970E+02    0.38916E+00
    0.22413E+02    0.37181E+00
    0.22866E+02    0.35522E+00
    0.23328E+02    0.33936E+00
    0.23799E+02    0.32421E+00
    0.24280E+02    0.30973E+00
