# magnitude cutoff table for sg interpolation
2.100000000000000000e+01
2.112244897959183731e+01
2.124489795918367463e+01
2.136734693877551194e+01
2.148979591836734571e+01
2.161224489795918302e+01
2.173469387755102034e+01
2.185714285714285765e+01
2.197959183673469497e+01
2.210204081632652873e+01
2.222448979591836604e+01
2.234693877551020336e+01
2.246938775510204067e+01
2.259183673469387799e+01
2.271428571428571530e+01
2.283673469387755262e+01
2.295918367346938638e+01
2.308163265306122369e+01
2.320408163265306101e+01
2.332653061224489832e+01
2.344897959183673564e+01
2.357142857142856940e+01
2.369387755102040671e+01
2.381632653061224403e+01
2.393877551020408134e+01
2.406122448979591866e+01
2.418367346938775597e+01
2.430612244897959329e+01
2.442857142857142705e+01
2.455102040816326436e+01
2.467346938775510168e+01
2.479591836734693899e+01
2.491836734693877631e+01
2.504081632653061007e+01
2.516326530612244738e+01
2.528571428571428470e+01
2.540816326530612201e+01
2.553061224489795933e+01
2.565306122448979664e+01
2.577551020408163396e+01
2.589795918367347127e+01
2.602040816326530503e+01
2.614285714285714235e+01
2.626530612244897966e+01
2.638775510204081698e+01
2.651020408163265074e+01
2.663265306122448806e+01
2.675510204081632537e+01
2.687755102040816269e+01
2.700000000000000000e+01
