# z table for sg interpolation
5.000000000000000104e-04
3.988888888888888345e-02
7.927777777777776647e-02
1.186666666666666425e-01
1.580555555555555325e-01
1.974444444444444224e-01
2.368333333333332846e-01
2.762222222222222023e-01
3.156111111111110645e-01
3.549999999999999267e-01
3.943888888888888444e-01
4.337777777777777066e-01
4.731666666666665688e-01
5.125555555555554310e-01
5.519444444444443487e-01
5.913333333333331554e-01
6.307222222222220731e-01
6.701111111111109908e-01
7.094999999999997975e-01
7.488888888888887152e-01
7.882777777777776329e-01
8.276666666666664396e-01
8.670555555555553573e-01
9.064444444444442750e-01
9.458333333333330817e-01
9.852222222222219994e-01
1.024611111111110917e+00
1.063999999999999835e+00
1.103388888888888753e+00
1.142777777777777448e+00
1.182166666666666366e+00
1.221555555555555284e+00
1.260944444444444201e+00
1.300333333333333119e+00
1.339722222222222037e+00
1.379111111111110954e+00
1.418499999999999650e+00
1.457888888888888568e+00
1.497277777777777485e+00
1.536666666666666403e+00
1.576055555555555321e+00
1.615444444444444239e+00
1.654833333333332934e+00
1.694222222222221852e+00
1.733611111111110770e+00
1.772999999999999687e+00
1.812388888888888605e+00
1.851777777777777523e+00
1.891166666666666218e+00
1.930555555555555136e+00
1.969944444444444054e+00
2.009333333333333194e+00
2.048722222222222111e+00
2.088111111111111029e+00
2.127499999999999947e+00
2.166888888888888864e+00
2.206277777777777782e+00
2.245666666666666700e+00
2.285055555555555173e+00
2.324444444444444091e+00
2.363833333333333009e+00
2.403222222222221927e+00
2.442611111111110844e+00
2.481999999999999762e+00
2.521388888888888680e+00
2.560777777777777597e+00
2.600166666666666515e+00
2.639555555555555433e+00
2.678944444444444350e+00
2.718333333333333268e+00
2.757722222222222186e+00
2.797111111111110660e+00
2.836499999999999577e+00
2.875888888888888495e+00
2.915277777777777413e+00
2.954666666666666330e+00
2.994055555555555248e+00
3.033444444444444166e+00
3.072833333333333083e+00
3.112222222222222001e+00
3.151611111111110919e+00
3.190999999999999837e+00
3.230388888888888754e+00
3.269777777777777672e+00
3.309166666666666146e+00
3.348555555555555063e+00
3.387944444444443981e+00
3.427333333333332899e+00
3.466722222222221816e+00
3.506111111111110734e+00
3.545499999999999652e+00
3.584888888888888570e+00
3.624277777777777487e+00
3.663666666666666405e+00
3.703055555555555323e+00
3.742444444444444240e+00
3.781833333333332714e+00
3.821222222222221632e+00
3.860611111111110549e+00
3.899999999999999911e+00
