# z 	 sg, where sg is the magnification bias
1.000000000000000021e-03 1.323877642651096198e-01
2.010050251256281437e-02 1.348944724624097369e-01
4.020100502512562873e-02 1.366865495958763388e-01
6.030150753768843963e-02 1.382637479155096882e-01
8.040201005025125747e-02 1.397373297146151105e-01
1.005025125628140753e-01 1.411525416056440829e-01
1.206030150753768793e-01 1.425333836074445248e-01
1.407035175879396971e-01 1.438945427503420804e-01
1.608040201005025149e-01 1.452458838312913891e-01
1.809045226130653328e-01 1.465944950355943799e-01
2.010050251256281506e-01 1.479457439972688693e-01
2.211055276381909684e-01 1.493038741116609613e-01
2.412060301507537585e-01 1.506723649459517922e-01
2.613065326633166041e-01 1.520541621335743665e-01
2.814070351758793942e-01 1.534518306496906737e-01
3.015075376884422398e-01 1.548676608995337711e-01
3.216080402010050299e-01 1.563037445693708782e-01
3.417085427135678199e-01 1.577620304383564043e-01
3.618090452261306655e-01 1.592443665112604767e-01
3.819095477386934556e-01 1.607525325544124084e-01
4.020100502512563012e-01 1.622882657121739458e-01
4.221105527638190913e-01 1.638532809785709088e-01
4.422110552763819369e-01 1.654492876983267857e-01
4.623115577889447270e-01 1.670780028532575789e-01
4.824120603015075170e-01 1.687411615848669610e-01
5.025125628140703071e-01 1.704405251696547163e-01
5.226130653266332082e-01 1.721778864748172155e-01
5.427135678391959983e-01 1.739550727640738481e-01
5.628140703517587884e-01 1.757739455899527403e-01
5.829145728643215785e-01 1.776363974003800361e-01
6.030150753768844796e-01 1.795443444100373320e-01
6.231155778894472697e-01 1.814997152534507940e-01
6.432160804020100597e-01 1.835044349651678008e-01
6.633165829145728498e-01 1.855604039462389332e-01
6.834170854271356399e-01 1.876694718008157514e-01
7.035175879396985410e-01 1.898334062866723904e-01
7.236180904522613311e-01 1.920538581339752138e-01
7.437185929648241212e-01 1.943323231448909061e-01
7.638190954773869112e-01 1.966701037603739988e-01
7.839195979899498123e-01 1.990682730968115488e-01
8.040201005025126024e-01 2.015276451942786817e-01
8.241206030150753925e-01 2.040487557177512734e-01
8.442211055276381826e-01 2.066318574267340114e-01
8.643216080402009727e-01 2.092769342053538983e-01
8.844221105527638738e-01 2.119837362195231556e-01
9.045226130653266639e-01 2.147518368570532910e-01
9.246231155778894539e-01 2.175807096901967441e-01
9.447236180904522440e-01 2.204698211197886892e-01
9.648241206030150341e-01 2.234187320700420365e-01
9.849246231155779352e-01 2.264272005676833954e-01
1.005025125628140614e+00 2.294952766114468634e-01
1.025125628140703515e+00 2.326233815506445479e-01
1.045226130653266416e+00 2.358123661114532033e-01
1.065326633165829096e+00 2.390635438671783464e-01
1.085427135678391997e+00 2.423786998401657455e-01
1.105527638190954898e+00 2.457600765431795786e-01
1.125628140703517577e+00 2.492103417300776669e-01
1.145728643216080478e+00 2.527325432319654785e-01
1.165829145728643157e+00 2.563300565039169365e-01
1.185929648241206058e+00 2.600065300501540611e-01
1.206030150753768959e+00 2.637658329666606183e-01
1.226130653266331638e+00 2.676120076879770493e-01
1.246231155778894539e+00 2.715492298603128796e-01
1.266331658291457218e+00 2.755817762338052535e-01
1.286432160804020119e+00 2.797140006526822598e-01
1.306532663316583021e+00 2.839503176463801237e-01
1.326633165829145700e+00 2.882951927709499484e-01
1.346733668341708601e+00 2.927531386796736190e-01
1.366834170854271280e+00 2.973287158682783593e-01
1.386934673366834181e+00 3.020265370986160991e-01
1.407035175879397082e+00 3.068512743698630363e-01
1.427135678391959761e+00 3.118076694224075074e-01
1.447236180904522662e+00 3.169005419766984799e-01
1.467336683417085341e+00 3.221348038932132507e-01
1.487437185929648242e+00 3.275154702456442024e-01
1.507537688442211143e+00 3.330476722493672659e-01
1.527638190954773822e+00 3.387366701433691119e-01
1.547738693467336724e+00 3.445878661659238507e-01
1.567839195979899625e+00 3.506068175648814900e-01
1.587939698492462304e+00 3.567992496181435214e-01
1.608040201005025205e+00 3.631710686635238328e-01
1.628140703517587884e+00 3.697283751520345496e-01
1.648241206030150785e+00 3.764774767462943927e-01
1.668341708542713686e+00 3.834249014878857720e-01
1.688442211055276365e+00 3.905774110553199563e-01
1.708542713567839266e+00 3.979420141288065871e-01
1.728643216080401945e+00 4.055259798669813565e-01
1.748743718592964846e+00 4.133368511989984895e-01
1.768844221105527748e+00 4.213824600810143206e-01
1.788944723618090427e+00 4.296709381235485070e-01
1.809045226130653328e+00 4.382107335871441856e-01
1.829145728643216007e+00 4.470106236317981097e-01
1.849246231155778908e+00 4.560797284363748427e-01
1.869346733668341809e+00 4.654275249126287317e-01
1.889447236180904488e+00 4.750638602798052390e-01
1.909547738693467389e+00 4.849989654597322564e-01
1.929648241206030068e+00 4.952434682446643643e-01
1.949748743718592969e+00 5.058084062245178369e-01
1.969849246231155870e+00 5.167052394656158620e-01
1.989949748743718549e+00 5.279458629629719679e-01
2.010050251256281229e+00 5.395426189163701203e-01
2.030150753768844130e+00 5.515083089128821614e-01
2.050251256281407031e+00 5.638562061319948304e-01
2.070351758793969932e+00 5.766000673911612084e-01
2.090452261306532833e+00 5.897541475326993909e-01
2.110552763819095290e+00 6.033332093902834536e-01
2.130653266331658191e+00 6.173525412210394414e-01
2.150753768844221092e+00 6.318279698074263928e-01
2.170854271356783993e+00 6.467758776422992684e-01
2.190954773869346894e+00 6.622132200158333815e-01
2.211055276381909795e+00 6.781575445510173994e-01
2.231155778894472252e+00 6.946270120711498519e-01
2.251256281407035154e+00 7.116404192735863443e-01
2.271356783919598055e+00 7.292172231582054742e-01
2.291457286432160956e+00 7.473775671579090396e-01
2.311557788944723857e+00 7.661423089109062889e-01
2.331658291457286314e+00 7.855330494430233790e-01
2.351758793969849215e+00 8.055721637556879644e-01
2.371859296482412116e+00 8.262828324230154786e-01
2.391959798994975017e+00 8.476890748927098373e-01
2.412060301507537918e+00 8.698157820070159252e-01
2.432160804020100375e+00 8.926887515814092566e-01
2.452261306532663276e+00 9.163347230957845646e-01
2.472361809045226178e+00 9.407814138486527700e-01
2.492462311557789079e+00 9.660575558510939853e-01
2.512562814070351980e+00 9.921929336625741058e-01
2.532663316582914437e+00 1.019218423288266617e+00
2.552763819095477338e+00 1.047166032276767966e+00
2.572864321608040239e+00 1.076068941168712323e+00
2.592964824120603140e+00 1.105961546453381628e+00
2.613065326633166041e+00 1.136879505193275186e+00
2.633165829145728498e+00 1.168859781608296400e+00
2.653266331658291399e+00 1.201940694928953945e+00
2.673366834170854300e+00 1.236161971122338610e+00
2.693467336683417201e+00 1.271564794994097580e+00
2.713567839195980103e+00 1.308191866036321427e+00
2.733668341708542560e+00 1.346087456897041346e+00
2.753768844221105461e+00 1.385297474844184862e+00
2.773869346733668362e+00 1.425869526675961563e+00
2.793969849246231263e+00 1.467852987404588250e+00
2.814070351758794164e+00 1.511299073140109250e+00
2.834170854271356621e+00 1.556260918674695404e+00
2.854271356783919522e+00 1.602793660357650474e+00
2.874371859296482423e+00 1.650954525118695670e+00
2.894472361809045324e+00 1.700802925439089508e+00
2.914572864321608225e+00 1.752400564010502926e+00
2.934673366834170682e+00 1.805811545450594524e+00
2.954773869346733584e+00 1.861102499426752432e+00
2.974874371859296485e+00 1.918342715749651983e+00
2.994974874371859386e+00 1.977604293730365059e+00
3.015075376884422287e+00 2.038962308357901598e+00
3.035175879396985188e+00 2.102494996427902052e+00
3.055276381909547645e+00 2.168283966465082813e+00
3.075376884422110546e+00 2.236414437178625647e+00
3.095477386934673447e+00 2.306975510320260714e+00
3.115577889447236348e+00 2.380060485243214341e+00
3.135678391959799249e+00 2.455767224280855920e+00
3.155778894472361706e+00 2.534198580385007560e+00
3.175879396984924607e+00 2.615462901447515254e+00
3.195979899497487509e+00 2.699674629569011053e+00
3.216080402010050410e+00 2.786955018521930061e+00
3.236180904522613311e+00 2.877432999137744307e+00
3.256281407035175768e+00 2.971246230843069824e+00
3.276381909547738669e+00 3.068542388750306937e+00
3.296482412060301570e+00 3.169480750520841106e+00
3.316582914572864471e+00 3.274234166969903104e+00
3.336683417085427372e+00 3.382991526878770472e+00
3.356783919597989829e+00 3.495961378340931347e+00
3.376884422110552730e+00 3.613373289425224399e+00
3.396984924623115631e+00 3.735488047023861835e+00
3.417085427135678533e+00 3.862598987278421436e+00
3.437185929648241434e+00 3.995043003426533179e+00
3.457286432160803891e+00 4.133211061842716028e+00
3.477386934673366792e+00 4.277562767780423769e+00
3.497487437185929693e+00 4.428645772283600124e+00
3.517587939698492594e+00 4.587121882236383286e+00
3.537688442211055495e+00 4.753802560468194827e+00
3.557788944723617952e+00 4.929697750934496803e+00
3.577889447236180853e+00 5.116083887942963315e+00
3.597989949748743754e+00 5.314599977185740620e+00
3.618090452261306655e+00 5.527385518847347079e+00
3.638190954773869557e+00 5.757282128131504528e+00
3.658291457286432014e+00 6.008134512487449008e+00
3.678391959798994915e+00 6.285250870821527336e+00
3.698492462311557816e+00 6.596127701023078771e+00
3.718592964824120717e+00 6.951630626107753841e+00
3.738693467336683618e+00 7.367999260652624116e+00
3.758793969849246075e+00 7.870427449780724949e+00
3.778894472361808976e+00 8.499870920368655547e+00
3.798994974874371877e+00 9.327066291852576185e+00
3.819095477386934778e+00 1.048457871768185257e+01
3.839195979899497679e+00 1.225132400539868271e+01
3.859296482412060136e+00 1.532753767645242604e+01
3.879396984924623037e+00 2.210243738019939030e+01
3.899497487437185939e+00 4.941732946683676175e+01
3.919597989949748840e+00 -8.497381572088106338e+01
3.939698492462311741e+00 -1.864516031153253195e+01
3.959798994974874642e+00 -9.128980940469894279e+00
3.979899497487437099e+00 -5.386847172892966995e+00
4.000000000000000000e+00 -3.432860963385949926e+00
