# zbg max interpolation table
6.793896948474236197e-01
6.812406203101550872e-01
6.849424712356178002e-01
6.867933966983491567e-01
6.886443221610805132e-01
6.923461730865432262e-01
6.941970985492746937e-01
6.978989494747374067e-01
6.997498749374686522e-01
7.034517258629313652e-01
7.053026513256628327e-01
7.071535767883940782e-01
7.108554277138570132e-01
7.127063531765882587e-01
7.164082041020509717e-01
7.182591295647824392e-01
7.219609804902451522e-01
7.238119059529763977e-01
7.275137568784391107e-01
7.293646823411705782e-01
7.330665332666332912e-01
7.349174587293647587e-01
7.367683841920960042e-01
7.404702351175587172e-01
7.423211605802901847e-01
7.460230115057528977e-01
7.478739369684841432e-01
7.515757878939468561e-01
7.534267133566783237e-01
7.571285642821410367e-01
7.589794897448725042e-01
7.626813406703352172e-01
7.645322661330664626e-01
7.682341170585291756e-01
7.700850425212606432e-01
7.737868934467233561e-01
7.774887443721860691e-01
7.793396698349175367e-01
7.830415207603802497e-01
7.848924462231114951e-01
7.885942971485742081e-01
7.904452226113056756e-01
7.941470735367683886e-01
7.959979989994996341e-01
7.996998499249625691e-01
8.015507753876938146e-01
8.052526263131565276e-01
8.089544772386192406e-01
8.108054027013507081e-01
8.145072536268134211e-01
8.163581790895446666e-01
8.200600300150073796e-01
8.219109554777388471e-01
8.256128064032015601e-01
8.293146573286642731e-01
8.311655827913957406e-01
8.348674337168584536e-01
8.367183591795896991e-01
8.404202101050524121e-01
8.441220610305153471e-01
8.459729864932465926e-01
8.496748374187093056e-01
8.515257628814407731e-01
8.552276138069034861e-01
8.589294647323661991e-01
8.607803901950974446e-01
8.644822411205601576e-01
8.681840920460230926e-01
8.700350175087543381e-01
8.737368684342170511e-01
8.755877938969485186e-01
8.792896448224112316e-01
8.829914957478739446e-01
8.848424212106051900e-01
8.885442721360681251e-01
8.922461230615308381e-01
8.940970485242620835e-01
8.977988994497247965e-01
9.015007503751875095e-01
9.033516758379189771e-01
9.070535267633816900e-01
9.107553776888444030e-01
9.126063031515758706e-01
9.163081540770385836e-01
9.200100050025012965e-01
9.218609304652325420e-01
9.255627813906952550e-01
9.292646323161579680e-01
9.311155577788894355e-01
9.348174087043521485e-01
9.385192596298148615e-01
9.422211105552775745e-01
9.440720360180090420e-01
9.477738869434717550e-01
9.514757378689344680e-01
9.533266633316657135e-01
9.570285142571286485e-01
9.607303651825913615e-01
9.644322161080540745e-01
9.662831415707853200e-01
9.699849924962480330e-01
9.736868434217107460e-01
9.773886943471734590e-01
9.792396198099049265e-01
9.829414707353676395e-01
9.866433216608303525e-01
9.903451725862930655e-01
9.921960980490245330e-01
9.958979489744872460e-01
9.995997998999499590e-01
1.003301650825412672e+00
1.005152576288144139e+00
1.008854427213606852e+00
1.012556278139069565e+00
1.016258129064532278e+00
1.018109054527263524e+00
1.021810905452726237e+00
1.025512756378189172e+00
1.029214607303651885e+00
1.031065532766383130e+00
1.034767383691845843e+00
1.038469234617308556e+00
1.042171085542771269e+00
1.045872936468233982e+00
1.047723861930965450e+00
1.051425712856428163e+00
1.055127563781890876e+00
1.058829414707353589e+00
1.062531265632816302e+00
1.064382191095547769e+00
1.068084042021010482e+00
1.071785892946473195e+00
1.075487743871935908e+00
1.079189594797398621e+00
1.082891445722861334e+00
1.084742371185592802e+00
1.088444222111055515e+00
1.092146073036518228e+00
1.095847923961980941e+00
1.099549774887443654e+00
1.103251625812906367e+00
1.105102551275637834e+00
1.108804402201100547e+00
1.112506253126563260e+00
1.116208104052025973e+00
1.119909954977488686e+00
1.123611805902951399e+00
1.125462731365682867e+00
1.129164582291145580e+00
1.132866433216608293e+00
1.136568284142071006e+00
1.140270135067533719e+00
1.143971985992996432e+00
1.147673836918459145e+00
1.151375687843921858e+00
1.153226613306653325e+00
1.156928464232116038e+00
1.160630315157578751e+00
1.164332166083041464e+00
1.168034017008504177e+00
1.171735867933966890e+00
1.175437718859429603e+00
1.179139569784892316e+00
1.182841420710355251e+00
1.184692346173086497e+00
1.188394197098549210e+00
1.192096048024011923e+00
1.195797898949474636e+00
1.199499749874937349e+00
1.203201600800400062e+00
1.206903451725862775e+00
1.210605302651325488e+00
1.214307153576788201e+00
1.218009004502251136e+00
1.221710855427713849e+00
1.223561780890445094e+00
1.227263631815907807e+00
1.230965482741370520e+00
1.234667333666833233e+00
1.238369184592296168e+00
1.242071035517758881e+00
1.245772886443221594e+00
1.249474737368684307e+00
1.253176588294147020e+00
1.256878439219609733e+00
1.260580290145072446e+00
1.264282141070535159e+00
1.267983991995997872e+00
1.271685842921460585e+00
1.275387693846923298e+00
1.279089544772386011e+00
1.282791395697848724e+00
1.286493246623311659e+00
1.290195097548774372e+00
1.293896948474237085e+00
1.297598799399699798e+00
1.301300650325162511e+00
1.305002501250625224e+00
1.308704352176087937e+00
1.312406203101550650e+00
1.738119059529764865e+00
1.745522761380690291e+00
1.752926463231615717e+00
1.760330165082541143e+00
1.765882941470735323e+00
1.773286643321660749e+00
1.780690345172586175e+00
1.786243121560780356e+00
1.793646823411705782e+00
1.801050525262631208e+00
1.806603301650825388e+00
1.814007003501750814e+00
1.821410705352676240e+00
1.826963481740870421e+00
1.834367183591795847e+00
1.841770885442721273e+00
1.847323661830915453e+00
1.854727363681840879e+00
1.860280140070034838e+00
1.867683841920960264e+00
1.873236618309154444e+00
1.880640320160079870e+00
1.888044022011005296e+00
1.893596798399199477e+00
1.901000500250124903e+00
1.906553276638319083e+00
1.913956978489244509e+00
1.919509754877438690e+00
1.926913456728364116e+00
1.934317158579289542e+00
1.939869934967483722e+00
1.947273636818409148e+00
1.952826413206603107e+00
1.960230115057528755e+00
1.965782891445722713e+00
1.973186593296648139e+00
1.978739369684842320e+00
1.986143071535767746e+00
1.993546773386693172e+00
1.999099549774887352e+00
2.006503251625813000e+00
2.012056028014006959e+00
2.019459729864932385e+00
2.026863431715857811e+00
2.032416208104052213e+00
2.039819909954977639e+00
2.045372686343171598e+00
2.052776388194097024e+00
2.060180090045022450e+00
2.065732866433216408e+00
2.073136568284142278e+00
2.078689344672336237e+00
2.086093046523261663e+00
2.093496748374187089e+00
2.099049524762381047e+00
2.106453226613306473e+00
2.112006003001500876e+00
2.119409704852426302e+00
2.126813406703351728e+00
2.132366183091545686e+00
2.139769884942471112e+00
2.147173586793396538e+00
2.152726363181590941e+00
2.160130065032516367e+00
2.167533766883441793e+00
2.173086543271635751e+00
2.180490245122561177e+00
2.187893946973486603e+00
2.193446723361681006e+00
2.200850425212606432e+00
2.208254127063531858e+00
2.213806903451725816e+00
2.221210605302651242e+00
2.228614307153576668e+00
2.234167083541771071e+00
2.241570785392696497e+00
2.248974487243621923e+00
2.254527263631815881e+00
2.261930965482741307e+00
2.269334667333666733e+00
2.274887443721861136e+00
2.282291145572786562e+00
2.289694847423711987e+00
2.297098549274637413e+00
2.302651325662831372e+00
2.310055027513756798e+00
2.317458729364682224e+00
2.324862431215608094e+00
2.330415207603802052e+00
2.337818909454727478e+00
2.345222611305652904e+00
2.350775387693846863e+00
2.358179089544772289e+00
2.365582791395697715e+00
2.372986493246623585e+00
2.380390195097549011e+00
2.385942971485742969e+00
2.393346673336668395e+00
2.400750375187593821e+00
2.408154077038519247e+00
2.413706853426713650e+00
2.421110555277639076e+00
2.428514257128564502e+00
2.435917958979489928e+00
2.443321660830415354e+00
2.448874437218609312e+00
2.456278139069534738e+00
2.463681840920460164e+00
2.471085542771385590e+00
2.478489244622311016e+00
2.484042021010505419e+00
2.491445722861430845e+00
2.498849424712356271e+00
2.506253126563281697e+00
2.513656828414207123e+00
2.521060530265132549e+00
2.526613306653326951e+00
2.534017008504252377e+00
2.541420710355177803e+00
2.548824412206103229e+00
2.556228114057028655e+00
2.563631815907954081e+00
2.571035517758879507e+00
2.576588294147073466e+00
2.583991995997998892e+00
2.591395697848924318e+00
2.598799399699850188e+00
2.606203101550775614e+00
2.613606803401701040e+00
2.621010505252626466e+00
2.628414207103551892e+00
2.633966983491745850e+00
2.641370685342671276e+00
2.648774387193596702e+00
2.656178089044522128e+00
2.663581790895447998e+00
2.670985492746373424e+00
2.678389194597298850e+00
2.685792896448224276e+00
2.693196598299149702e+00
2.700600300150075128e+00
2.706153076538269087e+00
2.713556778389194513e+00
2.720960480240119939e+00
2.728364182091045809e+00
2.735767883941971235e+00
2.743171585792896661e+00
2.750575287643822087e+00
2.757978989494747513e+00
2.765382691345672939e+00
2.772786393196598365e+00
2.780190095047523791e+00
2.787593796898449217e+00
2.794997498749374643e+00
2.802401200600300069e+00
2.809804902451225495e+00
2.817208604302150921e+00
2.824612306153076791e+00
2.832016008004002217e+00
2.839419709854927643e+00
2.846823411705853069e+00
2.854227113556778495e+00
2.861630815407703921e+00
2.869034517258629347e+00
2.876438219109554773e+00
2.883841920960480198e+00
2.889394697348674601e+00
2.896798399199600027e+00
2.904202101050525453e+00
2.911605802901450879e+00
2.920860430215107773e+00
2.928264132066033198e+00
2.935667833916958624e+00
2.943071535767884050e+00
2.950475237618809476e+00
2.957878939469734902e+00
2.965282641320660328e+00
2.972686343171585754e+00
2.980090045022511180e+00
2.987493746873436606e+00
2.994897448724362032e+00
3.002301150575287902e+00
3.009704852426213328e+00
3.017108554277138754e+00
3.024512256128064180e+00
3.031915957978989606e+00
3.039319659829915032e+00
3.046723361680840458e+00
3.054127063531765884e+00
3.061530765382691310e+00
3.068934467233616736e+00
3.076338169084542162e+00
3.083741870935467588e+00
3.091145572786393458e+00
3.098549274637318884e+00
3.105952976488244310e+00
3.115207603801901204e+00
3.122611305652826630e+00
3.130015007503752056e+00
3.137418709354677482e+00
3.144822411205602908e+00
3.152226113056528334e+00
3.159629814907453760e+00
3.167033516758379186e+00
3.174437218609304612e+00
3.181840920460230038e+00
3.189244622311155464e+00
3.196648324162080890e+00
3.204052026013006760e+00
3.213306653326663209e+00
3.220710355177588635e+00
3.228114057028514505e+00
3.235517758879439931e+00
3.242921460730365357e+00
3.250325162581290783e+00
3.257728864432216209e+00
3.265132566283141635e+00
3.272536268134067061e+00
3.279939969984992487e+00
3.289194597298649381e+00
3.296598299149574807e+00
3.304002001000500233e+00
3.311405702851425659e+00
3.318809404702351085e+00
3.326213106553276511e+00
3.333616808404201937e+00
3.341020510255127807e+00
3.348424212106053233e+00
3.355827913956978659e+00
3.365082541270635552e+00
3.372486243121560978e+00
3.379889944972486404e+00
3.387293646823411830e+00
3.394697348674337256e+00
3.402101050525262682e+00
3.409504752376188108e+00
3.416908454227113534e+00
3.426163081540770428e+00
3.433566783391695854e+00
3.440970485242621280e+00
3.448374187093546706e+00
3.455777888944472132e+00
3.463181590795397558e+00
3.470585292646322984e+00
3.477988994497248854e+00
3.487243621810905303e+00
3.494647323661831173e+00
3.502051025512756599e+00
3.509454727363682025e+00
3.516858429214607451e+00
3.524262131065532877e+00
3.531665832916458303e+00
3.539069534767383729e+00
3.548324162081040622e+00
3.555727863931966048e+00
3.563131565782891474e+00
3.570535267633816900e+00
3.577938969484742326e+00
3.585342671335667752e+00
3.592746373186593178e+00
3.600150075037518604e+00
3.609404702351175498e+00
3.616808404202100924e+00
3.624212106053026350e+00
3.631615807903952220e+00
3.639019509754877646e+00
3.646423211605803072e+00
3.653826913456728498e+00
3.663081540770385391e+00
3.670485242621310817e+00
3.677888944472236243e+00
3.685292646323161669e+00
3.692696348174087095e+00
3.700100050025012521e+00
3.707503751875937947e+00
3.716758379189594841e+00
3.724162081040520267e+00
3.731565782891445693e+00
3.738969484742371119e+00
3.746373186593296545e+00
3.753776888444221971e+00
3.761180590295147397e+00
3.768584292146073267e+00
3.777838919459729716e+00
3.785242621310655142e+00
3.792646323161581012e+00
3.800050025012506438e+00
3.807453726863431864e+00
3.814857428714357290e+00
3.822261130565282716e+00
3.831515757878939610e+00
3.838919459729865036e+00
3.846323161580790462e+00
3.853726863431715888e+00
3.861130565282641314e+00
3.868534267133566740e+00
3.875937968984492166e+00
3.883341670835417592e+00
3.890745372686343018e+00
3.899999999999999911e+00
