# magnitude cutoff table for zbg max interpolation
1.900000000000000000e+01
1.901603206412825742e+01
1.903206412825651128e+01
1.904809619238476870e+01
1.906412825651302612e+01
1.908016032064128353e+01
1.909619238476953740e+01
1.911222444889779482e+01
1.912825651302605223e+01
1.914428857715430965e+01
1.916032064128256351e+01
1.917635270541082093e+01
1.919238476953907835e+01
1.920841683366733577e+01
1.922444889779558963e+01
1.924048096192384705e+01
1.925651302605210446e+01
1.927254509018036188e+01
1.928857715430861575e+01
1.930460921843687316e+01
1.932064128256513058e+01
1.933667334669338800e+01
1.935270541082164186e+01
1.936873747494989928e+01
1.938476953907815670e+01
1.940080160320641411e+01
1.941683366733466798e+01
1.943286573146292540e+01
1.944889779559118281e+01
1.946492985971944023e+01
1.948096192384769410e+01
1.949699398797595151e+01
1.951302605210420893e+01
1.952905811623246635e+01
1.954509018036072021e+01
1.956112224448897763e+01
1.957715430861723505e+01
1.959318637274549246e+01
1.960921843687374633e+01
1.962525050100200374e+01
1.964128256513026116e+01
1.965731462925851858e+01
1.967334669338677244e+01
1.968937875751502986e+01
1.970541082164328728e+01
1.972144288577154470e+01
1.973747494989979856e+01
1.975350701402805598e+01
1.976953907815631339e+01
1.978557114228456726e+01
1.980160320641282468e+01
1.981763527054108209e+01
1.983366733466933951e+01
1.984969939879759693e+01
1.986573146292585079e+01
1.988176352705410821e+01
1.989779559118236563e+01
1.991382765531061949e+01
1.992985971943887691e+01
1.994589178356713433e+01
1.996192384769539174e+01
1.997795591182364561e+01
1.999398797595190302e+01
2.001002004008016044e+01
2.002605210420841786e+01
2.004208416833667172e+01
2.005811623246492914e+01
2.007414829659318656e+01
2.009018036072144398e+01
2.010621242484969784e+01
2.012224448897795526e+01
2.013827655310621267e+01
2.015430861723447009e+01
2.017034068136272396e+01
2.018637274549098137e+01
2.020240480961923879e+01
2.021843687374749621e+01
2.023446893787575007e+01
2.025050100200400749e+01
2.026653306613226491e+01
2.028256513026052232e+01
2.029859719438877619e+01
2.031462925851703361e+01
2.033066132264529102e+01
2.034669338677354844e+01
2.036272545090180230e+01
2.037875751503005972e+01
2.039478957915831714e+01
2.041082164328657456e+01
2.042685370741482842e+01
2.044288577154308584e+01
2.045891783567134325e+01
2.047494989979960067e+01
2.049098196392785454e+01
2.050701402805611195e+01
2.052304609218436937e+01
2.053907815631262679e+01
2.055511022044088065e+01
2.057114228456913807e+01
2.058717434869739549e+01
2.060320641282564935e+01
2.061923847695390677e+01
2.063527054108216419e+01
2.065130260521042160e+01
2.066733466933867902e+01
2.068336673346693289e+01
2.069939879759519030e+01
2.071543086172344772e+01
2.073146292585170158e+01
2.074749498997995900e+01
2.076352705410821642e+01
2.077955911823647384e+01
2.079559118236472770e+01
2.081162324649298512e+01
2.082765531062124253e+01
2.084368737474949995e+01
2.085971943887775382e+01
2.087575150300601123e+01
2.089178356713426865e+01
2.090781563126252607e+01
2.092384769539077993e+01
2.093987975951903735e+01
2.095591182364729477e+01
2.097194388777555218e+01
2.098797595190380605e+01
2.100400801603206347e+01
2.102004008016032088e+01
2.103607214428857830e+01
2.105210420841683217e+01
2.106813627254508958e+01
2.108416833667334700e+01
2.110020040080160442e+01
2.111623246492985828e+01
2.113226452905811570e+01
2.114829659318637312e+01
2.116432865731463053e+01
2.118036072144288440e+01
2.119639278557114181e+01
2.121242484969939923e+01
2.122845691382765665e+01
2.124448897795591051e+01
2.126052104208416793e+01
2.127655310621242535e+01
2.129258517034067921e+01
2.130861723446893663e+01
2.132464929859719405e+01
2.134068136272545146e+01
2.135671342685370888e+01
2.137274549098196275e+01
2.138877755511022016e+01
2.140480961923847758e+01
2.142084168336673144e+01
2.143687374749498886e+01
2.145290581162324628e+01
2.146893787575150370e+01
2.148496993987976111e+01
2.150100200400801498e+01
2.151703406813627240e+01
2.153306613226452981e+01
2.154909819639278368e+01
2.156513026052104109e+01
2.158116232464929851e+01
2.159719438877755593e+01
2.161322645290581335e+01
2.162925851703406721e+01
2.164529058116232463e+01
2.166132264529058205e+01
2.167735470941883591e+01
2.169338677354709333e+01
2.170941883767535074e+01
2.172545090180360816e+01
2.174148296593186203e+01
2.175751503006011944e+01
2.177354709418837686e+01
2.178957915831663428e+01
2.180561122244488814e+01
2.182164328657314556e+01
2.183767535070140298e+01
2.185370741482966039e+01
2.186973947895791426e+01
2.188577154308617168e+01
2.190180360721442909e+01
2.191783567134268651e+01
2.193386773547094037e+01
2.194989979959919779e+01
2.196593186372745521e+01
2.198196392785571263e+01
2.199799599198396649e+01
2.201402805611222391e+01
2.203006012024048133e+01
2.204609218436873874e+01
2.206212424849699261e+01
2.207815631262525002e+01
2.209418837675350744e+01
2.211022044088176131e+01
2.212625250501001872e+01
2.214228456913827614e+01
2.215831663326653356e+01
2.217434869739479097e+01
2.219038076152304484e+01
2.220641282565130226e+01
2.222244488977955967e+01
2.223847695390781354e+01
2.225450901803607096e+01
2.227054108216432837e+01
2.228657314629258579e+01
2.230260521042084321e+01
2.231863727454909707e+01
2.233466933867735449e+01
2.235070140280561191e+01
2.236673346693386577e+01
2.238276553106212319e+01
2.239879759519038060e+01
2.241482965931863802e+01
2.243086172344689544e+01
2.244689378757514930e+01
2.246292585170340672e+01
2.247895791583166414e+01
2.249498997995991800e+01
2.251102204408817542e+01
2.252705410821643284e+01
2.254308617234469025e+01
2.255911823647294412e+01
2.257515030060120154e+01
2.259118236472945895e+01
2.260721442885771637e+01
2.262324649298597024e+01
2.263927855711422765e+01
2.265531062124248507e+01
2.267134268537074249e+01
2.268737474949899635e+01
2.270340681362725377e+01
2.271943887775551119e+01
2.273547094188376860e+01
2.275150300601202247e+01
2.276753507014027988e+01
2.278356713426853730e+01
2.279959919839679472e+01
2.281563126252504858e+01
2.283166332665330600e+01
2.284769539078156342e+01
2.286372745490982084e+01
2.287975951903807470e+01
2.289579158316633212e+01
2.291182364729458953e+01
2.292785571142284340e+01
2.294388777555110082e+01
2.295991983967935823e+01
2.297595190380761565e+01
2.299198396793587307e+01
2.300801603206412693e+01
2.302404809619238435e+01
2.304008016032064177e+01
2.305611222444889563e+01
2.307214428857715305e+01
2.308817635270541047e+01
2.310420841683366788e+01
2.312024048096192530e+01
2.313627254509017916e+01
2.315230460921843658e+01
2.316833667334669400e+01
2.318436873747494786e+01
2.320040080160320528e+01
2.321643286573146270e+01
2.323246492985972012e+01
2.324849699398797753e+01
2.326452905811623140e+01
2.328056112224448881e+01
2.329659318637274623e+01
2.331262525050100010e+01
2.332865731462925751e+01
2.334468937875751493e+01
2.336072144288577235e+01
2.337675350701402976e+01
2.339278557114228363e+01
2.340881763527054105e+01
2.342484969939879846e+01
2.344088176352705233e+01
2.345691382765530975e+01
2.347294589178356716e+01
2.348897795591182458e+01
2.350501002004008200e+01
2.352104208416833586e+01
2.353707414829659328e+01
2.355310621242485070e+01
2.356913827655310456e+01
2.358517034068136198e+01
2.360120240480961940e+01
2.361723446893787326e+01
2.363326653306613068e+01
2.364929859719438809e+01
2.366533066132264551e+01
2.368136272545090293e+01
2.369739478957915679e+01
2.371342685370741421e+01
2.372945891783567163e+01
2.374549098196392549e+01
2.376152304609218291e+01
2.377755511022044033e+01
2.379358717434869774e+01
2.380961923847695516e+01
2.382565130260520903e+01
2.384168336673346644e+01
2.385771543086172386e+01
2.387374749498997772e+01
2.388977955911823514e+01
2.390581162324649256e+01
2.392184368737474998e+01
2.393787575150300739e+01
2.395390781563126126e+01
2.396993987975951867e+01
2.398597194388777609e+01
2.400200400801602996e+01
2.401803607214428737e+01
2.403406813627254479e+01
2.405010020040080221e+01
2.406613226452905963e+01
2.408216432865731349e+01
2.409819639278557091e+01
2.411422845691382832e+01
2.413026052104208219e+01
2.414629258517033961e+01
2.416232464929859702e+01
2.417835671342685444e+01
2.419438877755511186e+01
2.421042084168336572e+01
2.422645290581162314e+01
2.424248496993988056e+01
2.425851703406813442e+01
2.427454909819639184e+01
2.429058116232464926e+01
2.430661322645290667e+01
2.432264529058116409e+01
2.433867735470941795e+01
2.435470941883767537e+01
2.437074148296593279e+01
2.438677354709418665e+01
2.440280561122244407e+01
2.441883767535070149e+01
2.443486973947895535e+01
2.445090180360721277e+01
2.446693386773547019e+01
2.448296593186372760e+01
2.449899799599198502e+01
2.451503006012023889e+01
2.453106212424849630e+01
2.454709418837675372e+01
2.456312625250500759e+01
2.457915831663326500e+01
2.459519038076152242e+01
2.461122244488977984e+01
2.462725450901803725e+01
2.464328657314629112e+01
2.465931863727454854e+01
2.467535070140280595e+01
2.469138276553105982e+01
2.470741482965931723e+01
2.472344689378757465e+01
2.473947895791583207e+01
2.475551102204408949e+01
2.477154308617234335e+01
2.478757515030060077e+01
2.480360721442885819e+01
2.481963927855711205e+01
2.483567134268536947e+01
2.485170340681362688e+01
2.486773547094188430e+01
2.488376753507014172e+01
2.489979959919839558e+01
2.491583166332665300e+01
2.493186372745491042e+01
2.494789579158316428e+01
2.496392785571142170e+01
2.497995991983967912e+01
2.499599198396793653e+01
2.501202404809619395e+01
2.502805611222444782e+01
2.504408817635270523e+01
2.506012024048096265e+01
2.507615230460921651e+01
2.509218436873747393e+01
2.510821643286573135e+01
2.512424849699398877e+01
2.514028056112224618e+01
2.515631262525050005e+01
2.517234468937875747e+01
2.518837675350701488e+01
2.520440881763526875e+01
2.522044088176352616e+01
2.523647294589178358e+01
2.525250501002003745e+01
2.526853707414829486e+01
2.528456913827655228e+01
2.530060120240480970e+01
2.531663326653306711e+01
2.533266533066132098e+01
2.534869739478957840e+01
2.536472945891783581e+01
2.538076152304608968e+01
2.539679358717434710e+01
2.541282565130260451e+01
2.542885771543086193e+01
2.544488977955911935e+01
2.546092184368737321e+01
2.547695390781563063e+01
2.549298597194388805e+01
2.550901803607214191e+01
2.552505010020039933e+01
2.554108216432865675e+01
2.555711422845691416e+01
2.557314629258517158e+01
2.558917835671342544e+01
2.560521042084168286e+01
2.562124248496994028e+01
2.563727454909819414e+01
2.565330661322645156e+01
2.566933867735470898e+01
2.568537074148296639e+01
2.570140280561122381e+01
2.571743486973947768e+01
2.573346693386773509e+01
2.574949899799599251e+01
2.576553106212424638e+01
2.578156312625250379e+01
2.579759519038076121e+01
2.581362725450901863e+01
2.582965931863727604e+01
2.584569138276552991e+01
2.586172344689378733e+01
2.587775551102204474e+01
2.589378757515029861e+01
2.590981963927855602e+01
2.592585170340681344e+01
2.594188376753507086e+01
2.595791583166332828e+01
2.597394789579158214e+01
2.598997995991983956e+01
2.600601202404809698e+01
2.602204408817635084e+01
2.603807615230460826e+01
2.605410821643286567e+01
2.607014028056111954e+01
2.608617234468937696e+01
2.610220440881763437e+01
2.611823647294589179e+01
2.613426853707414921e+01
2.615030060120240307e+01
2.616633266533066049e+01
2.618236472945891791e+01
2.619839679358717177e+01
2.621442885771542919e+01
2.623046092184368661e+01
2.624649298597194402e+01
2.626252505010020144e+01
2.627855711422845530e+01
2.629458917835671272e+01
2.631062124248497014e+01
2.632665330661322400e+01
2.634268537074148142e+01
2.635871743486973884e+01
2.637474949899799626e+01
2.639078156312625367e+01
2.640681362725450754e+01
2.642284569138276495e+01
2.643887775551102237e+01
2.645490981963927624e+01
2.647094188376753365e+01
2.648697394789579107e+01
2.650300601202404849e+01
2.651903807615230590e+01
2.653507014028055977e+01
2.655110220440881719e+01
2.656713426853707460e+01
2.658316633266532847e+01
2.659919839679358589e+01
2.661523046092184330e+01
2.663126252505010072e+01
2.664729458917835814e+01
2.666332665330661200e+01
2.667935871743486942e+01
2.669539078156312684e+01
2.671142284569138070e+01
2.672745490981963812e+01
2.674348697394789554e+01
2.675951903807615295e+01
2.677555110220441037e+01
2.679158316633266423e+01
2.680761523046092165e+01
2.682364729458917907e+01
2.683967935871743293e+01
2.685571142284569035e+01
2.687174348697394777e+01
2.688777555110220163e+01
2.690380761523045905e+01
2.691983967935871647e+01
2.693587174348697388e+01
2.695190380761523130e+01
2.696793587174348517e+01
2.698396793587174258e+01
2.700000000000000000e+01
