1.000000000000000048e-04 1.172949505533609198e+02
1.011591112223829728e-04 1.186101665671830006e+02
1.023316578330244966e-04 1.199401162353721020e+02
1.035177955630176363e-04 1.212849641835828720e+02
1.047176819485520245e-04 1.226448767546971084e+02
1.059314763518370031e-04 1.240200221368306899e+02
1.071593399822671198e-04 1.254105703850546263e+02
1.084014359178330883e-04 1.268166934419436416e+02
1.096579291267809898e-04 1.282385651583539641e+02
1.109289864895222780e-04 1.296763613144246676e+02
1.122147768207980425e-04 1.311302596407796273e+02
1.135154708920999033e-04 1.326004398002436346e+02
1.148312414543511137e-04 1.340870833283021568e+02
1.161622632608502026e-04 1.355903737466223902e+02
1.175087130904807752e-04 1.371104966062611368e+02
1.188707697711903445e-04 1.386476395098447938e+02
1.202486142037412301e-04 1.402019921339839641e+02
1.216424293857368039e-04 1.417737462519339715e+02
1.230524004359261579e-04 1.433630957564884341e+02
1.244787146187906256e-04 1.449702366829208131e+02
1.259215613694151213e-04 1.465953672275435906e+02
1.273811323186478520e-04 1.482386877710511328e+02
1.288576213185518003e-04 1.499004009070696952e+02
1.303512244681509209e-04 1.515807114665177551e+02
1.318621401394748729e-04 1.532798265420128700e+02
1.333905690039058638e-04 1.549979555125319166e+02
1.349367140588306701e-04 1.567353100683472462e+02
1.365007806546013845e-04 1.584921042362107926e+02
1.380829765218092534e-04 1.602685544217837332e+02
1.396835117988739897e-04 1.620648795134295881e+02
1.413025990599533870e-04 1.638813008508103621e+02
1.429404533431761061e-04 1.657180422202225429e+02
1.445972921792019735e-04 1.675753298813349090e+02
1.462733356201130139e-04 1.694533925942283759e+02
1.479688062686396383e-04 1.713524616467406929e+02
1.496839293077255632e-04 1.732727708820981434e+02
1.514189325304352289e-04 1.752145567232447547e+02
1.531740463702080011e-04 1.771780579024494102e+02
1.549495039314631917e-04 1.791635152486185518e+02
1.567455410205595065e-04 1.811711721683129781e+02
1.585623961771137158e-04 1.832012747249027314e+02
1.604003107056820173e-04 1.852540716668816287e+02
1.622595287078087273e-04 1.873298144564875258e+02
1.641402971144466632e-04 1.894287572986135615e+02
1.660428657187529853e-04 1.915511571700073432e+02
1.679674872092653496e-04 1.936972738766271505e+02
1.699144172034626271e-04 1.958673703595128757e+02
1.718839142817145805e-04 1.980617126221044657e+02
1.738762400216250798e-04 2.002805695858418176e+02
1.758916590327733002e-04 2.025242131190115344e+02
1.779304389918577567e-04 2.047929180684774906e+02
1.799928506782476725e-04 2.070869622917431343e+02
1.820791680099462630e-04 2.094066266893556190e+02
1.841896680799711133e-04 2.117521952375211640e+02
1.863246311931559835e-04 2.141239547650595227e+02
1.884843409033795745e-04 2.165221944279086870e+02
1.906690840512252356e-04 2.189472063531875961e+02
1.928791508020778235e-04 2.213992858220411506e+02
1.951148346846616683e-04 2.238787313026000447e+02
1.973764326300255834e-04 2.263858444832283681e+02
1.996642450109793916e-04 2.289209303061260528e+02
2.019785756819878484e-04 2.314842970012520311e+02
2.043197320195270865e-04 2.340762561291629709e+02
2.066880249629082160e-04 2.366971228243383507e+02
2.090837690555750453e-04 2.393472158526525675e+02
2.115072824868795298e-04 2.420268574384892304e+02
2.139588871343421834e-04 2.447363732904790083e+02
2.164389086064020889e-04 2.474760926380981516e+02
2.189476762856621176e-04 2.502463482686358986e+02
2.214855233726359721e-04 2.530474765645236062e+02
2.240527869300018495e-04 2.558798175410406088e+02
2.266498079273692845e-04 2.587437147521924885e+02
2.292769312865648918e-04 2.616395146847746105e+02
2.319345059274427814e-04 2.645675672546109922e+02
2.346228848142263134e-04 2.675282261105041357e+02
2.373424250023866691e-04 2.705218486727182494e+02
2.400934876860652035e-04 2.735487961714769085e+02
2.428764382460451090e-04 2.766094336858395764e+02
2.456916462982790305e-04 2.797041301829385702e+02
2.485394857429798965e-04 2.828332585542519837e+02
2.514203348142797370e-04 2.859971953378739045e+02
2.543345761304648903e-04 2.891963204786398478e+02
2.572825967447932359e-04 2.924310178666130469e+02
2.602647881969005024e-04 2.957016754367155613e+02
2.632815465648020731e-04 2.990086852090097409e+02
2.663332725174980963e-04 3.023524433293594029e+02
2.694203713681882413e-04 3.057333501104577067e+02
2.725432531281028249e-04 3.091518100732101288e+02
2.757023325609583289e-04 3.126082319530162863e+02
2.788980292380439777e-04 3.161030283680176467e+02
2.821307675939471824e-04 3.196366159896276713e+02
2.854009769829237591e-04 3.232094158305218343e+02
2.887090917359235484e-04 3.268218532910663043e+02
2.920555512182745244e-04 3.304743582021011434e+02
2.954407998880380793e-04 3.341673648680780389e+02
2.988652873550383024e-04 3.379013121105942332e+02
3.023294684405777215e-04 3.416766433122324997e+02
3.058338032378432473e-04 3.454938062614932619e+02
3.093787571730137595e-04 3.493532527334988913e+02
3.129648010670751349e-04 3.532554390259758748e+02
3.165924111983521496e-04 3.572008261316750009e+02
3.202620693657651165e-04 3.611898797829491059e+02
3.239742629528196056e-04 3.652230704966963231e+02
3.277294849923383015e-04 3.693008736196779864e+02
3.315282342319423692e-04 3.734237693741937392e+02
3.353710152002930081e-04 3.775922428598657916e+02
3.392583382740992667e-04 3.818067829329309006e+02
3.431907197459043682e-04 3.860678820751617195e+02
3.471686818926560223e-04 3.903760376451502907e+02
3.511927530450728672e-04 3.947317519877272503e+02
3.552634676578139803e-04 3.991355324785676544e+02
3.593813663804626239e-04 4.035878915690649933e+02
3.635469961293318715e-04 4.080893468315526320e+02
3.677609101601031711e-04 4.126404210048152663e+02
3.720236681413067385e-04 4.172416418804871796e+02
3.763358362286533740e-04 4.218935415269555733e+02
3.806979871402285448e-04 4.265966568983670868e+02
3.851107002325569739e-04 4.313515302313658140e+02
3.895745615775502574e-04 4.361587090909519020e+02
3.940901640403448279e-04 4.410187464159894262e+02
3.986581073580439810e-04 4.459322005650128062e+02
4.032789982193706307e-04 4.508996353623005575e+02
4.079534503452450522e-04 4.559216201375688797e+02
4.126820845702952557e-04 4.609987290426070103e+02
4.174655289253135972e-04 4.661315403976876723e+02
4.223044187206673248e-04 4.713206379220779354e+02
4.271993966306778055e-04 4.765666109292230885e+02
4.321511127789762923e-04 4.818700543716340121e+02
4.371602248248503283e-04 4.872315688859670786e+02
4.422273980505898373e-04 4.926517608383502420e+02
4.473533054498464575e-04 4.981312423699075680e+02
4.525386278170167947e-04 5.036706312450627934e+02
4.577840538376617388e-04 5.092705486878222132e+02
4.630902801799738800e-04 5.149316201168816178e+02
4.684580115873046222e-04 5.206544766913516469e+02
4.738879609717652546e-04 5.264397553796935654e+02
4.793808495089108153e-04 5.322880990012162101e+02
4.849374067335234439e-04 5.382001562676678077e+02
4.905583706365046568e-04 5.441765818249231188e+02
4.962444877628915604e-04 5.502180362946876357e+02
5.019965133110080614e-04 5.563251858243224888e+02
5.078152112327671743e-04 5.624987009085858745e+02
5.137013543351340219e-04 5.687392576838201421e+02
5.196557243827659538e-04 5.750475383140129679e+02
5.256791122018420349e-04 5.814242310297992162e+02
5.317723177850967571e-04 5.878700301675072524e+02
5.379361503980699009e-04 5.943856362081885436e+02
5.441714286865889172e-04 6.009717558166395293e+02
5.504789807854969502e-04 6.076291017929513600e+02
5.568596444286410272e-04 6.143583906109622603e+02
5.633142670601353798e-04 6.211603419613950336e+02
5.698437059469137721e-04 6.280356814596761978e+02
5.764488282925875340e-04 6.349851408328803473e+02
5.831305113526219844e-04 6.420094579514618545e+02
5.898896425508494586e-04 6.491093768608087657e+02
5.967271195973311917e-04 6.562856478125477224e+02
6.036438506075865983e-04 6.635390272957072284e+02
6.106407542232038244e-04 6.708702776269748256e+02
6.177187597338490302e-04 6.782801645776609121e+02
6.248788072006889295e-04 6.857694589877676208e+02
6.321218475812450180e-04 6.933389378564622803e+02
6.394488428556939106e-04 7.009893843692451583e+02
6.468607661546322196e-04 7.087215879222791273e+02
6.543586018883232108e-04 7.165363441463492791e+02
6.619433458774390093e-04 7.244344549304272505e+02
6.696160054853217717e-04 7.324167284334552050e+02
6.773775997517746681e-04 7.404839776587905362e+02
6.852291595284059830e-04 7.486370189693834618e+02
6.931717276155402148e-04 7.568766745399304909e+02
7.012063589007179638e-04 7.652037727005258603e+02
7.093341204987991394e-04 7.736191479520251733e+02
7.175560918936924699e-04 7.821236409808432199e+02
7.258733650817247602e-04 7.907180986731907524e+02
7.342870447166760257e-04 7.994033741286804116e+02
7.427982482564913450e-04 8.081803263314627657e+02
7.514081061116963198e-04 8.170498160939687295e+02
7.601177617955326210e-04 8.260127072115849387e+02
7.689283720758308604e-04 8.350698693323467978e+02
7.778411071286484360e-04 8.442221780165883729e+02
7.868571506936848170e-04 8.534705147373110776e+02
7.959777002314981234e-04 8.628157668797188080e+02
8.052039670825472846e-04 8.722588277398106129e+02
8.145371766280737639e-04 8.818005965220643247e+02
8.239785684528515806e-04 8.914419774436449870e+02
8.335293965098190729e-04 9.011838773741949353e+02
8.431909292866253619e-04 9.110272081779837663e+02
8.529644499741018170e-04 9.209728873927982704e+02
8.628512566366892044e-04 9.310218382172841984e+02
8.728526623848374341e-04 9.411749894971791264e+02
8.829699955494085860e-04 9.514332757103640006e+02
8.932045998580961195e-04 9.617976369508744483e+02
9.035578346138924653e-04 9.722690187992978963e+02
9.140310748756226740e-04 9.828483688121585828e+02
9.246257116405735008e-04 9.935366356456809172e+02
9.353431520292382036e-04 1.004334772892645901e+03
9.461848194721997124e-04 1.015243739291140628e+03
9.571521538991858893e-04 1.026264498691709605e+03
9.682466119303117331e-04 1.037398020023066692e+03
9.794696670695391023e-04 1.048645277256360487e+03
9.908228099003791103e-04 1.060007249367880377e+03
1.002307548283864732e-03 1.071484919328235492e+03
1.013925407558814544e-03 1.083079268453600889e+03
1.025677930744421434e-03 1.094791279919965291e+03
1.037566678745185456e-03 1.106621941285045068e+03
1.049593230558226948e-03 1.118572244439691303e+03
1.061759183482999420e-03 1.130643185549582540e+03
1.074066153333433013e-03 1.142835764995174259e+03
1.086515774652537783e-03 1.155150987309733409e+03
1.099109700929496542e-03 1.167589861100607322e+03
1.111849604819270662e-03 1.180153396759682664e+03
1.124737178364751356e-03 1.192842603894377589e+03
1.137774133221490730e-03 1.205658495122926752e+03
1.150962200885031431e-03 1.218602086546707142e+03
1.164303132920876341e-03 1.231674397668404708e+03
1.177798701197118681e-03 1.244876451308005699e+03
1.191450698119775244e-03 1.258209273516631811e+03
1.205260936870841855e-03 1.271673893488150725e+03
1.219231251649110278e-03 1.285271342547258200e+03
1.233363497913775222e-03 1.299002642388654749e+03
1.247659552630868939e-03 1.312868807899147214e+03
1.262121314522546408e-03 1.326870855553169349e+03
1.276750704319265127e-03 1.341009803481083964e+03
1.291549665014883131e-03 1.355286671342636964e+03
1.306520162124720367e-03 1.369702480197574914e+03
1.321664183946604648e-03 1.384258252373621644e+03
1.336983741824946011e-03 1.398955011331438527e+03
1.352480870417874584e-03 1.413793778961075759e+03
1.368157627967470829e-03 1.428775568240357188e+03
1.384016096573131068e-03 1.443901390066170961e+03
1.400058382468096939e-03 1.459172255271432959e+03
1.416286616299197981e-03 1.474589174460910954e+03
1.432702953409829925e-03 1.490153157843947383e+03
1.449309574126215940e-03 1.505865215063946835e+03
1.466108684046983808e-03 1.521726355024697796e+03
1.483102514336103470e-03 1.537737585277063999e+03
1.500293322019217047e-03 1.553899897038433437e+03
1.517683390283404692e-03 1.570214260669856003e+03
1.535275028780421847e-03 1.586681642423390713e+03
1.553070573933459063e-03 1.603303005344213489e+03
1.571072389247449340e-03 1.620079309041641181e+03
1.589282865622977398e-03 1.637011509456322756e+03
1.607704421673822760e-03 1.654100558623745201e+03
1.626339504048191073e-03 1.671347404433906149e+03
1.645190587753661863e-03 1.688752988079469560e+03
1.664260176485902803e-03 1.706318229731026577e+03
1.683550802961201673e-03 1.724044036875551683e+03
1.703065029252843121e-03 1.741931310744575512e+03
1.722805447131393322e-03 1.759980946055585036e+03
1.742774678408918554e-03 1.778193830723881774e+03
1.762975375287204483e-03 1.796570845570417987e+03
1.783410220710006724e-03 1.815112864025461931e+03
1.804081928719382128e-03 1.833820751770851530e+03
1.824993244816151307e-03 1.852695356227801994e+03
1.846146946324546618e-03 1.871737493879032854e+03
1.867545842761074654e-03 1.890947968347958067e+03
1.889192776207665675e-03 1.910327572830008648e+03
1.911090621689137074e-03 1.929877089739199164e+03
1.933242287555043959e-03 1.949597290350239518e+03
1.955650715865948734e-03 1.969488934436413501e+03
1.978318882784163655e-03 1.989552769902941691e+03
2.001249798969035980e-03 2.009789531178662855e+03
2.024446509976802599e-03 2.030199922148836094e+03
2.047912096665084614e-03 2.050784619439934886e+03
2.071649675602067840e-03 2.071544284634941960e+03
2.095662399480431679e-03 2.092479564171337643e+03
2.119953457536069303e-03 2.113591088920242782e+03
2.144526075971666789e-03 2.134879473761492136e+03
2.169383518385183292e-03 2.156345317154316945e+03
2.194529086203312468e-03 2.177989200703781080e+03
2.219966119119953351e-03 2.199811680966811764e+03
2.245697995539773072e-03 2.221813265900937495e+03
2.271728133026903931e-03 2.243994436224193123e+03
2.298059988758849835e-03 2.266355652157471468e+03
2.324697059985647227e-03 2.288897352933187449e+03
2.351642884494347698e-03 2.311619956300282865e+03
2.378901041078892130e-03 2.334523858025072514e+03
2.406475150015422761e-03 2.357609431388273606e+03
2.434368873543109931e-03 2.380877026212292549e+03
2.462585916350545565e-03 2.404326951063118486e+03
2.491130026067787072e-03 2.427959466832504404e+03
2.520004993764090716e-03 2.451774806732661091e+03
2.549214654451422042e-03 2.475773177200870578e+03
2.578762887593799742e-03 2.499954757343354231e+03
2.608653617622546696e-03 2.524319698375835742e+03
2.638890814457508453e-03 2.548868123061331517e+03
2.669478494034319832e-03 2.573600125144868343e+03
2.700420718837771242e-03 2.598515765562667639e+03
2.731721598441374903e-03 2.623615051092409431e+03
2.763385290053167829e-03 2.648897945998306568e+03
2.795415999067855668e-03 2.674364381711884107e+03
2.827817979625339880e-03 2.700014256276459491e+03
2.860595535175740160e-03 2.725847433741807890e+03
2.893753019050949830e-03 2.751863743557510134e+03
2.927294835042814833e-03 2.778062979964401165e+03
2.961225437988033050e-03 2.804444901204351936e+03
2.995549334359811234e-03 2.831009189898213663e+03
3.030271082866395349e-03 2.857755401679869010e+03
3.065395295056525492e-03 2.884683037570511715e+03
3.100926635931925118e-03 2.911791554944333257e+03
3.136869824566874444e-03 2.939080366828133720e+03
3.173229634734975584e-03 2.966548841201762116e+03
3.210010895543170123e-03 2.994196300299580798e+03
3.247218492073126669e-03 3.022022019913487838e+03
3.284857366030041314e-03 3.050025237500383810e+03
3.322932516398970689e-03 3.078205278025864573e+03
3.361449000108763119e-03 3.106561529214694019e+03
3.400411932703704086e-03 3.135093341677562421e+03
3.439826489022923713e-03 3.163800025654953515e+03
3.479697903887689868e-03 3.192680850476770956e+03
3.520031472796677097e-03 3.221735044024334456e+03
3.560832552629275994e-03 3.250961792194999362e+03
3.602106562357069216e-03 3.280360238369538820e+03
3.643858983763542669e-03 3.309929253813705600e+03
3.686095362172155891e-03 3.339666713891109794e+03
3.728821307182831907e-03 3.369570164523228414e+03
3.772042493416996253e-03 3.399637055591687840e+03
3.815764661271247096e-03 3.429864739737617583e+03
3.859993617679764906e-03 3.460250471182339879e+03
3.904735236885557934e-03 3.490791404570827581e+03
3.949995461220641955e-03 3.521484593839285935e+03
3.995780301895267457e-03 3.552327041674868269e+03
4.042095839796303568e-03 3.583317755789166767e+03
4.088948226294858955e-03 3.614458548827601135e+03
4.136343684063272831e-03 3.645751501185623056e+03
4.184288507901578850e-03 3.677198770133351900e+03
4.232789065573546415e-03 3.708802590926955872e+03
4.281851798652410411e-03 3.740565277934255846e+03
4.331483223376396928e-03 3.772489225775902469e+03
4.381689931514188077e-03 3.804576910482363928e+03
4.432478591240393562e-03 3.836829174375222010e+03
4.483855948021185124e-03 3.869233540068615639e+03
4.535828825510184945e-03 3.901770849663796525e+03
4.588404126454754574e-03 3.934421273129009933e+03
4.641588833612774606e-03 3.967164336319829545e+03
4.695390010680057340e-03 3.999978916214430683e+03
4.749814803228498243e-03 4.032843237244142074e+03
4.804870439655126689e-03 4.065734868775798986e+03
4.860564232142133151e-03 4.098630770030235908e+03
4.916903577628024651e-03 4.131519513229029144e+03
4.973895958790060245e-03 4.164418284867861075e+03
5.031548945038048955e-03 4.197349068958295902e+03
5.089870193519678392e-03 4.230334631255695058e+03
5.148867450137491197e-03 4.263398522337804934e+03
5.208548550577657595e-03 4.296565081952366199e+03
5.268921421350668960e-03 4.329859444715755671e+03
5.329994080844086858e-03 4.363307547245876776e+03
5.391774640387498457e-03 4.396934593890828182e+03
5.454271305329828380e-03 4.430741422199675071e+03
5.517492376129119747e-03 4.464708366256936642e+03
5.581446249454959617e-03 4.498814550850474006e+03
5.646141419303662458e-03 4.533038460987691906e+03
5.711586478126426739e-03 4.567357935997544701e+03
5.777790117970500218e-03 4.601750164692288308e+03
5.844761131633627142e-03 4.636191681642667390e+03
5.912508413831872763e-03 4.670658364621069268e+03
5.981040962380937930e-03 4.705129192320883703e+03
6.050367879391214433e-03 4.739598793726889198e+03
6.120498372476694711e-03 4.774066083551205338e+03
6.191441755977841743e-03 4.808530026723787159e+03
6.263207452198682815e-03 4.842989638924003884e+03
6.335804992658246836e-03 4.877443987141684374e+03
6.409244019356445839e-03 4.911892190223515172e+03
6.483534286054717238e-03 4.946333419404831147e+03
6.558685659571428586e-03 4.980766835634604831e+03
6.634708121092339726e-03 5.015188761016965145e+03
6.711611767496278476e-03 5.049591447304443136e+03
6.789406812696106158e-03 5.083966709145244749e+03
6.868103588995296514e-03 5.118306217139321234e+03
6.947712548460231209e-03 5.152601498774538413e+03
7.028244264308346374e-03 5.186843939482718270e+03
7.109709432312428558e-03 5.221024783816885247e+03
7.192118872221184116e-03 5.255135136753054212e+03
7.275483529196219955e-03 5.289166084798373049e+03
7.359814475265760887e-03 5.323109557467148989e+03
7.445122910795134823e-03 5.356957854178165690e+03
7.531420165974363201e-03 5.390703184120888181e+03
7.618717702322989373e-03 5.424337664762158965e+03
7.707027114212296713e-03 5.457853323529110639e+03
7.796360130405225256e-03 5.491242099576793407e+03
7.886728615614147300e-03 5.524495845641239612e+03
7.978144572076614760e-03 5.557606329156801621e+03
8.070620141149495441e-03 5.590564962065875079e+03
8.164167604921463567e-03 5.623362399640024705e+03
8.258799387844257406e-03 5.655989096316018731e+03
8.354528058382861000e-03 5.688435406782767132e+03
8.451366330684714073e-03 5.720691588729159776e+03
8.549327066268371661e-03 5.752747805715313916e+03
8.648423275731715806e-03 5.784594130167756703e+03
8.748668120479906676e-03 5.816220546499997909e+03
8.850074914473426979e-03 5.847616939519204607e+03
8.952657125996391421e-03 5.878772855288916617e+03
9.056428379445279064e-03 5.909677538397167154e+03
9.161402457138508384e-03 5.940320142191084415e+03
9.267593301146874116e-03 5.970689739471496068e+03
9.375015015145274355e-03 6.000775326621312161e+03
9.483681866285915280e-03 6.030565827878515847e+03
9.593608287093137454e-03 6.060050099753077120e+03
9.704808877380292215e-03 6.089216935587472108e+03
9.817298406188829443e-03 6.118054944162542597e+03
9.931091813749784100e-03 6.146552110697894022e+03
1.004620421346811773e-02 6.174696199489033461e+03
1.016265089392994099e-02 6.202474916193065837e+03
1.028044732093308204e-02 6.229875913643220883e+03
1.039960913954119000e-02 6.256886797827496594e+03
1.052015217616157974e-02 6.283495134037686512e+03
1.064209244064722934e-02 6.309688453186792685e+03
1.076544612842314681e-02 6.335454251757189013e+03
1.089022962263729542e-02 6.360779675450939976e+03
1.101645949633655273e-02 6.385651371710256171e+03
1.114415251466786827e-02 6.410055930619070750e+03
1.127332563710485222e-02 6.433979929664306837e+03
1.140399601970031561e-02 6.457409941699767842e+03
1.153618101736477233e-02 6.480332543095656547e+03
1.166989818617145645e-02 6.502734322069847622e+03
1.180516528568804208e-02 6.524601887196569805e+03
1.194200028133531391e-02 6.545921791891871180e+03
1.208042134677327073e-02 6.566679905950047214e+03
1.222044686631487166e-02 6.586861770286549472e+03
1.236209543736768203e-02 6.606452965557602511e+03
1.250538587290389754e-02 6.625439125398561373e+03
1.265033720395902610e-02 6.643805947039129023e+03
1.279696868215939552e-02 6.661539202107145684e+03
1.294529978227914289e-02 6.678624747613129330e+03
1.309535020482666470e-02 6.695048536466173573e+03
1.324713987866115404e-02 6.710796356562965229e+03
1.340068896363949026e-02 6.725853415617168139e+03
1.355601785329367710e-02 6.740204934512798900e+03
1.371314717753943473e-02 6.753836268902834490e+03
1.387209780541619544e-02 6.766732922301996041e+03
1.403289084785870784e-02 6.778880559340335822e+03
1.419554766050099524e-02 6.790265019165157355e+03
1.436008984651259215e-02 6.800872328979388840e+03
1.452653925946778904e-02 6.810688685820598039e+03
1.469491800624815429e-02 6.819699914978157722e+03
1.486524844997855720e-02 6.827891552173632590e+03
1.503755321299736145e-02 6.835249354461497205e+03
1.521185517986103040e-02 6.841759333136006717e+03
1.538817750038344936e-02 6.847407769276235740e+03
1.556654359271059974e-02 6.852181229365559375e+03
1.574697714643085236e-02 6.856066580968676135e+03
1.592950212572120244e-02 6.859051008445436310e+03
1.611414277253018015e-02 6.861121913004395537e+03
1.630092360979739502e-02 6.862266501071721905e+03
1.648986944471062324e-02 6.862472183908135776e+03
1.668100537200057146e-02 6.861726753374372493e+03
1.687435677727374198e-02 6.860018398703632556e+03
1.706994934038405520e-02 6.857335723189789860e+03
1.726780903884354151e-02 6.853667760786744111e+03
1.746796215127244256e-02 6.849003992594180090e+03
1.767043526088944369e-02 6.843334361808716494e+03
1.787525525904233581e-02 6.836649213643279836e+03
1.808244934877948837e-02 6.828939272387272467e+03
1.829204504846291754e-02 6.820195765163462966e+03
1.850407019542300510e-02 6.810410447476735499e+03
1.871855294965576663e-02 6.799575618780369950e+03
1.893552179756293266e-02 6.787684137744561667e+03
1.915500555573526609e-02 6.774729437197934203e+03
1.937703337477986176e-02 6.760705538713132228e+03
1.960163474319183419e-02 6.745607137311354563e+03
1.982883949127068474e-02 6.729430175657358632e+03
2.005867779508231641e-02 6.712171551988888496e+03
2.029118018046676200e-02 6.693828798457624544e+03
2.052637752709248961e-02 6.674400088788317589e+03
2.076430107255772262e-02 6.653884248436816051e+03
2.100498241653913495e-02 6.632280764190864829e+03
2.124845352498879944e-02 6.609589793188460135e+03
2.149474673437978475e-02 6.585812172616794669e+03
2.174389475600078253e-02 6.560950145482345761e+03
2.199593068030071888e-02 6.535008545688492632e+03
2.225088798128367282e-02 6.507993176180005321e+03
2.250880052095458397e-02 6.479910491937964252e+03
2.276970255381677299e-02 6.450767600255206162e+03
2.303362873142129202e-02 6.420572260337359694e+03
2.330061410696921201e-02 6.389332882222467560e+03
2.357069413996725274e-02 6.357058525010403173e+03
2.384390470093718586e-02 6.323759044465815350e+03
2.412028207618003781e-02 6.289447870976558079e+03
2.439986297259547771e-02 6.254141671703880093e+03
2.468268452255688306e-02 6.217857710100490294e+03
2.496878428884323833e-02 6.180613732018017799e+03
2.525820026962782502e-02 6.142427951024578761e+03
2.555097090352503181e-02 6.103319033321501593e+03
2.584713507469561106e-02 6.063306082275663357e+03
2.614673211801089858e-02 6.022408622586550337e+03
2.644980182427715890e-02 5.980647842994121675e+03
2.675638444552042375e-02 5.938051429797023957e+03
2.706652070033239293e-02 5.894649095200711599e+03
2.738025177927854228e-02 5.850470623417494608e+03
2.769761935036888292e-02 5.805545841224719879e+03
2.801866556459190957e-02 5.759904589589149509e+03
2.834343306151305975e-02 5.713576695880546140e+03
2.867196497493766996e-02 5.666591946700846165e+03
2.900430493863987227e-02 5.618980143368920835e+03
2.934049709215783702e-02 5.570776049219579363e+03
2.968058608665600367e-02 5.522022004424559782e+03
3.002461709085545161e-02 5.472760423896025713e+03
3.037263579703308389e-02 5.423033053961204132e+03
3.072468842709001266e-02 5.372880939289129856e+03
3.108082173869059980e-02 5.322344392254097329e+03
3.144108303147261779e-02 5.271462964702433055e+03
3.180552015332915178e-02 5.220275422086422623e+03
3.217418150676367578e-02 5.168820608034510769e+03
3.254711605531845214e-02 5.117144817277980110e+03
3.292437333007763867e-02 5.065297656970008575e+03
3.330600343624585263e-02 5.013327352196874017e+03
3.369205705980264642e-02 4.961280680583777212e+03
3.408258547423447665e-02 4.909202959802143596e+03
3.447764054734461098e-02 4.857138039065371231e+03
3.487727474814172890e-02 4.805128294435537100e+03
3.528154115380878475e-02 4.753214634146002027e+03
3.569049345675226470e-02 4.701441358443992613e+03
3.610418597173332272e-02 4.649864486716161991e+03
3.652267364308171838e-02 4.598540066351902169e+03
3.694601205199299354e-02 4.547521805180260344e+03
3.737425742391059513e-02 4.496861102012378069e+03
3.780746663599345719e-02 4.446607083196118765e+03
3.824569722466996530e-02 4.396806644734330803e+03
3.868900739327971183e-02 4.347504499527245571e+03
3.913745601980380545e-02 4.298742859166337439e+03
3.959110266468453265e-02 4.250554169191108485e+03
4.005000757873606460e-02 4.202961970964330249e+03
4.051423171114643812e-02 4.155988243188828164e+03
4.098383671757255958e-02 4.109653741199049364e+03
4.145888496832907111e-02 4.063978039633723711e+03
4.193943955667183560e-02 4.018979575913884219e+03
4.242556430717771970e-02 3.974675694400402335e+03
4.291732378422153521e-02 3.931082691114319005e+03
4.341478330055086043e-02 3.888221165235135686e+03
4.391800892596080946e-02 3.846137564962877150e+03
4.442706749606879085e-02 3.804884633036895139e+03
4.494202662119135827e-02 3.764512573637809055e+03
4.546295469532394412e-02 3.725069188121958177e+03
4.598992090522435044e-02 3.686600020709824548e+03
4.652299523960182898e-02 3.649148509425866450e+03
4.706224849841277036e-02 3.612756141782950635e+03
4.760775230226364785e-02 3.577457986268239438e+03
4.815957910192344982e-02 3.543230120384361271e+03
4.871780218794626721e-02 3.510010596149754292e+03
4.928249570040506289e-02 3.477738977876100307e+03
4.985373463873887800e-02 3.446356982539499768e+03
5.043159487171355176e-02 3.415808358540578411e+03
5.101615314749827212e-02 3.386038773566599957e+03
5.160748710385902605e-02 3.356995714581916218e+03
5.220567527846971256e-02 3.328633659029159844e+03
5.281079711934324322e-02 3.300924270706153948e+03
5.342293299538347640e-02 3.273843005212183925e+03
5.404216420705911655e-02 3.247366054064568743e+03
5.466857299720174340e-02 3.221470313589426041e+03
5.530224256192894927e-02 3.196133355350228157e+03
5.594325706169369500e-02 3.171333355930941252e+03
5.659170163246236840e-02 3.147030503197218422e+03
5.724766239702173964e-02 3.123138686808914827e+03
5.791122647641750582e-02 3.099566873013011445e+03
5.858248200152529894e-02 3.076226695619880047e+03
5.926151812475548286e-02 3.053032379865578150e+03
5.994842503189401484e-02 3.029900690720919556e+03
6.064329395408056544e-02 3.006750729417573439e+03
6.134621717992497919e-02 2.983502432783454424e+03
6.205728806776493467e-02 2.960077385538607814e+03
6.277660105806494306e-02 2.936399804859101096e+03
6.350425168595953684e-02 2.912396606705619888e+03
6.424033659394184914e-02 2.887997480182882555e+03
6.498495354469883967e-02 2.863134014826900966e+03
6.573820143409576933e-02 2.837732000196666831e+03
6.650018030431112392e-02 2.811715971330446791e+03
6.727099135712333311e-02 2.785014205256938112e+03
6.805073696735199074e-02 2.757558952324147413e+03
6.883952069645490890e-02 2.729286644962505306e+03
6.963744730628212976e-02 2.700143947127234696e+03
7.044462277299029518e-02 2.670097484114841791e+03
7.126115430111740201e-02 2.639120286134390426e+03
7.208715033782125969e-02 2.607189234339897666e+03
7.292272058728306583e-02 2.574285197850482746e+03
7.376797602527726538e-02 2.540397898740051460e+03
7.462302891391099646e-02 2.505548531795941017e+03
7.548799281653424675e-02 2.469770677928417172e+03
7.636298261282230271e-02 2.433099823901016862e+03
7.724811451403391926e-02 2.395573280128849092e+03
7.814350607844536278e-02 2.357237250311817206e+03
7.904927622696410194e-02 2.318175700796049114e+03
7.996554525892338172e-02 2.278482831659733165e+03
8.089243486805931804e-02 2.238250392064307107e+03
8.183006815867380213e-02 2.197567544682355219e+03
8.277856966198465782e-02 2.156534636999583654e+03
8.373806535266484219e-02 2.115276905855056157e+03
8.470868266557393667e-02 2.073916645316048289e+03
8.569055051268339995e-02 2.032569203130837423e+03
8.668379930019762258e-02 1.991346530777882663e+03
8.768856094587416938e-02 1.950382067570085155e+03
8.870496889654395922e-02 1.909813326432504027e+03
8.973315814583508743e-02 1.869767270932616839e+03
9.077326525210215047e-02 1.830361709297771540e+03
9.182542835656276603e-02 1.791727306442026475e+03
9.288978720164486891e-02 1.754003554632457281e+03
9.396648314954682280e-02 1.717317990104503679e+03
9.505565920101186062e-02 1.681786225540889291e+03
9.615746001432085022e-02 1.647512674081937348e+03
9.727203192450530056e-02 1.614588603837514484e+03
9.839952296278213495e-02 1.583093902393442022e+03
9.954008287621508855e-02 1.553100825596531649e+03
1.006938631476026330e-01 1.524675116539591272e+03
1.018610170155973965e-01 1.497867427944069959e+03
1.030416994950586612e-01 1.472665618087777830e+03
1.042360673976400476e-01 1.449036172435531853e+03
1.054442793526167294e-01 1.426948184502202821e+03
1.066664958279537889e-01 1.406372345795622323e+03
1.079028791516182112e-01 1.387236317164198454e+03
1.091535935331389984e-01 1.369412512429288199e+03
1.104188050854159470e-01 1.352776966139613251e+03
1.116986818467821246e-01 1.337212782579166060e+03
1.129933938033220592e-01 1.322592233059483760e+03
1.143031129114477906e-01 1.308749501661610111e+03
1.156280131207374218e-01 1.295519055796966541e+03
1.169682703970383736e-01 1.282742242039235862e+03
1.183240627458377325e-01 1.270260294703183718e+03
1.196955702359041446e-01 1.257901537872242898e+03
1.210829750232038649e-01 1.245497346650364534e+03
1.224864613750929060e-01 1.232885764676959525e+03
1.239062156947914467e-01 1.219913119528234802e+03
1.253424265461398623e-01 1.206435839088237117e+03
1.267952846786432330e-01 1.192318237123227846e+03
1.282649830528058976e-01 1.177434304073444309e+03
1.297517168657586206e-01 1.161696867084235237e+03
1.312556835771841179e-01 1.145054395643372345e+03
1.327770829355428006e-01 1.127463563495044582e+03
1.343161170046014707e-01 1.108904082344639392e+03
1.358729901902707704e-01 1.089427882719463696e+03
1.374479092677535763e-01 1.069106539495256811e+03
1.390410834090068104e-01 1.048015064960676227e+03
1.406527242105235220e-01 1.026273033195309381e+03
1.422830457214351030e-01 1.004032634584241464e+03
1.439322644719404909e-01 9.814395055865223867e+02
1.456005995020647481e-01 9.586521227699009842e+02
1.472882723907500968e-01 9.358551343747701594e+02
1.489955072852852114e-01 9.132220304814853762e+02
1.507225309310754602e-01 8.909238244755946425e+02
1.524695727017571223e-01 8.691502511804619644e+02
1.542368646296626011e-01 8.480782343934855589e+02
1.560246414366366907e-01 8.278674055483567145e+02
1.578331405652114716e-01 8.086632082734300866e+02
1.596626022101423625e-01 7.905968295184029557e+02
1.615132693503088801e-01 7.737653938743524122e+02
1.633853877809858524e-01 7.581986421231467830e+02
1.652792061464892492e-01 7.439139039253640249e+02
1.671949759731987672e-01 7.308845336509677963e+02
1.691329517029645513e-01 7.190082763526855842e+02
1.710933907269012455e-01 7.081810888852246535e+02
1.730765534195721767e-01 6.982656880142893669e+02
1.750827031735721628e-01 6.890943017879286572e+02
1.771121064345085594e-01 6.805043536998294940e+02
1.791650327363897566e-01 6.723225191964442047e+02
1.812417547374234328e-01 6.643761378310192640e+02
1.833425482562288100e-01 6.564962767746112604e+02
1.854676923084695728e-01 6.485134182504626779e+02
1.876174691439118081e-01 6.402665486629018687e+02
1.897921642839097145e-01 6.316143306516469238e+02
1.919920665593281006e-01 6.224306818251246796e+02
1.942174681489023391e-01 6.126265144869963706e+02
1.964686646180442142e-01 6.021706979581947508e+02
1.987459549580979923e-01 5.910570194096118257e+02
2.010496416260496022e-01 5.793578355645591955e+02
2.033800305846977796e-01 5.671721109275094932e+02
2.057374313432909774e-01 5.546367059168239848e+02
2.081221569986336506e-01 5.419140106876252503e+02
2.105345242766701597e-01 5.291673099550604320e+02
2.129748535745517590e-01 5.165651943323282467e+02
2.154434690031879762e-01 5.042633881377756211e+02
2.179406984302951489e-01 4.924046512878071553e+02
2.204668735239406208e-01 4.811137002037040133e+02
2.230223297965933937e-01 4.704839490945823286e+02
2.256074066496857322e-01 4.605874611867761814e+02
2.282224474186894947e-01 4.514474296536270685e+02
2.308677994187165183e-01 4.430626551053508138e+02
2.335438139906475252e-01 4.353817221527956463e+02
2.362508465477944353e-01 4.283305432543106122e+02
2.389892566231045512e-01 4.217979472799755172e+02
2.417594079169126942e-01 4.156581096148387360e+02
2.445616683452441209e-01 4.097652215726933491e+02
2.473964100886809347e-01 4.039711399842666424e+02
2.502640096417915183e-01 3.981320840068007101e+02
2.531648478631349786e-01 3.921213508529309593e+02
2.560993100258455168e-01 3.858489569576669282e+02
2.590677858688005264e-01 3.792614432983671122e+02
2.620706696483847131e-01 3.723557685934161441e+02
2.651083601908534870e-01 3.651656323925204788e+02
2.681812609453009255e-01 3.577573679354737806e+02
2.712897800372461865e-01 3.502179101742748912e+02
2.744343303228360953e-01 3.426446589813377273e+02
2.776153294436795038e-01 3.351436651526290120e+02
2.808331998823167530e-01 3.278198249699834150e+02
2.840883690183299559e-01 3.207738371182159085e+02
2.873812691851060364e-01 3.140852440262321466e+02
2.907123377272573528e-01 3.078082572025842296e+02
2.940820170587059579e-01 3.019559266550020311e+02
2.974907547214434844e-01 2.965077304526339503e+02
3.009390034449713203e-01 2.914127949122878931e+02
3.044272212064296212e-01 2.866000721267233189e+02
3.079558712914221008e-01 2.819889025488081984e+02
3.115254223555483648e-01 2.774935336572592064e+02
3.151363484866475662e-01 2.730300828167037253e+02
3.187891292677637600e-01 2.685254164771718592e+02
3.224842498408434510e-01 2.639256313949208561e+02
3.262222009711663318e-01 2.592083406902872298e+02
3.300034791125279754e-01 2.543812608376511832e+02
3.338285864731757036e-01 2.494786246101313054e+02
3.376980310825088427e-01 2.445528312595344005e+02
3.416123268585519734e-01 2.396640443860476921e+02
3.455719936762132183e-01 2.348736051959475901e+02
3.495775574363269023e-01 2.302377753120306636e+02
3.536295501355037896e-01 2.257988575904522293e+02
3.577285099367869536e-01 2.215777919206348940e+02
3.618749812411271027e-01 2.175721793123225609e+02
3.660695147596894072e-01 2.137590736254418005e+02
3.703126675869919948e-01 2.101027720506480421e+02
3.746050032748987069e-01 2.065620339790656317e+02
3.789470919074662825e-01 2.030933767906517460e+02
3.833395101766597923e-01 1.996544927071859661e+02
3.877828414589447603e-01 1.962106455515302059e+02
3.922776758927711827e-01 1.927443495053879019e+02
3.968246104569475019e-01 1.892606872667155926e+02
4.014242490499316252e-01 1.857825744660273699e+02
4.060772025700360999e-01 1.823397403223925153e+02
4.107840889965636011e-01 1.789595474195400300e+02
4.155455334718866078e-01 1.756648032478839525e+02
4.203621683844705470e-01 1.724752486108639289e+02
4.252346334528675498e-01 1.694044038964141805e+02
4.301635758106789886e-01 1.664511165135018587e+02
4.351496500925045585e-01 1.635975321421177568e+02
4.401935185208863954e-01 1.608187244937227547e+02
4.452958509942646081e-01 1.580944028026053161e+02
4.504573251759450558e-01 1.554101549797437372e+02
4.556786265841057948e-01 1.527527181318531291e+02
4.609604486828429160e-01 1.501121584132068847e+02
4.663034929742719270e-01 1.474909281892741717e+02
4.717084690917007217e-01 1.449042907202654931e+02
4.771760948938736924e-01 1.423681556088337459e+02
4.827070965603176278e-01 1.398908727937720471e+02
4.883022086877874535e-01 1.374773115512832078e+02
4.939621743878316318e-01 1.351322983653974745e+02
4.996877453854872697e-01 1.328544032670078821e+02
5.054796821191230860e-01 1.306326158160356670e+02
5.113387538414317923e-01 1.284547100112250178e+02
5.172657387216013092e-01 1.263143251562708258e+02
5.232614239486657048e-01 1.242072089625284406e+02
5.293266058360548421e-01 1.221285853363555134e+02
5.354620899273596635e-01 1.200792661558812000e+02
5.416686911033142815e-01 1.180668519140601944e+02
5.479472336900278462e-01 1.160971214265613156e+02
5.542985515684663023e-01 1.141703961049341132e+02
5.607234882852017988e-01 1.122874602174887428e+02
5.672228971644530660e-01 1.104493565553271992e+02
5.737976414214123189e-01 1.086512611215921567e+02
5.804485942768968787e-01 1.068863185126462270e+02
5.871766390733248464e-01 1.051529848520307269e+02
5.939826693920350342e-01 1.034507687456225256e+02
6.008675891719672535e-01 1.017766442123647579e+02
6.078323128297217215e-01 1.001316607433594186e+02
6.148777653810012511e-01 9.852025759543616346e+01
6.220048825634703071e-01 9.694177451803879819e+01
6.292146109610337046e-01 9.539540793672047414e+01
6.365079081295554886e-01 9.388035079629541713e+01
6.438857427240405329e-01 9.239496820164087865e+01
6.513490946272790794e-01 9.093770057857737754e+01
6.588989550799940753e-01 8.950710723921309864e+01
6.665363268124905316e-01 8.810249124274051269e+01
6.742622241778335468e-01 8.672368909100330825e+01
6.820776732865669878e-01 8.537053917298641181e+01
6.899837121430004716e-01 8.404286689401035915e+01
6.979813907830648700e-01 8.274034160055478537e+01
7.060717714137764167e-01 8.146238986450904918e+01
7.142559285543118586e-01 8.020843012188906584e+01
7.225349491787196321e-01 7.897789663901346557e+01
7.309099328602896017e-01 7.777023903545109818e+01
7.393819919175852462e-01 7.658492182280502902e+01
7.479522515621810363e-01 7.542142395874763849e+01
7.566218500481046716e-01 7.427923841577401731e+01
7.653919388230141507e-01 7.315787176413776649e+01
7.742636826811252204e-01 7.205684376846973294e+01
7.832382599179181781e-01 7.097568699758929256e+01
7.923168624866241405e-01 6.991394644704233485e+01
8.015006961565395160e-01 6.887117917391773858e+01
8.107909806731679048e-01 6.784695394372418775e+01
8.201889499202184020e-01 6.684085176212695956e+01
8.296958520834889494e-01 6.585246743328039543e+01
8.393129498166350677e-01 6.488140682685512672e+01
8.490415204088734846e-01 6.392728597831362691e+01
8.588828559546241026e-01 6.298973079926073382e+01
8.688382635251177266e-01 6.206837679689675724e+01
8.789090653419935339e-01 6.116286880225803202e+01
8.890965989529141522e-01 6.027286070695461007e+01
8.994022174092030086e-01 5.939801520810834745e+01
9.098272894455547988e-01 5.853800356121998050e+01
9.203731996618214062e-01 5.769250534068984138e+01
9.310413487069052474e-01 5.686120820774240059e+01
9.418331534647932379e-01 5.604380768549933833e+01
9.527500472427273825e-01 5.524000694096502428e+01
9.637934799615772707e-01 5.444951657369089304e+01
9.749649183484077053e-01 5.367205441089629403e+01
9.862658461312796554e-01 5.290734530883328546e+01
9.976977642363179521e-01 5.215512096018158417e+01
1.009262190987045615e+00 5.141511970728303993e+01
1.020960662306044986e+00 5.068708517605000452e+01
1.032794731918950104e+00 4.997075828629701988e+01
1.044765971560803308e+00 4.926588247706667545e+01
1.056875971184801477e+00 4.857220790944334965e+01
1.069126339173473994e+00 4.788949129962129803e+01
1.081518702552286326e+00 4.721749573331936034e+01
1.094054707205741162e+00 4.655599048607259505e+01
1.106736018095972218e+00 4.590475084920133497e+01
1.119564319483875581e+00 4.526355796125356079e+01
1.132541315152809203e+00 4.463219864473526854e+01
1.145668728634869460e+00 4.401046524793788706e+01
1.158948303439808925e+00 4.339815549169390607e+01
1.172381803286597357e+00 4.279507232088128887e+01
1.185971012337668551e+00 4.220102376051824677e+01
1.199717735435881671e+00 4.161582277628869520e+01
1.213623798344238169e+00 4.103928713934313066e+01
1.227691047988357376e+00 4.047123929523399966e+01
1.241921352701781833e+00 3.991150623683297738e+01
1.256316602474119026e+00 3.935991938110782229e+01
1.270878709202055257e+00 3.881631444386880503e+01
1.285609606943292516e+00 3.828053120089982997e+01
1.300511252173406351e+00 3.775241338513281875e+01
1.315585624045702007e+00 3.723180870541892062e+01
1.330834724654073264e+00 3.671856874584435104e+01
1.346260579298908633e+00 3.621254886252373240e+01
1.361865236756078401e+00 3.571360808343333559e+01
1.377650769549050969e+00 3.522160901118711962e+01
1.393619274224140003e+00 3.473641772865355648e+01
1.409772871628964586e+00 3.425790370732033097e+01
1.426113707194127000e+00 3.378593971830954246e+01
1.442643951218154141e+00 3.332040174596071580e+01
1.459365799155753374e+00 3.286116890389176604e+01
1.476281471909387077e+00 3.240812335345572848e+01
1.493393216124249800e+00 3.196115022451486709e+01
1.510703304486652465e+00 3.152013753845210431e+01
1.528214036025868250e+00 3.108497613334978382e+01
1.545927736419473675e+00 3.065555959125917695e+01
1.563846758302243289e+00 3.023178416749526676e+01
1.581973481578597518e+00 2.981354872587790794e+01
1.600310313738698254e+00 2.940075532667871272e+01
1.618859690178196420e+00 2.899330983914316207e+01
1.637624074521683681e+00 2.859112060214935269e+01
1.656605958949910251e+00 2.819409818469075191e+01
1.675807864530764357e+00 2.780215532975921988e+01
1.695232341554117506e+00 2.741520689970279889e+01
1.714881969870537537e+00 2.703316982301124582e+01
1.734759359233926546e+00 2.665596304248380477e+01
1.754867149648146718e+00 2.628350746473635979e+01
1.775208011717630985e+00 2.591572591100550937e+01
1.795784647002092393e+00 2.555254306920889817e+01
1.816599788375324875e+00 2.519388544722326628e+01
1.837656200388168903e+00 2.483968132734043621e+01
1.858956679635682452e+00 2.448986072186765028e+01
1.880504055128578100e+00 2.414435532983333133e+01
1.902301188668940934e+00 2.380309849476736517e+01
1.924350975230327832e+00 2.346602516352138679e+01
1.946656343342259454e+00 2.313307184609598721e+01
1.969220255479166903e+00 2.280417657644674634e+01
1.992045708453865194e+00 2.247927933380149312e+01
2.015135733815553110e+00 2.215832371050755611e+01
2.038493398252459343e+00 2.184125521203801057e+01
2.062121803999140468e+00 2.152802053666537319e+01
2.086024089248501578e+00 2.121856754614375618e+01
2.110203428568589779e+00 2.091284523719381738e+01
2.134663033324239123e+00 2.061080371363043540e+01
2.159406152103561904e+00 2.031239415911592516e+01
2.184436071149423508e+00 2.001756881051977999e+01
2.209756114795899062e+00 1.972628093187210396e+01
2.235369645909789149e+00 1.943848478889270481e+01
2.261280066337272743e+00 1.915413562408135206e+01
2.287490817355697814e+00 1.887318963235397362e+01
2.314005380130648604e+00 1.859560393721269378e+01
2.340827276178290006e+00 1.832133656743291539e+01
2.367960067833074778e+00 1.805034643425685559e+01
2.395407358720871738e+00 1.778259330907878422e+01
2.423172794237594019e+00 1.751803780161181834e+01
2.451260062033334020e+00 1.725664133852183468e+01
2.479672892502154724e+00 1.699836627828398861e+01
2.508415059277536496e+00 1.674317737405335293e+01
2.537490379733563284e+00 1.649104109767755233e+01
2.566902715491944598e+00 1.624192450875947458e+01
2.596655972934865719e+00 1.599579522017299027e+01
2.626754103723832223e+00 1.575262138423518898e+01
2.657201105324501267e+00 1.551237167916537807e+01
2.688001021537603119e+00 1.527501529582605322e+01
2.719157943036010661e+00 1.504052192474057748e+01
2.750676007908059884e+00 1.480886174338126082e+01
2.782559402207119170e+00 1.458000540372328047e+01
2.814812360507575661e+00 1.435392402006065993e+01
2.847439166467243155e+00 1.413058915707692442e+01
2.880444153396288787e+00 1.390997281816833286e+01
2.913831704832780201e+00 1.369204743401408031e+01
2.947606255124850971e+00 1.347678585138868534e+01
2.981772290019666816e+00 1.326416132221330457e+01
3.016334347259191695e+00 1.305414749284106968e+01
3.051297017182866167e+00 1.284671839357300982e+01
3.086664943337265488e+00 1.264184844646178796e+01
3.122442823092849373e+00 1.243951325927453233e+01
3.158635408267811417e+00 1.223968987400106911e+01
3.195247505759207129e+00 1.204235563469550030e+01
3.232283978181375250e+00 1.184748809330677588e+01
3.269749744511758038e+00 1.165506500452707250e+01
3.307649780744232881e+00 1.146506432076944471e+01
3.345989120549966334e+00 1.127746418727436684e+01
3.384772855945975767e+00 1.109224293734287059e+01
3.424006137971419506e+00 1.090937908769393871e+01
3.463694177371722915e+00 1.072885133394607493e+01
3.503842245290665680e+00 1.055063854621970876e+01
3.544455673970426268e+00 1.037471976485985081e+01
3.585539857459808299e+00 1.020107419627747447e+01
3.627100252330640817e+00 1.002968120890640158e+01
3.669142378402487914e+00 9.860520329277145279e+00
3.711671819475755196e+00 9.693571238202702389e+00
3.754694224073326314e+00 9.528813767077567221e+00
3.798215306190726892e+00 9.366227894286549116e+00
3.842240846055053005e+00 9.205793741898192550e+00
3.886776690892660646e+00 9.047491889020827571e+00
3.931828755705757406e+00 8.891303986007367044e+00
3.977403024058025149e+00 8.737211909213719707e+00
4.023505548869283466e+00 8.585197568625027031e+00
4.070142453219429690e+00 8.435242908219384717e+00
4.117319931161670610e+00 8.287329906371398991e+00
4.165044248545179073e+00 8.141440576294289855e+00
4.213321743847276757e+00 7.997556966520160238e+00
4.262158829015312733e+00 7.855661161416222171e+00
4.311561990318218740e+00 7.715735281736924911e+00
4.361537789207996951e+00 7.577761485210956494e+00
4.412092863191181991e+00 7.441721967161224249e+00
4.463233926710382882e+00 7.307598961157556694e+00
4.514967772036088789e+00 7.175374739701011251e+00
4.567301270168734995e+00 7.045031614938420894e+00
4.620241371751302673e+00 6.916551939406334171e+00
4.673795107992455122e+00 6.789918106803288111e+00
4.727969591600383659e+00 6.665112552789467237e+00
4.782772017727470626e+00 6.542117755812352442e+00
4.838209664925944509e+00 6.420916362492663509e+00
4.894289896114520033e+00 6.301491940380449464e+00
4.951020159556341227e+00 6.183828410260550967e+00
5.008407989848203457e+00 6.067909639884031314e+00
5.066461008921252507e+00 5.953719446949513383e+00
5.125186927053318797e+00 5.841241603794660620e+00
5.184593543892900058e+00 5.730459842032235684e+00
5.244688749495107771e+00 5.621357857130193203e+00
5.305480525369564937e+00 5.513919312934349115e+00
5.366976945540468336e+00 5.408127846132777528e+00
5.429186177618927189e+00 5.303967070661567362e+00
5.492116483887774514e+00 5.201420582050753971e+00
5.555776222398865372e+00 5.100471961709724056e+00
5.620173848083176438e+00 5.001104781151418877e+00
5.685317913873744189e+00 4.903302606154576360e+00
5.751217071841596251e+00 4.807049000863452548e+00
5.817880074344919272e+00 4.712327531824357152e+00
5.885315775191436671e+00 4.619121771958322853e+00
5.953533130814357754e+00 4.527415304469704083e+00
6.022541201461917737e+00 4.437191759482777442e+00
6.092349152400691636e+00 4.348435446061690968e+00
6.162966255132924509e+00 4.261131250783691371e+00
6.234401888627847832e+00 4.175264005941604850e+00
6.306665540567391481e+00 4.090818472244245996e+00
6.379766808606270878e+00 4.007779346594891656e+00
6.453715401646691774e+00 3.926131269705076754e+00
6.528521141127827221e+00 3.845858833543229327e+00
6.604193962330286993e+00 3.766946588617899661e+00
6.680743915695598112e+00 3.689379051095950324e+00
6.758181168161097041e+00 3.613140709755409574e+00
6.836516004510227340e+00 3.538216032773416231e+00
6.915758828738503894e+00 3.464589474349584641e+00
6.995920165435354221e+00 3.392245481165078402e+00
7.077010661181871498e+00 3.321168498678154002e+00
7.159041085964872764e+00 3.251342977256633571e+00
7.242022334607302270e+00 3.182753378148102996e+00
7.325965428215218900e+00 3.115384179288629429e+00
7.410881515641548845e+00 3.049219880951004935e+00
7.496781874966857551e+00 2.984245012964557908e+00
7.583677914997172920e+00 2.920444363199537374e+00
7.671581176779286970e+00 2.857803177057171684e+00
7.760503335133557279e+00 2.796306737812602528e+00
7.850456200204484425e+00 2.735940318837363883e+00
7.941451719029317680e+00 2.676689191039165916e+00
8.033501977124714699e+00 2.618538630075494034e+00
8.126619200091928619e+00 2.561473923342742154e+00
8.220815755240526101e+00 2.505480376742829751e+00
8.316104153230948981e+00 2.450543321229735394e+00
8.412497049736094468e+00 2.396648119137798183e+00
8.510007247122224783e+00 2.343780170294543996e+00
8.608647696149226647e+00 2.291924917920364457e+00
8.708431497690707346e+00 2.241067854317590591e+00
8.809371904473977111e+00 2.191194526351748273e+00
8.911482322840175385e+00 2.142290540727768811e+00
9.014776314524892697e+00 2.094341569063913777e+00
9.119267598459275703e+00 2.047333352766508519e+00
9.224970052592155412e+00 2.001251707708409544e+00
9.331897715733223464e+00 1.956082528714257585e+00
9.440064789417590418e+00 1.911811815922553226e+00
9.549485639791939207e+00 1.868425752649540028e+00
9.660174799522621925e+00 1.825910629778193517e+00
9.772146969725703514e+00 1.784252820485195734e+00
9.885417021919554514e+00 1.743438784460562552e+00
9.999999999999984013e+00 1.703455071934402154e+00
