1.000000000000000048e-04 7.703572798734589355e+01
1.011591112223829728e-04 7.789954405879116450e+01
1.023316578330244966e-04 7.877303751072908256e+01
1.035177955630176363e-04 7.965631642747658248e+01
1.047176819485520245e-04 8.054949005602068723e+01
1.059314763518370031e-04 8.145266885520150879e+01
1.071593399822671198e-04 8.236596450951515180e+01
1.084014359178330883e-04 8.328948994258975347e+01
1.096579291267809898e-04 8.422335933081704695e+01
1.109289864895222780e-04 8.516768811712461229e+01
1.122147768207980425e-04 8.612259302490001289e+01
1.135154708920999033e-04 8.708819206942689561e+01
1.148312414543511137e-04 8.806460456671757697e+01
1.161622632608502026e-04 8.905195115398291250e+01
1.175087130904807752e-04 9.005035380556466862e+01
1.188707697711903445e-04 9.105993584762313731e+01
1.202486142037412301e-04 9.208082197297531479e+01
1.216424293857368039e-04 9.311313825609845196e+01
1.230524004359261579e-04 9.415701216829344844e+01
1.244787146187906256e-04 9.521257259343266810e+01
1.259215613694151213e-04 9.627994985285137375e+01
1.273811323186478520e-04 9.735927572162083266e+01
1.288576213185518003e-04 9.845068343531923460e+01
1.303512244681509209e-04 9.955430770563788201e+01
1.318621401394748729e-04 1.006702847365840086e+02
1.333905690039058638e-04 1.017987522408660368e+02
1.349367140588306701e-04 1.029398494564456286e+02
1.365007806546013845e-04 1.040937171632770060e+02
1.380829765218092534e-04 1.052604976627040969e+02
1.396835117988739897e-04 1.064403346217641086e+02
1.413025990599533870e-04 1.076333732175828715e+02
1.429404533431761061e-04 1.088397602233692965e+02
1.445972921792019735e-04 1.100596440257358353e+02
1.462733356201130139e-04 1.112931746421348151e+02
1.479688062686396383e-04 1.125405037384840057e+02
1.496839293077255632e-04 1.138017846469738430e+02
1.514189325304352289e-04 1.150771723845249568e+02
1.531740463702080011e-04 1.163668237091873294e+02
1.549495039314631917e-04 1.176708971693834513e+02
1.567455410205595065e-04 1.189895530646223847e+02
1.585623961771137158e-04 1.203229534578725577e+02
1.604003107056820173e-04 1.216712621946726642e+02
1.622595287078087273e-04 1.230346449224501981e+02
1.641402971144466632e-04 1.244132691100346051e+02
1.660428657187529853e-04 1.258073040673941136e+02
1.679674872092653496e-04 1.272169209435646877e+02
1.699144172034626271e-04 1.286422925286178156e+02
1.718839142817145805e-04 1.300835933552697838e+02
1.738762400216250798e-04 1.315409998576285204e+02
1.758916590327733002e-04 1.330146903934873137e+02
1.779304389918577567e-04 1.345048452648035209e+02
1.799928506782476725e-04 1.360116467383959673e+02
1.820791680099462630e-04 1.375352790668504213e+02
1.841896680799711133e-04 1.390759285096471274e+02
1.863246311931559835e-04 1.406337833665225503e+02
1.884843409033795745e-04 1.422090340252743204e+02
1.906690840512252356e-04 1.438018729548817589e+02
1.928791508020778235e-04 1.454124947205335445e+02
1.951148346846616683e-04 1.470410960059214744e+02
1.973764326300255834e-04 1.486878756357809550e+02
1.996642450109793916e-04 1.503530345986456496e+02
2.019785756819878484e-04 1.520367760698495090e+02
2.043197320195270865e-04 1.537393054244717234e+02
2.066880249629082160e-04 1.554608300102100316e+02
2.090837690555750453e-04 1.572015591440525668e+02
2.115072824868795298e-04 1.589617043861753700e+02
2.139588871343421834e-04 1.607414795760267623e+02
2.164389086064020889e-04 1.625411008560503205e+02
2.189476762856621176e-04 1.643607866956539567e+02
2.214855233726359721e-04 1.662007579154087864e+02
2.240527869300018495e-04 1.680612377114860863e+02
2.266498079273692845e-04 1.699424516417825544e+02
2.292769312865648918e-04 1.718446274629331469e+02
2.319345059274427814e-04 1.737679952888492494e+02
2.346228848142263134e-04 1.757127876933335529e+02
2.373424250023866691e-04 1.776792397354050479e+02
2.400934876860652035e-04 1.796675889847682583e+02
2.428764382460451090e-04 1.816780755475370199e+02
2.456916462982790305e-04 1.837109420921937897e+02
2.485394857429798965e-04 1.857664338744282304e+02
2.514203348142797370e-04 1.878447986327967101e+02
2.543345761304648903e-04 1.899462865000678562e+02
2.572825967447932359e-04 1.920711502351020101e+02
2.602647881969005024e-04 1.942196452741644634e+02
2.632815465648020731e-04 1.963920297579014402e+02
2.663332725174980963e-04 1.985885645585767350e+02
2.694203713681882413e-04 2.008095133075517253e+02
2.725432531281028249e-04 2.030551424230265525e+02
2.757023325609583289e-04 2.053257211038789194e+02
2.788980292380439777e-04 2.076215209982090926e+02
2.821307675939471824e-04 2.099428163549975181e+02
2.854009769829237591e-04 2.122898842886720274e+02
2.887090917359235484e-04 2.146630048111592828e+02
2.920555512182745244e-04 2.170624608603363583e+02
2.954407998880380793e-04 2.194885383287073637e+02
2.988652873550383024e-04 2.219415260923510971e+02
3.023294684405777215e-04 2.244217160400604598e+02
3.058338032378432473e-04 2.269294029043817602e+02
3.093787571730137595e-04 2.294648838295323117e+02
3.129648010670751349e-04 2.320284588900029235e+02
3.165924111983521496e-04 2.346204312471739399e+02
3.202620693657651165e-04 2.372411071785685976e+02
3.239742629528196056e-04 2.398907961073482795e+02
3.277294849923383015e-04 2.425698106320326985e+02
3.315282342319423692e-04 2.452784665564823001e+02
3.353710152002930081e-04 2.480170828997029275e+02
3.392583382740992667e-04 2.507859813884802236e+02
3.431907197459043682e-04 2.535854864061013529e+02
3.471686818926560223e-04 2.564159255781588058e+02
3.511927530450728672e-04 2.592776298322655748e+02
3.552634676578139803e-04 2.621709334279454993e+02
3.593813663804626239e-04 2.650961739867483402e+02
3.635469961293318715e-04 2.680536925225855498e+02
3.677609101601031711e-04 2.710438334722734339e+02
3.720236681413067385e-04 2.740669446415074049e+02
3.763358362286533740e-04 2.771233767985341956e+02
3.806979871402285448e-04 2.802134840045492297e+02
3.851107002325569739e-04 2.833376238312408191e+02
3.895745615775502574e-04 2.864961573917765918e+02
3.940901640403448279e-04 2.896894493716740158e+02
3.986581073580439810e-04 2.929178680598569144e+02
4.032789982193706307e-04 2.961817853799348086e+02
4.079534503452450522e-04 2.994815769139446502e+02
4.126820845702952557e-04 3.028176210901458489e+02
4.174655289253135972e-04 3.061902984050512373e+02
4.223044187206673248e-04 3.095999928234404024e+02
4.271993966306778055e-04 3.130470919813926116e+02
4.321511127789762923e-04 3.165319872154419727e+02
4.371602248248503283e-04 3.200550735918588430e+02
4.422273980505898373e-04 3.236167499360808506e+02
4.473533054498464575e-04 3.272174188622576594e+02
4.525386278170167947e-04 3.308574867385743801e+02
4.577840538376617388e-04 3.345373629966908879e+02
4.630902801799738800e-04 3.382574603862638014e+02
4.684580115873046222e-04 3.420181954938251465e+02
4.738879609717652546e-04 3.458199887802562671e+02
4.793808495089108153e-04 3.496632646093874541e+02
4.849374067335234439e-04 3.535484512766787475e+02
4.905583706365046568e-04 3.574759810379930514e+02
4.962444877628915604e-04 3.614462901383553799e+02
5.019965133110080614e-04 3.654598181810513893e+02
5.078152112327671743e-04 3.695170065202652836e+02
5.137013543351340219e-04 3.736182999693777447e+02
5.196557243827659538e-04 3.777641472913593361e+02
5.256791122018420349e-04 3.819550012238050840e+02
5.317723177850967571e-04 3.861913185039568361e+02
5.379361503980699009e-04 3.904735598937126611e+02
5.441714286865889172e-04 3.948021902046061768e+02
5.504789807854969502e-04 3.991776782901832235e+02
5.568596444286410272e-04 4.036004961391231518e+02
5.633142670601353798e-04 4.080711187153597734e+02
5.698437059469137721e-04 4.125900249774302324e+02
5.764488282925875340e-04 4.171576979584630749e+02
5.831305113526219844e-04 4.217746247882930675e+02
5.898896425508494586e-04 4.264412967154574972e+02
5.967271195973311917e-04 4.311582091291019765e+02
6.036438506075865983e-04 4.359258615807577257e+02
6.106407542232038244e-04 4.407447573143256818e+02
6.177187597338490302e-04 4.456154006053732815e+02
6.248788072006889295e-04 4.505382985495425032e+02
6.321218475812450180e-04 4.555139622669215669e+02
6.394488428556939106e-04 4.605429069200168897e+02
6.468607661546322196e-04 4.656256517287615111e+02
6.543586018883232108e-04 4.707627199852030344e+02
6.619433458774390093e-04 4.759546390679669230e+02
6.696160054853217717e-04 4.812019404505179523e+02
6.773775997517746681e-04 4.865051589703164154e+02
6.852291595284059830e-04 4.918648320673901253e+02
6.931717276155402148e-04 4.972815010471340997e+02
7.012063589007179638e-04 5.027557112588893347e+02
7.093341204987991394e-04 5.082880121056257963e+02
7.175560918936924699e-04 5.138789570532770767e+02
7.258733650817247602e-04 5.195291036396287154e+02
7.342870447166760257e-04 5.252390134828400505e+02
7.427982482564913450e-04 5.310092520176812059e+02
7.514081061116963198e-04 5.368403852678997055e+02
7.601177617955326210e-04 5.427329807621958935e+02
7.689283720758308604e-04 5.486876098140515978e+02
7.778411071286484360e-04 5.547048475671920187e+02
7.868571506936848170e-04 5.607852729940489098e+02
7.959777002314981234e-04 5.669294688935468685e+02
8.052039670825472846e-04 5.731380218883253974e+02
8.145371766280737639e-04 5.794115224212575868e+02
8.239785684528515806e-04 5.857505641420671054e+02
8.335293965098190729e-04 5.921557422942199764e+02
8.431909292866253619e-04 5.986276553117942285e+02
8.529644499741018170e-04 6.051669052809693312e+02
8.628512566366892044e-04 6.117740979294183035e+02
8.728526623848374341e-04 6.184498426149361876e+02
8.829699955494085860e-04 6.251947523132690776e+02
8.932045998580961195e-04 6.320094436051631419e+02
9.035578346138924653e-04 6.388945365756253523e+02
9.140310748756226740e-04 6.458506520955569385e+02
9.246257116405735008e-04 6.528784111430189796e+02
9.353431520292382036e-04 6.599784377735719545e+02
9.461848194721997124e-04 6.671513592818275811e+02
9.571521538991858893e-04 6.743978061760586797e+02
9.682466119303117331e-04 6.817184121517984750e+02
9.794696670695391023e-04 6.891138140644161467e+02
9.908228099003791103e-04 6.965846519006006474e+02
1.002307548283864732e-03 7.041315684011840403e+02
1.013925407558814544e-03 7.117552070247720621e+02
1.025677930744421434e-03 7.194562131876999729e+02
1.037566678745185456e-03 7.272352351486164252e+02
1.049593230558226948e-03 7.350929239732513452e+02
1.061759183482999420e-03 7.430299334951367882e+02
1.074066153333433013e-03 7.510469202751650073e+02
1.086515774652537783e-03 7.591445435598477616e+02
1.099109700929496542e-03 7.673234652220988892e+02
1.111849604819270662e-03 7.755843472840881532e+02
1.124737178364751356e-03 7.839278491352409901e+02
1.137774133221490730e-03 7.923546317135504751e+02
1.150962200885031431e-03 8.008653580525601683e+02
1.164303132920876341e-03 8.094606932228906544e+02
1.177798701197118681e-03 8.181413042723451099e+02
1.191450698119775244e-03 8.269078601644494029e+02
1.205260936870841855e-03 8.357610317155136954e+02
1.219231251649110278e-03 8.447014912140480192e+02
1.233363497913775222e-03 8.537299083516053315e+02
1.247659552630868939e-03 8.628469511559051170e+02
1.262121314522546408e-03 8.720532888354083525e+02
1.276750704319265127e-03 8.813495917661682597e+02
1.291549665014883131e-03 8.907365314109903238e+02
1.306520162124720367e-03 9.002147802368505154e+02
1.321664183946604648e-03 9.097850116305294250e+02
1.336983741824946011e-03 9.194478998123894371e+02
1.352480870417874584e-03 9.292041171700523137e+02
1.368157627967470829e-03 9.390543269325791016e+02
1.384016096573131068e-03 9.489991900872172437e+02
1.400058382468096939e-03 9.590393674596971323e+02
1.416286616299197981e-03 9.691755196038271833e+02
1.432702953409829925e-03 9.794083066890722193e+02
1.449309574126215940e-03 9.897383883859004072e+02
1.466108684046983808e-03 1.000166423749144201e+03
1.483102514336103470e-03 1.010693070942514055e+03
1.500293322019217047e-03 1.021318981807948035e+03
1.517683390283404692e-03 1.032044800185508393e+03
1.535275028780421847e-03 1.042871167863158234e+03
1.553070573933459063e-03 1.053798724840987461e+03
1.571072389247449340e-03 1.064828109188676535e+03
1.589282865622977398e-03 1.075959956900551106e+03
1.607704421673822760e-03 1.087194901748331404e+03
1.626339504048191073e-03 1.098533575131405087e+03
1.645190587753661863e-03 1.109976603470217469e+03
1.664260176485902803e-03 1.121524593078631824e+03
1.683550802961201673e-03 1.133178139144116813e+03
1.703065029252843121e-03 1.144937832677621145e+03
1.722805447131393322e-03 1.156804260352801521e+03
1.742774678408918554e-03 1.168778004315440967e+03
1.762975375287204483e-03 1.180859641990266027e+03
1.783410220710006724e-03 1.193049745884944741e+03
1.804081928719382128e-03 1.205348883358448802e+03
1.824993244816151307e-03 1.217757610539125608e+03
1.846146946324546618e-03 1.230276464994815115e+03
1.867545842761074654e-03 1.242905976121292724e+03
1.889192776207665675e-03 1.255646666515994184e+03
1.911090621689137074e-03 1.268499051747090789e+03
1.933242287555043959e-03 1.281463640119676029e+03
1.955650715865948734e-03 1.294540932439124845e+03
1.978318882784163655e-03 1.307731421771612304e+03
2.001249798969035980e-03 1.321035592205005287e+03
2.024446509976802599e-03 1.334453905158159159e+03
2.047912096665084614e-03 1.347986802084495821e+03
2.071649675602067840e-03 1.361634714369761696e+03
2.095662399480431679e-03 1.375398063308824931e+03
2.119953457536069303e-03 1.389277259826430054e+03
2.144526075971666789e-03 1.403272704195029746e+03
2.169383518385183292e-03 1.417384785749943148e+03
2.194529086203312468e-03 1.431613882601551268e+03
2.219966119119953351e-03 1.445960357264273398e+03
2.245697995539773072e-03 1.460424544205347729e+03
2.271728133026903931e-03 1.475006761020983959e+03
2.298059988758849835e-03 1.489707311921652490e+03
2.324697059985647227e-03 1.504526487411299286e+03
2.351642884494347698e-03 1.519464563964045738e+03
2.378901041078892130e-03 1.534521803698194617e+03
2.406475150015422761e-03 1.549698454047806308e+03
2.434368873543109931e-03 1.564994747106100476e+03
2.462585916350545565e-03 1.580410887210299279e+03
2.491130026067787072e-03 1.595947046479913524e+03
2.520004993764090716e-03 1.611603378813970494e+03
2.549214654451422042e-03 1.627380020547090226e+03
2.578762887593799742e-03 1.643277090084749489e+03
2.608653617622546696e-03 1.659294687536472566e+03
2.638890814457508453e-03 1.675432894347148931e+03
2.669478494034319832e-03 1.691691772926380963e+03
2.700420718837771242e-03 1.708071363766396189e+03
2.731721598441374903e-03 1.724571668887301712e+03
2.763385290053167829e-03 1.741192660975388208e+03
2.795415999067855668e-03 1.757934290992066735e+03
2.827817979625339880e-03 1.774796487812222949e+03
2.860595535175740160e-03 1.791779157824082631e+03
2.893753019050949830e-03 1.808882184528048356e+03
2.927294835042814833e-03 1.826105428134590966e+03
2.961225437988033050e-03 1.843448725069588590e+03
2.995549334359811234e-03 1.860911867790479846e+03
3.030271082866395349e-03 1.878494578647342450e+03
3.065395295056525492e-03 1.896196546485421095e+03
3.100926635931925118e-03 1.914017432111013250e+03
3.136869824566874444e-03 1.931956867842194242e+03
3.173229634734975584e-03 1.950014457060013001e+03
3.210010895543170123e-03 1.968189773760312391e+03
3.247218492073126669e-03 1.986482362106421988e+03
3.284857366030041314e-03 2.004891738783265282e+03
3.322932516398970689e-03 2.023417432806290435e+03
3.361449000108763119e-03 2.042058977424692557e+03
3.400411932703704086e-03 2.060815878126798907e+03
3.439826489022923713e-03 2.079687611382405066e+03
3.479697903887689868e-03 2.098673624249893237e+03
3.520031472796677097e-03 2.117773333985328918e+03
3.560832552629275994e-03 2.136986127653731273e+03
3.602106562357069216e-03 2.156311361742481040e+03
3.643858983763542669e-03 2.175748265594924305e+03
3.686095362172155891e-03 2.195295637343077942e+03
3.728821307182831907e-03 2.214952123585634581e+03
3.772042493416996253e-03 2.234716317233240261e+03
3.815764661271247096e-03 2.254586756848606001e+03
3.859993617679764906e-03 2.274561925996957598e+03
3.904735236885557934e-03 2.294640252607219281e+03
3.949995461220641955e-03 2.314820108344614255e+03
3.995780301895267457e-03 2.335099828259259539e+03
4.042095839796303568e-03 2.355478534637964003e+03
4.088948226294858955e-03 2.375956457405600304e+03
4.136343684063272831e-03 2.396533917240788924e+03
4.184288507901578850e-03 2.417211248928420446e+03
4.232789065573546415e-03 2.437988801643629358e+03
4.281851798652410411e-03 2.458866939236645521e+03
4.331483223376396928e-03 2.479846040519305006e+03
4.381689931514188077e-03 2.500926499552707810e+03
4.432478591240393562e-03 2.522108024410563303e+03
4.483855948021185124e-03 2.543384860477385701e+03
4.535828825510184945e-03 2.564748504268848137e+03
4.588404126454754574e-03 2.586190159292757016e+03
4.641588833612774606e-03 2.607700747331464754e+03
4.695390010680057340e-03 2.629270906209223995e+03
4.749814803228498243e-03 2.650890987887133633e+03
4.804870439655126689e-03 2.672551056901309039e+03
4.860564232142133151e-03 2.694240907977859933e+03
4.916903577628024651e-03 2.715955040679709782e+03
4.973895958790060245e-03 2.737699580319122560e+03
5.031548945038048955e-03 2.759482585074634244e+03
5.089870193519678392e-03 2.781312412188314738e+03
5.148867450137491197e-03 2.803197719701265214e+03
5.208548550577657595e-03 2.825147468447590654e+03
5.268921421350668960e-03 2.847170924324821499e+03
5.329994080844086858e-03 2.869277660859328535e+03
5.391774640387498457e-03 2.891476930872198864e+03
5.454271305329828380e-03 2.913767996306532041e+03
5.517492376129119747e-03 2.936141707113384200e+03
5.581446249454959617e-03 2.958588394498759044e+03
5.646141419303662458e-03 2.981098104382938800e+03
5.711586478126426739e-03 3.003660595378882135e+03
5.777790117970500218e-03 3.026265337114019530e+03
5.844761131633627142e-03 3.048901508911345445e+03
5.912508413831872763e-03 3.071557998846451937e+03
5.981040962380937930e-03 3.094224925678267027e+03
6.050367879391214433e-03 3.116898721479004507e+03
6.120498372476694711e-03 3.139577528798891308e+03
6.191441755977841743e-03 3.162259485315089023e+03
6.263207452198682815e-03 3.184942724164698575e+03
6.335804992658246836e-03 3.207625374296752852e+03
6.409244019356445839e-03 3.230305560825476277e+03
6.483534286054717238e-03 3.252981405384150094e+03
6.558685659571428586e-03 3.275651000220417700e+03
6.634708121092339726e-03 3.298311232925967033e+03
6.711611767496278476e-03 3.320957274795896865e+03
6.789406812696106158e-03 3.343584090783525880e+03
6.868103588995296514e-03 3.366186561482158140e+03
6.947712548460231209e-03 3.388759483733742400e+03
7.028244264308346374e-03 3.411297571304464782e+03
7.109709432312428558e-03 3.433795455627948286e+03
7.192118872221184116e-03 3.456247686617754425e+03
7.275483529196219955e-03 3.478648773245311531e+03
7.359814475265760887e-03 3.500993469714049297e+03
7.445122910795134823e-03 3.523276619015974575e+03
7.531420165974363201e-03 3.545493000814699826e+03
7.618717702322989373e-03 3.567637331478827946e+03
7.707027114212296713e-03 3.589704265199174188e+03
7.796360130405225256e-03 3.611688395164913345e+03
7.886728615614147300e-03 3.633584254799443897e+03
7.978144572076614760e-03 3.655386318633961309e+03
8.070620141149495441e-03 3.677088863889629920e+03
8.164167604921463567e-03 3.698685764811469653e+03
8.258799387844257406e-03 3.720170778411768424e+03
8.354528058382861000e-03 3.741537596738256070e+03
8.451366330684714073e-03 3.762779848665726149e+03
8.549327066268371661e-03 3.783891101767474538e+03
8.648423275731715806e-03 3.804864864267205121e+03
8.748668120479906676e-03 3.825694587072029663e+03
8.850074914473426979e-03 3.846373654913402333e+03
8.952657125996391421e-03 3.866895209209196310e+03
9.056428379445279064e-03 3.887252175307148264e+03
9.161402457138508384e-03 3.907437417626644674e+03
9.267593301146874116e-03 3.927443747234200600e+03
9.375015015145274355e-03 3.947263924551653872e+03
9.483681866285915280e-03 3.966890662159836211e+03
9.593608287093137454e-03 3.986316627696746309e+03
9.704808877380292215e-03 4.005534446850722816e+03
9.817298406188829443e-03 4.024536625205294513e+03
9.931091813749784100e-03 4.043315265453190023e+03
1.004620421346811773e-02 4.061862326858321921e+03
1.016265089392994099e-02 4.080169729874245604e+03
1.028044732093308204e-02 4.098229359954815664e+03
1.039960913954119000e-02 4.116033071472840675e+03
1.052015217616157974e-02 4.133572691750506237e+03
1.064209244064722934e-02 4.150840025200544915e+03
1.076544612842314681e-02 4.167826853237484102e+03
1.089022962263729542e-02 4.184524724192823669e+03
1.101645949633655273e-02 4.200924855334071253e+03
1.114415251466786827e-02 4.217018425518022013e+03
1.127332563710485222e-02 4.232796604848287643e+03
1.140399601970031561e-02 4.248250559901935958e+03
1.153618101736477233e-02 4.263371459078174667e+03
1.166989818617145645e-02 4.278150478066992036e+03
1.180516528568804208e-02 4.292578805434431160e+03
1.194200028133531391e-02 4.306647593455920287e+03
1.208042134677327073e-02 4.320347548614649895e+03
1.222044686631487166e-02 4.333669162795084958e+03
1.236209543736768203e-02 4.346602953533290929e+03
1.250538587290389754e-02 4.359139472689298600e+03
1.265033720395902610e-02 4.371269313411494295e+03
1.279696868215939552e-02 4.382983117224864145e+03
1.294529978227914289e-02 4.394271581238475846e+03
1.309535020482666470e-02 4.405125465040910967e+03
1.324713987866115404e-02 4.415535417510272964e+03
1.340068896363949026e-02 4.425491701262797505e+03
1.355601785329367710e-02 4.434984586226451029e+03
1.371314717753943473e-02 4.444004430231449078e+03
1.387209780541619544e-02 4.452541687611051202e+03
1.403289084785870784e-02 4.460586917908833129e+03
1.419554766050099524e-02 4.468130794684027023e+03
1.436008984651259215e-02 4.475164114407330089e+03
1.452653925946778904e-02 4.481677784222843911e+03
1.469491800624815429e-02 4.487662461445015651e+03
1.486524844997855720e-02 4.493108608107286273e+03
1.503755321299736145e-02 4.498006830806104517e+03
1.521185517986103040e-02 4.502347902484274528e+03
1.538817750038344936e-02 4.506122772661224190e+03
1.556654359271059974e-02 4.509322577714116960e+03
1.574697714643085236e-02 4.511938651197775471e+03
1.592950212572120244e-02 4.513962534190455699e+03
1.611414277253018015e-02 4.515385910888118815e+03
1.630092360979739502e-02 4.516200342745769376e+03
1.648986944471062324e-02 4.516397526931256834e+03
1.668100537200057146e-02 4.515969410116086692e+03
1.687435677727374198e-02 4.514908199510166014e+03
1.706994934038405520e-02 4.513206373842726862e+03
1.726780903884354151e-02 4.510856694286020684e+03
1.746796215127244256e-02 4.507852215305658319e+03
1.767043526088944369e-02 4.504186294389711293e+03
1.787525525904233581e-02 4.499852546359780717e+03
1.808244934877948837e-02 4.494844825133569429e+03
1.829204504846291754e-02 4.489157313885728399e+03
1.850407019542300510e-02 4.482784542678233265e+03
1.871855294965576663e-02 4.475721398740008226e+03
1.893552179756293266e-02 4.467963136552296419e+03
1.915500555573526609e-02 4.459505387720831095e+03
1.937703337477986176e-02 4.450344170615694566e+03
1.960163474319183419e-02 4.440475945442075499e+03
1.982883949127068474e-02 4.429897986481074440e+03
2.005867779508231641e-02 4.418608193052647039e+03
2.029118018046676200e-02 4.406604881284555631e+03
2.052637752709248961e-02 4.393886789250226684e+03
2.076430107255772262e-02 4.380453083722300107e+03
2.100498241653913495e-02 4.366303366560659015e+03
2.124845352498879944e-02 4.351437680718340744e+03
2.149474673437978475e-02 4.335856516686017130e+03
2.174389475600078253e-02 4.319561284263379093e+03
2.199593068030071888e-02 4.302555082854932152e+03
2.225088798128367282e-02 4.284841647722377274e+03
2.250880052095458397e-02 4.266425144111178270e+03
2.276970255381677299e-02 4.247310167544941578e+03
2.303362873142129202e-02 4.227501743675865328e+03
2.330061410696921201e-02 4.207005327685296834e+03
2.357069413996725274e-02 4.185826803229291727e+03
2.384390470093718586e-02 4.163972579736015177e+03
2.412028207618003781e-02 4.141451421669781666e+03
2.439986297259547771e-02 4.118274226343752161e+03
2.468268452255688306e-02 4.094452285487519475e+03
2.496878428884323833e-02 4.069997210350404657e+03
2.525820026962782502e-02 4.044920922124515073e+03
2.555097090352503181e-02 4.019235642099661163e+03
2.584713507469561106e-02 3.992953881561860271e+03
2.614673211801089858e-02 3.966088431446951290e+03
2.644980182427715890e-02 3.938653175660149827e+03
2.675638444552042375e-02 3.910666254572316575e+03
2.706652070033239293e-02 3.882147138714384710e+03
2.738025177927854228e-02 3.853115350032122933e+03
2.769761935036888292e-02 3.823590442580754370e+03
2.801866556459190957e-02 3.793591983910055660e+03
2.834343306151305975e-02 3.763139536827645770e+03
2.867196497493766996e-02 3.732252641557914558e+03
2.900430493863987227e-02 3.700950852392640172e+03
2.934049709215783702e-02 3.669256999948965131e+03
2.968058608665600367e-02 3.637198915676372962e+03
3.002461709085545161e-02 3.604804485301191562e+03
3.037263579703308389e-02 3.572101158673276586e+03
3.072468842709001266e-02 3.539115927920171998e+03
3.108082173869059980e-02 3.505875307196870835e+03
3.144108303147261779e-02 3.472405314010068651e+03
3.180552015332915178e-02 3.438731452093649750e+03
3.217418150676367578e-02 3.404879281493520921e+03
3.254711605531845214e-02 3.370879280823395220e+03
3.292437333007763867e-02 3.336764118073961072e+03
3.330600343624585263e-02 3.302565554642854295e+03
3.369205705980264642e-02 3.268314402040115965e+03
3.408258547423447665e-02 3.234040513474199543e+03
3.447764054734461098e-02 3.199772778062736506e+03
3.487727474814172890e-02 3.165539117552104926e+03
3.528154115380878475e-02 3.131366489659646959e+03
3.569049345675226470e-02 3.097284109027216346e+03
3.610418597173332272e-02 3.063328966477217818e+03
3.652267364308171838e-02 3.029538079960615505e+03
3.694601205199299354e-02 2.995946925010704945e+03
3.737425742391059513e-02 2.962589454654258589e+03
3.780746663599345719e-02 2.929498123304988439e+03
3.824569722466996530e-02 2.896703914341750533e+03
3.868900739327971183e-02 2.864236371082485221e+03
3.913745601980380545e-02 2.832123388077023719e+03
3.959110266468453265e-02 2.800386445883574652e+03
4.005000757873606460e-02 2.769041176399974574e+03
4.051423171114643812e-02 2.738102178570345586e+03
4.098383671757255958e-02 2.707583241106139667e+03
4.145888496832907111e-02 2.677497370658744330e+03
4.193943955667183560e-02 2.647856820534725557e+03
4.242556430717771970e-02 2.618673119869900802e+03
4.291732378422153521e-02 2.589957103184234256e+03
4.341478330055086043e-02 2.561722469244569766e+03
4.391800892596080946e-02 2.534000110132540613e+03
4.442706749606879085e-02 2.506825106357926416e+03
4.494202662119135827e-02 2.480230852220390261e+03
4.546295469532394412e-02 2.454249145967778986e+03
4.598992090522435044e-02 2.428910286618462123e+03
4.652299523960182898e-02 2.404243174317348348e+03
4.706224849841277036e-02 2.380275413886093702e+03
4.760775230226364785e-02 2.357030361477740371e+03
4.815957910192344982e-02 2.334492370937917713e+03
4.871780218794626721e-02 2.312620653251635304e+03
4.928249570040506289e-02 2.291375413996810039e+03
4.985373463873887800e-02 2.270718276840851559e+03
5.043159487171355176e-02 2.250612203526899066e+03
5.101615314749827212e-02 2.231021419849747872e+03
5.160748710385902605e-02 2.211911349625426737e+03
5.220567527846971256e-02 2.193252037066154116e+03
5.281079711934324322e-02 2.175024894749119994e+03
5.342293299538347640e-02 2.157213839869879394e+03
5.404216420705911655e-02 2.139803272138191460e+03
5.466857299720174340e-02 2.122778053373098373e+03
5.530224256192894927e-02 2.106123488098994130e+03
5.594325706169369500e-02 2.089825277104723227e+03
5.659170163246236840e-02 2.073857158285921741e+03
5.724766239702173964e-02 2.058162087410479216e+03
5.791122647641750582e-02 2.042679737555401061e+03
5.858248200152529894e-02 2.027351544301350714e+03
5.926151812475548286e-02 2.012120654819455467e+03
5.994842503189401484e-02 1.996931893253210546e+03
6.064329395408056544e-02 1.981731610299339764e+03
6.134621717992497919e-02 1.966466557788937507e+03
6.205728806776493467e-02 1.951084496551274242e+03
6.277660105806494306e-02 1.935534931995208808e+03
6.350425168595953684e-02 1.919769159385274406e+03
6.424033659394184914e-02 1.903740313734643451e+03
6.498495354469883967e-02 1.887402772298808031e+03
6.573820143409576933e-02 1.870706890565638787e+03
6.650018030431112392e-02 1.853602106758347873e+03
6.727099135712333311e-02 1.836040355112464567e+03
6.805073696735199074e-02 1.817976222736722548e+03
6.883952069645490890e-02 1.799367090726877905e+03
6.963744730628212976e-02 1.780177070777697963e+03
7.044462277299029518e-02 1.760383333744928223e+03
7.126115430111740201e-02 1.739967307549439965e+03
7.208715033782125969e-02 1.718913023596873472e+03
7.292272058728306583e-02 1.697207211630704251e+03
7.376797602527726538e-02 1.674842524486757839e+03
7.462302891391099646e-02 1.651832515829677277e+03
7.548799281653424675e-02 1.628199006467548315e+03
7.636298261282230271e-02 1.603965147914900626e+03
7.724811451403391926e-02 1.579155369296924619e+03
7.814350607844536278e-02 1.553800074061033456e+03
7.904927622696410194e-02 1.527954812794222789e+03
7.996554525892338172e-02 1.501681992277841346e+03
8.089243486805931804e-02 1.475042446841267065e+03
8.183006815867380213e-02 1.448095345831463192e+03
8.277856966198465782e-02 1.420907422541054530e+03
8.373806535266484219e-02 1.393562151556505341e+03
8.470868266557393667e-02 1.366141081576174429e+03
8.569055051268339995e-02 1.338721146634611841e+03
8.668379930019762258e-02 1.311377056209239527e+03
8.768856094587416938e-02 1.284198069608366723e+03
8.870496889654395922e-02 1.257276233903294042e+03
8.973315814583508743e-02 1.230696513285291303e+03
9.077326525210215047e-02 1.204537734435548600e+03
9.182542835656276603e-02 1.178887601901409880e+03
9.288978720164486891e-02 1.153839925853743807e+03
9.396648314954682280e-02 1.129480422080307335e+03
9.505565920101186062e-02 1.105886727806748240e+03
9.615746001432085022e-02 1.083128920108972352e+03
9.727203192450530056e-02 1.061268669066527991e+03
9.839952296278213495e-02 1.040360313761623274e+03
9.954008287621508855e-02 1.020452966989389552e+03
1.006938631476026330e-01 1.001591268133744279e+03
1.018610170155973965e-01 9.838096963432143411e+02
1.030416994950586612e-01 9.671008529183397968e+02
1.042360673976400476e-01 9.514430733323464437e+02
1.054442793526167294e-01 9.368164056795395709e+02
1.066664958279537889e-01 9.232019420518797688e+02
1.079028791516182112e-01 9.105518290522030611e+02
1.091535935331389984e-01 8.987810784830592183e+02
1.104188050854159470e-01 8.878071496359610819e+02
1.116986818467821246e-01 8.775522629852567889e+02
1.129933938033220592e-01 8.679312206573057438e+02
1.143031129114477906e-01 8.588328645692525924e+02
1.156280131207374218e-01 8.501461835887823781e+02
1.169682703970383736e-01 8.417647966487221538e+02
1.183240627458377325e-01 8.335820806907046290e+02
1.196955702359041446e-01 8.254822439740439677e+02
1.210829750232038649e-01 8.173514653680352922e+02
1.224864613750929060e-01 8.090804176450267278e+02
1.239062156947914467e-01 8.005651578049850059e+02
1.253424265461398623e-01 7.917081569067206601e+02
1.267952846786432330e-01 7.824172035361484632e+02
1.282649830528058976e-01 7.726066651305300184e+02
1.297517168657586206e-01 7.622168333051067748e+02
1.312556835771841179e-01 7.512118337333381533e+02
1.327770829355428006e-01 7.395614782629897945e+02
1.343161170046014707e-01 7.272512748544069154e+02
1.358729901902707704e-01 7.143155046619453969e+02
1.374479092677535763e-01 7.008018420449939185e+02
1.390410834090068104e-01 6.867604580856467464e+02
1.406527242105235220e-01 6.722718187673935972e+02
1.422830457214351030e-01 6.574385445471132243e+02
1.439322644719404909e-01 6.423588804564859629e+02
1.456005995020647481e-01 6.271400363291407984e+02
1.472882723907500968e-01 6.119072998934882435e+02
1.489955072852852114e-01 5.967782999349564079e+02
1.507225309310754602e-01 5.818690937887657810e+02
1.524695727017571223e-01 5.673089206058175478e+02
1.542368646296626011e-01 5.532181223453605980e+02
1.560246414366366907e-01 5.397052987417305303e+02
1.578331405652114716e-01 5.268700857435155740e+02
1.596626022101423625e-01 5.148022701048208773e+02
1.615132693503088801e-01 5.035683844002838327e+02
1.633853877809858524e-01 4.931895220198771312e+02
1.652792061464892492e-01 4.836783058867946465e+02
1.671949759731987672e-01 4.750173833379116672e+02
1.691329517029645513e-01 4.671380285643006118e+02
1.710933907269012455e-01 4.599703727002096798e+02
1.730765534195721767e-01 4.534216344381208046e+02
1.750827031735721628e-01 4.473780398086709624e+02
1.771121064345085594e-01 4.417293642548007142e+02
1.791650327363897566e-01 4.363576156712781540e+02
1.812417547374234328e-01 4.311451205613057027e+02
1.833425482562288100e-01 4.259765842182956135e+02
1.854676923084695728e-01 4.207359392953289898e+02
1.876174691439118081e-01 4.153129038573862317e+02
1.897921642839097145e-01 4.096101998130029642e+02
1.919920665593281006e-01 4.035408389262601077e+02
1.942174681489023391e-01 3.970431693546408951e+02
1.964686646180442142e-01 3.900950898575019892e+02
1.987459549580979923e-01 3.826917443099109732e+02
2.010496416260496022e-01 3.748820544292353247e+02
2.033800305846977796e-01 3.667332530145797591e+02
2.057374313432909774e-01 3.583389491540719973e+02
2.081221569986336506e-01 3.498104292000802502e+02
2.105345242766701597e-01 3.412597574264453328e+02
2.129748535745517590e-01 3.328028783393226604e+02
2.154434690031879762e-01 3.245468673322611721e+02
2.179406984302951489e-01 3.165903092181002876e+02
2.204668735239406208e-01 3.090192476246243700e+02
2.230223297965933937e-01 3.018985333236383326e+02
2.256074066496857322e-01 2.952782453371751785e+02
2.282224474186894947e-01 2.891749669536662850e+02
2.308677994187165183e-01 2.835885082775150750e+02
2.335438139906475252e-01 2.784840496778908232e+02
2.362508465477944353e-01 2.738111761116086882e+02
2.389892566231045512e-01 2.694936619376355225e+02
2.417594079169126942e-01 2.654451095436663763e+02
2.445616683452441209e-01 2.615649900787134357e+02
2.473964100886809347e-01 2.577510510862515503e+02
2.502640096417915183e-01 2.539037351232768742e+02
2.531648478631349786e-01 2.499351892948575653e+02
2.560993100258455168e-01 2.457826648864061383e+02
2.590677858688005264e-01 2.414087298397936650e+02
2.620706696483847131e-01 2.368108579715301971e+02
2.651083601908534870e-01 2.320120679093181764e+02
2.681812609453009255e-01 2.270580291764474907e+02
2.712897800372461865e-01 2.220089127010899688e+02
2.744343303228360953e-01 2.169322497768256426e+02
2.776153294436795038e-01 2.119017883945111862e+02
2.808331998823167530e-01 2.069905420843974468e+02
2.840883690183299559e-01 2.022687329144232820e+02
2.873812691851060364e-01 1.977920640050644181e+02
2.907123377272573528e-01 1.935986837434061272e+02
2.940820170587059579e-01 1.896980776897546548e+02
2.974907547214434844e-01 1.860763264163401516e+02
3.009390034449713203e-01 1.826983763326277312e+02
3.044272212064296212e-01 1.795149665608539635e+02
3.079558712914221008e-01 1.764700075775541848e+02
3.115254223555483648e-01 1.735036967366555132e+02
3.151363484866475662e-01 1.705573988683598827e+02
3.187891292677637600e-01 1.675798938183951350e+02
3.224842498408434510e-01 1.645333023852914494e+02
3.262222009711663318e-01 1.614017155480136125e+02
3.300034791125279754e-01 1.581903409130719638e+02
3.338285864731757036e-01 1.549230358786640807e+02
3.376980310825088427e-01 1.516365034759289472e+02
3.416123268585519734e-01 1.483729564373917356e+02
3.455719936762132183e-01 1.451755326421101131e+02
3.495775574363269023e-01 1.420839486498952624e+02
3.536295501355037896e-01 1.391281623488835351e+02
3.577285099367869536e-01 1.363231354285815371e+02
3.618749812411271027e-01 1.336674208910490051e+02
3.660695147596894072e-01 1.311450844622563636e+02
3.703126675869919948e-01 1.287311462862013229e+02
3.746050032748987069e-01 1.263966548127962284e+02
3.789470919074662825e-01 1.241109647808689829e+02
3.833395101766597923e-01 1.218441753721024554e+02
3.877828414589447603e-01 1.195717067481432991e+02
3.922776758927711827e-01 1.172811070350561096e+02
3.968246104569475019e-01 1.149758970288205120e+02
4.014242490499316252e-01 1.126722878391762350e+02
4.060772025700360999e-01 1.103913601589001701e+02
4.107840889965636011e-01 1.081525654543715973e+02
4.155455334718866078e-01 1.059721932379604965e+02
4.203621683844705470e-01 1.038643907345217343e+02
4.252346334528675498e-01 1.018389116140137105e+02
4.301635758106789886e-01 9.989507709151278902e+01
4.351496500925045585e-01 9.802031936560442205e+01
4.401935185208863954e-01 9.619696153133651251e+01
4.452958509942646081e-01 9.441054697942776386e+01
4.504573251759450558e-01 9.265087945461185370e+01
4.556786265841057948e-01 9.090845250317241266e+01
4.609604486828429160e-01 8.917616364685905239e+01
4.663034929742719270e-01 8.745577912243298613e+01
4.717084690917007217e-01 8.575821127483322925e+01
4.771760948938736924e-01 8.409493965197394516e+01
4.827070965603176278e-01 8.247201319314812906e+01
4.883022086877874535e-01 8.089298120720808072e+01
4.939621743878316318e-01 7.936144684483451783e+01
4.996877453854872697e-01 7.787644331909686457e+01
5.054796821191230860e-01 7.643008946995207964e+01
5.113387538414317923e-01 7.501367245098573733e+01
5.172657387216013092e-01 7.362263193209608403e+01
5.232614239486657048e-01 7.225391054020607839e+01
5.293266058360548421e-01 7.090406846391101681e+01
5.354620899273596635e-01 6.957373566212989147e+01
5.416686911033142815e-01 6.826846229529748200e+01
5.479472336900278462e-01 6.699245334225011561e+01
5.542985515684663023e-01 6.574601377255778800e+01
5.607234882852017988e-01 6.452976370169308495e+01
5.672228971644530660e-01 6.334452393971111661e+01
5.737976414214123189e-01 6.218682703806626222e+01
5.804485942768968787e-01 6.105173297431489488e+01
5.871766390733248464e-01 5.993814317179896278e+01
5.939826693920350342e-01 5.884573280791903471e+01
6.008675891719672535e-01 5.777232570355351271e+01
6.078323128297217215e-01 5.671871246120286969e+01
6.148777653810012511e-01 5.568819223290169163e+01
6.220048825634703071e-01 5.468031839342700096e+01
6.292146109610337046e-01 5.369456226582497749e+01
6.365079081295554886e-01 5.273035550795242443e+01
6.438857427240405329e-01 5.178652578954947217e+01
6.513490946272790794e-01 5.086196041875771812e+01
6.588989550799940753e-01 4.995563792117842894e+01
6.665363268124905316e-01 4.906708484835299799e+01
6.742622241778335468e-01 4.819621651785355709e+01
6.820776732865669878e-01 4.734294549088433968e+01
6.899837121430004716e-01 4.650717094756264913e+01
6.979813907830648700e-01 4.568867674382347133e+01
7.060717714137764167e-01 4.488707096235629024e+01
7.142559285543118586e-01 4.410195489697581905e+01
7.225349491787196321e-01 4.333294029735529307e+01
7.309099328602896017e-01 4.257964906991481513e+01
7.393819919175852462e-01 4.184171298793487637e+01
7.479522515621810363e-01 4.111877341058664115e+01
7.566218500481046716e-01 4.041048101058773767e+01
7.653919388230141507e-01 3.971649551020423274e+01
7.742636826811252204e-01 3.903648542531844612e+01
7.832382599179181781e-01 3.837012781730707900e+01
7.923168624866241405e-01 3.771710805246809173e+01
8.015006961565395160e-01 3.707711956875792936e+01
8.107909806731679048e-01 3.644986364986110061e+01
8.201889499202184020e-01 3.583505024120902505e+01
8.296958520834889494e-01 3.523239996090822501e+01
8.393129498166350677e-01 3.464164101242116800e+01
8.490415204088734846e-01 3.406250828619041471e+01
8.588828559546241026e-01 3.349474318131751005e+01
8.688382635251177266e-01 3.293809343233973408e+01
8.789090653419935339e-01 3.239231294094886238e+01
8.890965989529141522e-01 3.185716161250229916e+01
8.994022174092030086e-01 3.133240519718325601e+01
9.098272894455547988e-01 3.081781513566636121e+01
9.203731996618214062e-01 3.031316840915514277e+01
9.310413487069052474e-01 2.981824739365832500e+01
9.418331534647932379e-01 2.933283971837866844e+01
9.527500472427273825e-01 2.885673812808972727e+01
9.637934799615772707e-01 2.838974034938201285e+01
9.749649183484077053e-01 2.793164896066229375e+01
9.862658461312796554e-01 2.748227126579294222e+01
9.976977642363179521e-01 2.704141917126617400e+01
1.009262190987045615e+00 2.660890906680377554e+01
1.020960662306044986e+00 2.618456069355687887e+01
1.032794731918950104e+00 2.576819035438395744e+01
1.044765971560803308e+00 2.535961548084857142e+01
1.056875971184801477e+00 2.495865827588838570e+01
1.069126339173473994e+00 2.456514559603844461e+01
1.081518702552286326e+00 2.417890881681525883e+01
1.094054707205741162e+00 2.379978370236578655e+01
1.106736018095972218e+00 2.342761027923481976e+01
1.119564319483875581e+00 2.306223271411026232e+01
1.132541315152809203e+00 2.270349919541020611e+01
1.145668728634869460e+00 2.235126181858147021e+01
1.158948303439808925e+00 2.200537647498482485e+01
1.172381803286597357e+00 2.166570274424287135e+01
1.185971012337668551e+00 2.133210378993624445e+01
1.199717735435881671e+00 2.100444625853417691e+01
1.213623798344238169e+00 2.068260018145080181e+01
1.227691047988357376e+00 2.036643888012276804e+01
1.241921352701781833e+00 2.005583887400696597e+01
1.256316602474119026e+00 1.975067979140112584e+01
1.270878709202055257e+00 1.945084420118445578e+01
1.285609606943292516e+00 1.915621578159066374e+01
1.300511252173406351e+00 1.886667938763192254e+01
1.315585624045702007e+00 1.858212279572691727e+01
1.330834724654073264e+00 1.830243669859808620e+01
1.346260579298908633e+00 1.802751462197308996e+01
1.361865236756078401e+00 1.775725284391519310e+01
1.377650769549050969e+00 1.749155031668806259e+01
1.393619274224140003e+00 1.723030859107165469e+01
1.409772871628964586e+00 1.697343174304294422e+01
1.426113707194127000e+00 1.672082630274049109e+01
1.442643951218154141e+00 1.647240118563635392e+01
1.459365799155753374e+00 1.622806762583875795e+01
1.476281471909387077e+00 1.598773911145422844e+01
1.493393216124249800e+00 1.575133132193871965e+01
1.510703304486652465e+00 1.551876206737095210e+01
1.528214036025868250e+00 1.528995122958235875e+01
1.545927736419473675e+00 1.506482070508306315e+01
1.563846758302243289e+00 1.484329434972100792e+01
1.581973481578597518e+00 1.462529792235311277e+01
1.600310313738698254e+00 1.441075859577575891e+01
1.618859690178196420e+00 1.419960445616418632e+01
1.637624074521683681e+00 1.399176530778668059e+01
1.656605958949910251e+00 1.378717274376178104e+01
1.675807864530764357e+00 1.358576009676887253e+01
1.695232341554117506e+00 1.338746239125776505e+01
1.714881969870537537e+00 1.319221629710699695e+01
1.734759359233926546e+00 1.299996008468121289e+01
1.754867149648146718e+00 1.281063358124107410e+01
1.775208011717630985e+00 1.262417812866027056e+01
1.795784647002092393e+00 1.244053654240442697e+01
1.816599788375324875e+00 1.225965307173207108e+01
1.837656200388168903e+00 1.208147336107451686e+01
1.858956679635682452e+00 1.190594441255651326e+01
1.880504055128578100e+00 1.173301454961942092e+01
1.902301188668940934e+00 1.156263338171125632e+01
1.924350975230327832e+00 1.139475177000606543e+01
1.946656343342259454e+00 1.122932179412114451e+01
1.969220255479166903e+00 1.106629671979779594e+01
1.992045708453865194e+00 1.090563099099546385e+01
2.015135733815553110e+00 1.074728028648251232e+01
2.038493398252459343e+00 1.059120140514935393e+01
2.062121803999140468e+00 1.043735220228928995e+01
2.086024089248501578e+00 1.028569156197537993e+01
2.110203428568589779e+00 1.013617937022168114e+01
2.134663033324239123e+00 9.988776488896601080e+00
2.159406152103561904e+00 9.843444730364780071e+00
2.184436071149423508e+00 9.700146832832466259e+00
2.209756114795899062e+00 9.558846436376164490e+00
2.235369645909789149e+00 9.419508059630372188e+00
2.261280066337272743e+00 9.282097077115203376e+00
2.287490817355697814e+00 9.146579697182792401e+00
2.314005380130648604e+00 9.012922940562807739e+00
2.340827276178290006e+00 8.881094619488344222e+00
2.367960067833074778e+00 8.751063317383870555e+00
2.395407358720871738e+00 8.622798369097440130e+00
2.423172794237594019e+00 8.496269841660405220e+00
2.451260062033334020e+00 8.371448515557743164e+00
2.479672892502154724e+00 8.248305899704648780e+00
2.508415059277536496e+00 8.126814576703848658e+00
2.537490379733563284e+00 8.006948025626117627e+00
2.566902715491944598e+00 7.888680333569754843e+00
2.596655972934865719e+00 7.771986175619529646e+00
2.626754103723832223e+00 7.656840800165475081e+00
2.657201105324501267e+00 7.543220014590938938e+00
2.688001021537603119e+00 7.431100171319293679e+00
2.719157943036010661e+00 7.320458154207983625e+00
2.750676007908059884e+00 7.211271365280659040e+00
2.782559402207119170e+00 7.103517711787364242e+00
2.814812360507575661e+00 6.997175593582467101e+00
2.847439166467243155e+00 6.892223890812596565e+00
2.880444153396288787e+00 6.788641951904632599e+00
2.913831704832780201e+00 6.686409581845756733e+00
2.947606255124850971e+00 6.585507030746925672e+00
2.981772290019666816e+00 6.485914982681957319e+00
3.016334347259191695e+00 6.387614544794598004e+00
3.051297017182866167e+00 6.290587236665792226e+00
3.086664943337265488e+00 6.194814987416881635e+00
3.122442823092849373e+00 6.100280458943009521e+00
3.158635408267811417e+00 6.006967144534635317e+00
3.195247505759207129e+00 5.914858894943002099e+00
3.232283978181375250e+00 5.823939873819216295e+00
3.269749744511758038e+00 5.734194550126118450e+00
3.307649780744232881e+00 5.645607690721603511e+00
3.345989120549966334e+00 5.558164353109291689e+00
3.384772855945975767e+00 5.471849878352443852e+00
3.424006137971419506e+00 5.386649884146987866e+00
3.463694177371722915e+00 5.302550258050280796e+00
3.503842245290665680e+00 5.219537150861511599e+00
3.544455673970426268e+00 5.137596970150299924e+00
3.585539857459808299e+00 5.056716373930285613e+00
3.627100252330640817e+00 4.976882264473676543e+00
3.669142378402487914e+00 4.898081782264375406e+00
3.711671819475755196e+00 4.820302300085769431e+00
3.754694224073326314e+00 4.743531417240728132e+00
3.798215306190726892e+00 4.667756953900224381e+00
3.842240846055053005e+00 4.592966945672576351e+00
3.886776690892660646e+00 4.519149808386105249e+00
3.931828755705757406e+00 4.446294665960754955e+00
3.977403024058025149e+00 4.374390894720316503e+00
4.023505548869283466e+00 4.303428016688059188e+00
4.070142453219429690e+00 4.233395696262574504e+00
4.117319931161670610e+00 4.164283736967775873e+00
4.165044248545179073e+00 4.096082078276021221e+00
4.213321743847276757e+00 4.028780792502659303e+00
4.262158829015312733e+00 3.962370081770882013e+00
4.311561990318218740e+00 3.896840275045768909e+00
4.361537789207996951e+00 3.832181825235861261e+00
4.412092863191181991e+00 3.768385306361663023e+00
4.463233926710382882e+00 3.705441410789246603e+00
4.514967772036088789e+00 3.643340946528389246e+00
4.567301270168734995e+00 3.582074834593710566e+00
4.620241371751302673e+00 3.521634106427909749e+00
4.673795107992455122e+00 3.462009901385982857e+00
4.727969591600383659e+00 3.403193464279366420e+00
4.782772017727470626e+00 3.345176142978930400e+00
4.838209664925944509e+00 3.287949438195148844e+00
4.894289896114520033e+00 3.231505316706410724e+00
4.951020159556341227e+00 3.175835973184796934e+00
5.008407989848203457e+00 3.120933657881576284e+00
5.066461008921252507e+00 3.066790675137580191e+00
5.125186927053318797e+00 3.013399382655857384e+00
5.184593543892900058e+00 2.960752190798544792e+00
5.244688749495107771e+00 2.908841561907606010e+00
5.305480525369564937e+00 2.857660009648954613e+00
5.366976945540468336e+00 2.807200098379480924e+00
5.429186177618927189e+00 2.757454442536579897e+00
5.492116483887774514e+00 2.708415706049739136e+00
5.555776222398865372e+00 2.660076601773719851e+00
5.620173848083176438e+00 2.612429890942947974e+00
5.685317913873744189e+00 2.565468382646603374e+00
5.751217071841596251e+00 2.519184933324002618e+00
5.817880074344919272e+00 2.473572446279885373e+00
5.885315775191436671e+00 2.428623871219223851e+00
5.953533130814357754e+00 2.384332203800898498e+00
6.022541201461917737e+00 2.340690494579015457e+00
6.092349152400691636e+00 2.297692028456752134e+00
6.162966255132924509e+00 2.255330295740936020e+00
6.234401888627847832e+00 2.213598810671641992e+00
6.306665540567391481e+00 2.172491104902499082e+00
6.379766808606270878e+00 2.132000728175407644e+00
6.453715401646691774e+00 2.092121248989515347e+00
6.528521141127827221e+00 2.052846255264239694e+00
6.604193962330286993e+00 2.014169354996067085e+00
6.680743915695598112e+00 1.976084176909095547e+00
6.758181168161097041e+00 1.938584371098940107e+00
6.836516004510227340e+00 1.901663609669758115e+00
6.915758828738503894e+00 1.865315587364414940e+00
6.995920165435354221e+00 1.829534022187415232e+00
7.077010661181871498e+00 1.794312656020442320e+00
7.159041085964872764e+00 1.759645255230394945e+00
7.242022334607302270e+00 1.725525611269594251e+00
7.325965428215218900e+00 1.691947541268171706e+00
7.410881515641548845e+00 1.658904888618288886e+00
7.496781874966857551e+00 1.626391524264623412e+00
7.583677914997172920e+00 1.594401439538857046e+00
7.671581176779286970e+00 1.562928828009736648e+00
7.760503335133557279e+00 1.531967911361372447e+00
7.850456200204484425e+00 1.501512918042807065e+00
7.941451719029317680e+00 1.471558084729989391e+00
8.033501977124714699e+00 1.442097657756414186e+00
8.126619200091928619e+00 1.413125894512726077e+00
8.220815755240526101e+00 1.384637064815042784e+00
8.316104153230948981e+00 1.356625452242211427e+00
8.412497049736094468e+00 1.329085355442024330e+00
8.510007247122224783e+00 1.302011089406406974e+00
8.608647696149226647e+00 1.275396986715693348e+00
8.708431497690707346e+00 1.249237398752128136e+00
8.809371904473977111e+00 1.223526696882598630e+00
8.911482322840175385e+00 1.198259273610842390e+00
9.014776314524892697e+00 1.173429543699108235e+00
9.119267598459275703e+00 1.149031945259647358e+00
9.224970052592155412e+00 1.125060940815893362e+00
9.331897715733223464e+00 1.101511018333810155e+00
9.440064789417590418e+00 1.078376731707574976e+00
9.549485639791939207e+00 1.055652834249146244e+00
9.660174799522621925e+00 1.033334138259434543e+00
9.772146969725703514e+00 1.011415463987760610e+00
9.885417021919554514e+00 9.898916414852244605e-01
9.999999999999984013e+00 9.687575124065644916e-01
