1.000000000000000048e-04 3.998417140475708464e+01
1.011591112223829728e-04 4.043253797995311061e+01
1.023316578330244966e-04 4.088592856236866879e+01
1.035177955630176363e-04 4.134439924202617078e+01
1.047176819485520245e-04 4.180800665764833468e+01
1.059314763518370031e-04 4.227680807265682006e+01
1.071593399822671198e-04 4.275086138287600335e+01
1.084014359178330883e-04 4.323022512341808721e+01
1.096579291267809898e-04 4.371495847564374060e+01
1.109289864895222780e-04 4.420512127419402049e+01
1.122147768207980425e-04 4.470077401413870177e+01
1.135154708920999033e-04 4.520197790932223825e+01
1.148312414543511137e-04 4.570879500421142438e+01
1.161622632608502026e-04 4.622128806332224116e+01
1.175087130904807752e-04 4.673952055154999385e+01
1.188707697711903445e-04 4.726355664196540118e+01
1.202486142037412301e-04 4.779346122369798877e+01
1.216424293857368039e-04 4.832929990990369618e+01
1.230524004359261579e-04 4.887113904582590607e+01
1.244787146187906256e-04 4.941904571240300470e+01
1.259215613694151213e-04 4.997308763210404692e+01
1.273811323186478520e-04 5.053333317061859731e+01
1.288576213185518003e-04 5.109985144402907764e+01
1.303512244681509209e-04 5.167271233165690347e+01
1.318621401394748729e-04 5.225198648438147586e+01
1.333905690039058638e-04 5.283774533304780618e+01
1.349367140588306701e-04 5.343006109696405304e+01
1.365007806546013845e-04 5.402900679248945437e+01
1.380829765218092534e-04 5.463465623966298779e+01
1.396835117988739897e-04 5.524708406152698359e+01
1.413025990599533870e-04 5.586636569994453083e+01
1.429404533431761061e-04 5.649257742830960183e+01
1.445972921792019735e-04 5.712579636058421784e+01
1.462733356201130139e-04 5.776610046043083457e+01
1.479688062686396383e-04 5.841356855044127627e+01
1.496839293077255632e-04 5.906828032146221830e+01
1.514189325304352289e-04 5.973031634235812959e+01
1.531740463702080011e-04 6.039975809725304856e+01
1.549495039314631917e-04 6.107668801754964960e+01
1.567455410205595065e-04 6.176118944968995095e+01
1.585623961771137158e-04 6.245334666034973736e+01
1.604003107056820173e-04 6.315324484648296277e+01
1.622595287078087273e-04 6.386097014547540596e+01
1.641402971144466632e-04 6.457660964540438897e+01
1.660428657187529853e-04 6.530025139541444901e+01
1.679674872092653496e-04 6.603198439778783779e+01
1.699144172034626271e-04 6.677189843596447361e+01
1.718839142817145805e-04 6.752008415323946622e+01
1.738762400216250798e-04 6.827663317920885788e+01
1.758916590327733002e-04 6.904163814196182614e+01
1.779304389918577567e-04 6.981519267869201428e+01
1.799928506782476725e-04 7.059739144641864073e+01
1.820791680099462630e-04 7.138833013281887929e+01
1.841896680799711133e-04 7.218810546718799515e+01
1.863246311931559835e-04 7.299681527451822660e+01
1.884843409033795745e-04 7.381455858055225860e+01
1.906690840512252356e-04 7.464143552055558928e+01
1.928791508020778235e-04 7.547754732572799696e+01
1.951148346846616683e-04 7.632299633497866864e+01
1.973764326300255834e-04 7.717788600682676758e+01
1.996642450109793916e-04 7.804232093141999371e+01
2.019785756819878484e-04 7.891640684268475070e+01
2.043197320195270865e-04 7.980025062163302607e+01
2.066880249629082160e-04 8.069396009028996275e+01
2.090837690555750453e-04 8.159764400064689482e+01
2.115072824868795298e-04 8.251141226523205319e+01
2.139588871343421834e-04 8.343537598026026103e+01
2.164389086064020889e-04 8.436964743793612342e+01
2.189476762856621176e-04 8.531434013887225376e+01
2.214855233726359721e-04 8.626956880463782795e+01
2.240527869300018495e-04 8.723544939042116653e+01
2.266498079273692845e-04 8.821209911367874668e+01
2.292769312865648918e-04 8.919963654430782185e+01
2.319345059274427814e-04 9.019818156285776922e+01
2.346228848142263134e-04 9.120785534196608069e+01
2.373424250023866691e-04 9.222878035979907452e+01
2.400934876860652035e-04 9.326108041366678947e+01
2.428764382460451090e-04 9.430488063377443098e+01
2.456916462982790305e-04 9.536030749710860732e+01
2.485394857429798965e-04 9.642748883947312777e+01
2.514203348142797370e-04 9.750655368069955387e+01
2.543345761304648903e-04 9.859763207229212867e+01
2.572825967447932359e-04 9.970085540786274692e+01
2.602647881969005024e-04 1.008163564725014822e+02
2.632815465648020731e-04 1.019442694567716217e+02
2.663332725174980963e-04 1.030847299708274534e+02
2.694203713681882413e-04 1.042378750586723726e+02
2.725432531281028249e-04 1.054038432125373532e+02
2.757023325609583289e-04 1.065827743875316429e+02
2.788980292380439777e-04 1.077748100176417552e+02
2.821307675939471824e-04 1.089800930300540642e+02
2.854009769829237591e-04 1.101987678591935378e+02
2.887090917359235484e-04 1.114309804617660546e+02
2.920555512182745244e-04 1.126768783319632234e+02
2.954407998880380793e-04 1.139366105167959944e+02
2.988652873550383024e-04 1.152103276315773996e+02
3.023294684405777215e-04 1.164981818754981191e+02
3.058338032378432473e-04 1.178003268932709346e+02
3.093787571730137595e-04 1.191169174323372317e+02
3.129648010670751349e-04 1.204481097384521746e+02
3.165924111983521496e-04 1.217940616700503398e+02
3.202620693657651165e-04 1.231549327136227987e+02
3.239742629528196056e-04 1.245308839992159164e+02
3.277294849923383015e-04 1.259220783160640877e+02
3.315282342319423692e-04 1.273286801283463774e+02
3.353710152002930081e-04 1.287508555868290330e+02
3.392583382740992667e-04 1.301887724329548064e+02
3.431907197459043682e-04 1.316425999979319954e+02
3.471686818926560223e-04 1.331125093344784034e+02
3.511927530450728672e-04 1.345986732391705800e+02
3.552634676578139803e-04 1.361012662686644319e+02
3.593813663804626239e-04 1.376204647560447256e+02
3.635469961293318715e-04 1.391564468273020907e+02
3.677609101601031711e-04 1.407093924179370674e+02
3.720236681413067385e-04 1.422794831830069597e+02
3.763358362286533740e-04 1.438669019638122961e+02
3.806979871402285448e-04 1.454718331812639462e+02
3.851107002325569739e-04 1.470944630871411221e+02
3.895745615775502574e-04 1.487349797804990033e+02
3.940901640403448279e-04 1.503935732237699199e+02
3.986581073580439810e-04 1.520704352589692121e+02
4.032789982193706307e-04 1.537657596240078419e+02
4.079534503452450522e-04 1.554797419669842498e+02
4.126820845702952557e-04 1.572125796303138259e+02
4.174655289253135972e-04 1.589644714443378177e+02
4.223044187206673248e-04 1.607356181207499901e+02
4.271993966306778055e-04 1.625262223164492070e+02
4.321511127789762923e-04 1.643364886495664052e+02
4.371602248248503283e-04 1.661666237155775150e+02
4.422273980505898373e-04 1.680168361034999975e+02
4.473533054498464575e-04 1.698873364121759550e+02
4.525386278170167947e-04 1.717783372086638281e+02
4.577840538376617388e-04 1.736900523958233862e+02
4.630902801799738800e-04 1.756226974311197182e+02
4.684580115873046222e-04 1.775764897835158536e+02
4.738879609717652546e-04 1.795516489567337715e+02
4.793808495089108153e-04 1.815483965044865613e+02
4.849374067335234439e-04 1.835669560457644423e+02
4.905583706365046568e-04 1.856075532801586689e+02
4.962444877628915604e-04 1.876704160032111872e+02
5.019965133110080614e-04 1.897557738414859330e+02
5.078152112327671743e-04 1.918638575727692057e+02
5.137013543351340219e-04 1.939948998550219699e+02
5.196557243827659538e-04 1.961491354379022596e+02
5.256791122018420349e-04 1.983268011765885319e+02
5.317723177850967571e-04 2.005281360455993251e+02
5.379361503980699009e-04 2.027533811526257921e+02
5.441714286865889172e-04 2.050027797523678714e+02
5.504789807854969502e-04 2.072765772340182764e+02
5.568596444286410272e-04 2.095750203818273860e+02
5.633142670601353798e-04 2.118983572395274280e+02
5.698437059469137721e-04 2.142468379280663271e+02
5.764488282925875340e-04 2.166207147040302630e+02
5.831305113526219844e-04 2.190202419712876463e+02
5.898896425508494586e-04 2.214456762925942428e+02
5.967271195973311917e-04 2.238972764011256231e+02
6.036438506075865983e-04 2.263753032119661270e+02
6.106407542232038244e-04 2.288800196496513024e+02
6.177187597338490302e-04 2.314116896564501928e+02
6.248788072006889295e-04 2.339705788643946676e+02
6.321218475812450180e-04 2.365569550488962705e+02
6.394488428556939106e-04 2.391710881387212453e+02
6.468607661546322196e-04 2.418132502247861169e+02
6.543586018883232108e-04 2.444837155688486803e+02
6.619433458774390093e-04 2.471827606120725704e+02
6.696160054853217717e-04 2.499106639753081538e+02
6.773775997517746681e-04 2.526677054334972752e+02
6.852291595284059830e-04 2.554541648478287925e+02
6.931717276155402148e-04 2.582703239084373763e+02
7.012063589007179638e-04 2.611164663722092882e+02
7.093341204987991394e-04 2.639928780664401415e+02
7.175560918936924699e-04 2.668998468922530947e+02
7.258733650817247602e-04 2.698376628277937925e+02
7.342870447166760257e-04 2.728066179311683186e+02
7.427982482564913450e-04 2.758070062860708731e+02
7.514081061116963198e-04 2.788391233250359846e+02
7.601177617955326210e-04 2.819032660223414837e+02
7.689283720758308604e-04 2.849997333730915443e+02
7.778411071286484360e-04 2.881288264030626465e+02
7.868571506936848170e-04 2.912908481685105926e+02
7.959777002314981234e-04 2.944861037556628389e+02
8.052039670825472846e-04 2.977149002798953461e+02
8.145371766280737639e-04 3.009775468845316482e+02
8.239785684528515806e-04 3.042743539089843807e+02
8.335293965098190729e-04 3.076056306948088945e+02
8.431909292866253619e-04 3.109716877671617681e+02
8.529644499741018170e-04 3.143728374695036223e+02
8.628512566366892044e-04 3.178093939555236034e+02
8.728526623848374341e-04 3.212816731806233861e+02
8.829699955494085860e-04 3.247899928929219300e+02
8.932045998580961195e-04 3.283346726238045221e+02
9.035578346138924653e-04 3.319160336519302064e+02
9.140310748756226740e-04 3.355343981820317936e+02
9.246257116405735008e-04 3.391900891350713891e+02
9.353431520292382036e-04 3.428834310323716750e+02
9.461848194721997124e-04 3.466147500373012349e+02
9.571521538991858893e-04 3.503843739406357258e+02
9.682466119303117331e-04 3.541926321453782975e+02
9.794696670695391023e-04 3.580398556510101002e+02
9.908228099003791103e-04 3.619263770371483133e+02
1.002307548283864732e-03 3.658525300450740474e+02
1.013925407558814544e-03 3.698186472432384448e+02
1.025677930744421434e-03 3.738250614780101273e+02
1.037566678745185456e-03 3.778721069147184721e+02
1.049593230558226948e-03 3.819601190168339144e+02
1.061759183482999420e-03 3.860894345212286680e+02
1.074066153333433013e-03 3.902603914127403755e+02
1.086515774652537783e-03 3.944733288980027623e+02
1.099109700929496542e-03 3.987285873731584616e+02
1.111849604819270662e-03 4.030265075884525459e+02
1.124737178364751356e-03 4.073674297112369800e+02
1.137774133221490730e-03 4.117516947005912584e+02
1.150962200885031431e-03 4.161796444750441992e+02
1.164303132920876341e-03 4.206516218789042796e+02
1.177798701197118681e-03 4.251679706478228695e+02
1.191450698119775244e-03 4.297290353734961172e+02
1.205260936870841855e-03 4.343351614675168548e+02
1.219231251649110278e-03 4.389866949844277997e+02
1.233363497913775222e-03 4.436839808111789125e+02
1.247659552630868939e-03 4.484273630714689034e+02
1.262121314522546408e-03 4.532171863763898614e+02
1.276750704319265127e-03 4.580537958094793112e+02
1.291549665014883131e-03 4.629375368816272953e+02
1.306520162124720367e-03 4.678687554850301922e+02
1.321664183946604648e-03 4.728477978461677935e+02
1.336983741824946011e-03 4.778750104777911929e+02
1.352480870417874584e-03 4.829507391647572376e+02
1.368157627967470829e-03 4.880753262051905494e+02
1.384016096573131068e-03 4.932491129829710985e+02
1.400058382468096939e-03 4.984724407294988850e+02
1.416286616299197981e-03 5.037456504650841111e+02
1.432702953409829925e-03 5.090690829392553951e+02
1.449309574126215940e-03 5.144430785699453281e+02
1.466108684046983808e-03 5.198679773815692897e+02
1.483102514336103470e-03 5.253441188787802503e+02
1.500293322019217047e-03 5.308718398389175945e+02
1.517683390283404692e-03 5.364514736181384933e+02
1.535275028780421847e-03 5.420833525372265740e+02
1.553070573933459063e-03 5.477678079721664517e+02
1.571072389247449340e-03 5.535051702802237514e+02
1.589282865622977398e-03 5.592957687248067487e+02
1.607704421673822760e-03 5.651399313991098552e+02
1.626339504048191073e-03 5.710379851485276959e+02
1.645190587753661863e-03 5.769902545804993679e+02
1.664260176485902803e-03 5.829970564251647147e+02
1.683550802961201673e-03 5.890587028462882699e+02
1.703065029252843121e-03 5.951755039981983373e+02
1.722805447131393322e-03 6.013477679423436939e+02
1.742774678408918554e-03 6.075758005524379541e+02
1.762975375287204483e-03 6.138599054182991495e+02
1.783410220710006724e-03 6.202003837482951667e+02
1.804081928719382128e-03 6.265975342503094225e+02
1.824993244816151307e-03 6.330516494444370892e+02
1.846146946324546618e-03 6.395630112145760222e+02
1.867545842761074654e-03 6.461318971683268728e+02
1.889192776207665675e-03 6.527585814984062154e+02
1.911090621689137074e-03 6.594433348655522877e+02
1.933242287555043959e-03 6.661864242799537124e+02
1.955650715865948734e-03 6.729881129812727067e+02
1.978318882784163655e-03 6.798486603171855904e+02
2.001249798969035980e-03 6.867683210229539554e+02
2.024446509976802599e-03 6.937473370370279326e+02
2.047912096665084614e-03 7.007859391443968207e+02
2.071649675602067840e-03 7.078843529329756166e+02
2.095662399480431679e-03 7.150427988030220376e+02
2.119953457536069303e-03 7.222614918233680328e+02
2.144526075971666789e-03 7.295406415861564255e+02
2.169383518385183292e-03 7.368804520601264585e+02
2.194529086203312468e-03 7.442811214424784794e+02
2.219966119119953351e-03 7.517428391776785475e+02
2.245697995539773072e-03 7.592657773697858374e+02
2.271728133026903931e-03 7.668500985905344578e+02
2.298059988758849835e-03 7.744959583512400059e+02
2.324697059985647227e-03 7.822035049341102422e+02
2.351642884494347698e-03 7.899728792221883396e+02
2.378901041078892130e-03 7.978042145279518991e+02
2.406475150015422761e-03 8.056976364206227572e+02
2.434368873543109931e-03 8.136532624127911504e+02
2.462585916350545565e-03 8.216711966157249663e+02
2.491130026067787072e-03 8.297515277973976708e+02
2.520004993764090716e-03 8.378943353383471049e+02
2.549214654451422042e-03 8.460996894791773002e+02
2.578762887593799742e-03 8.543676511310278556e+02
2.608653617622546696e-03 8.626982716850483257e+02
2.638890814457508453e-03 8.710915928208354444e+02
2.669478494034319832e-03 8.795476463138861618e+02
2.700420718837771242e-03 8.880664524284328536e+02
2.731721598441374903e-03 8.966480106085987245e+02
2.763385290053167829e-03 9.052923046422845346e+02
2.795415999067855668e-03 9.139993069637993131e+02
2.827817979625339880e-03 9.227689784667336426e+02
2.860595535175740160e-03 9.316012682952358546e+02
2.893753019050949830e-03 9.404961136347768615e+02
2.927294835042814833e-03 9.494534395024047626e+02
2.961225437988033050e-03 9.584731585030476708e+02
2.995549334359811234e-03 9.675551633767863677e+02
3.030271082866395349e-03 9.766993173656380804e+02
3.065395295056525492e-03 9.859054675521115314e+02
3.100926635931925118e-03 9.951734467976449423e+02
3.136869824566874444e-03 1.004503073515300002e+03
3.173229634734975584e-03 1.013894151442729026e+03
3.210010895543170123e-03 1.023346469415355159e+03
3.247218492073126669e-03 1.032859801140029049e+03
3.284857366030041314e-03 1.042433905029605285e+03
3.322932516398970689e-03 1.052068524847201616e+03
3.361449000108763119e-03 1.061763389316349048e+03
3.400411932703704086e-03 1.071518211215756082e+03
3.439826489022923713e-03 1.081332687138904703e+03
3.479697903887689868e-03 1.091206497273335572e+03
3.520031472796677097e-03 1.101139305181104874e+03
3.560832552629275994e-03 1.111130757580576756e+03
3.602106562357069216e-03 1.121180484129573415e+03
3.643858983763542669e-03 1.131288071825935049e+03
3.686095362172155891e-03 1.141452984645905190e+03
3.728821307182831907e-03 1.151674637243598227e+03
3.772042493416996253e-03 1.161952420663171097e+03
3.815764661271247096e-03 1.172285702055017737e+03
3.859993617679764906e-03 1.182673824395768634e+03
3.904735236885557934e-03 1.193116106212316026e+03
3.949995461220641955e-03 1.203611841310147611e+03
3.995780301895267457e-03 1.214160302992910374e+03
4.042095839796303568e-03 1.224760926347876421e+03
4.088948226294858955e-03 1.235413379065470281e+03
4.136343684063272831e-03 1.246117336164149037e+03
4.184288507901578850e-03 1.256872462897989863e+03
4.232789065573546415e-03 1.267678414699090581e+03
4.281851798652410411e-03 1.278534837121219880e+03
4.331483223376396928e-03 1.289441365784851541e+03
4.381689931514188077e-03 1.300397626323540862e+03
4.432478591240393562e-03 1.311403071911979396e+03
4.483855948021185124e-03 1.322455877244773319e+03
4.535828825510184945e-03 1.333553566790419382e+03
4.588404126454754574e-03 1.344693583301725766e+03
4.641588833612774606e-03 1.355873290322567755e+03
4.695390010680057340e-03 1.367089971543939328e+03
4.749814803228498243e-03 1.378340830213074241e+03
4.804870439655126689e-03 1.389622988597877566e+03
4.860564232142133151e-03 1.400933491780722534e+03
4.916903577628024651e-03 1.412270436737604996e+03
4.973895958790060245e-03 1.423634543528662334e+03
5.031548945038048955e-03 1.435026955208844129e+03
5.089870193519678392e-03 1.446448867055087703e+03
5.148867450137491197e-03 1.457901527014216072e+03
5.208548550577657595e-03 1.469386236159819646e+03
5.268921421350668960e-03 1.480904349159235153e+03
5.329994080844086858e-03 1.492457274751732712e+03
5.391774640387498457e-03 1.504046330780072140e+03
5.454271305329828380e-03 1.515670515474360172e+03
5.517492376129119747e-03 1.527326870925209278e+03
5.581446249454959617e-03 1.539012302000125828e+03
5.646141419303662458e-03 1.550723630229699893e+03
5.711586478126426739e-03 1.562457593418132319e+03
5.777790117970500218e-03 1.574210845319735199e+03
5.844761131633627142e-03 1.585979955383807237e+03
5.912508413831872763e-03 1.597761408570695949e+03
5.981040962380937930e-03 1.609551945025762961e+03
6.050367879391214433e-03 1.621349694416183866e+03
6.120498372476694711e-03 1.633153148714284498e+03
6.191441755977841743e-03 1.644960779428253772e+03
6.263207452198682815e-03 1.656771037746181037e+03
6.335804992658246836e-03 1.668582354693899561e+03
6.409244019356445839e-03 1.680393141302853792e+03
6.483534286054717238e-03 1.692201788788004023e+03
6.558685659571428586e-03 1.704006662303740995e+03
6.634708121092339726e-03 1.715805813174562445e+03
6.711611767496278476e-03 1.727596853682181973e+03
6.789406812696106158e-03 1.739377327055129172e+03
6.868103588995296514e-03 1.751144737498052336e+03
6.947712548460231209e-03 1.762896550504431161e+03
7.028244264308346374e-03 1.774630193198665893e+03
7.109709432312428558e-03 1.786343054708199588e+03
7.192118872221184116e-03 1.798032486565953150e+03
7.275483529196219955e-03 1.809695805714464313e+03
7.359814475265760887e-03 1.821330313441896578e+03
7.445122910795134823e-03 1.832933285681023563e+03
7.531420165974363201e-03 1.844501963615519799e+03
7.618717702322989373e-03 1.856033554167226384e+03
7.707027114212296713e-03 1.867525230581758478e+03
7.796360130405225256e-03 1.878974133046157931e+03
7.886728615614147300e-03 1.890377369339067400e+03
7.978144572076614760e-03 1.901732015346089611e+03
8.070620141149495441e-03 1.913035060316046838e+03
8.164167604921463567e-03 1.924283325441109810e+03
8.258799387844257406e-03 1.935473577427331975e+03
8.354528058382861000e-03 1.946602549438542610e+03
8.451366330684714073e-03 1.957666942021603063e+03
8.549327066268371661e-03 1.968663424072807857e+03
8.648423275731715806e-03 1.979588633845663935e+03
8.748668120479906676e-03 1.990439180000311353e+03
8.850074914473426979e-03 2.001211636548878687e+03
8.952657125996391421e-03 2.011902443548790188e+03
9.056428379445279064e-03 2.022507922256935672e+03
9.161402457138508384e-03 2.033024361913775920e+03
9.267593301146874116e-03 2.043448023877656397e+03
9.375015015145274355e-03 2.053775143029558421e+03
9.483681866285915280e-03 2.064001929227279561e+03
9.593608287093137454e-03 2.074124568808949334e+03
9.704808877380292215e-03 2.084139226145878638e+03
9.817298406188829443e-03 2.094042003318640127e+03
9.931091813749784100e-03 2.103828794189721066e+03
1.004620421346811773e-02 2.113495418304821214e+03
1.016265089392994099e-02 2.123037674890666494e+03
1.028044732093308204e-02 2.132451344831343704e+03
1.039960913954119000e-02 2.141732192700744690e+03
1.052015217616157974e-02 2.150875968853149516e+03
1.064209244064722934e-02 2.159878411571382912e+03
1.076544612842314681e-02 2.168735246984809692e+03
1.089022962263729542e-02 2.177442078312943977e+03
1.101645949633655273e-02 2.185994334184677882e+03
1.114415251466786827e-02 2.194387422832493030e+03
1.127332563710485222e-02 2.202616747683975973e+03
1.140399601970031561e-02 2.210677710077035044e+03
1.153618101736477233e-02 2.218565712038861875e+03
1.166989818617145645e-02 2.226276159127349274e+03
1.180516528568804208e-02 2.233804463333532567e+03
1.194200028133531391e-02 2.241146018025644935e+03
1.208042134677327073e-02 2.248295988884556664e+03
1.222044686631487166e-02 2.255249432008705753e+03
1.236209543736768203e-02 2.262001416651899490e+03
1.250538587290389754e-02 2.268547029707510774e+03
1.265033720395902610e-02 2.274881379321946952e+03
1.279696868215939552e-02 2.280999598572265768e+03
1.294529978227914289e-02 2.286896849205918897e+03
1.309535020482666470e-02 2.292568325213503613e+03
1.324713987866115404e-02 2.298009160777244233e+03
1.340068896363949026e-02 2.303214283859387706e+03
1.355601785329367710e-02 2.308178625084202849e+03
1.371314717753943473e-02 2.312897160436219565e+03
1.387209780541619544e-02 2.317364915732839563e+03
1.403289084785870784e-02 2.321576971152675469e+03
1.419554766050099524e-02 2.325528465815375057e+03
1.436008984651259215e-02 2.329214602408861538e+03
1.452653925946778904e-02 2.332630640944639708e+03
1.469491800624815429e-02 2.335771713335795084e+03
1.486524844997855720e-02 2.338632851503487927e+03
1.503755321299736145e-02 2.341209162269182798e+03
1.521185517986103040e-02 2.343495838615902812e+03
1.538817750038344936e-02 2.345488165006281633e+03
1.556654359271059974e-02 2.347181522727538777e+03
1.574697714643085236e-02 2.348571395257100448e+03
1.592950212572120244e-02 2.349653373641928738e+03
1.611414277253018015e-02 2.350423121201733920e+03
1.630092360979739502e-02 2.350876228606527093e+03
1.648986944471062324e-02 2.351008354258059171e+03
1.668100537200057146e-02 2.350815285960109577e+03
1.687435677727374198e-02 2.350292946676630436e+03
1.706994934038405520e-02 2.349437400262462688e+03
1.726780903884354151e-02 2.348244857165263056e+03
1.746796215127244256e-02 2.346711680090214486e+03
1.767043526088944369e-02 2.344834389139362429e+03
1.787525525904233581e-02 2.342609641182074938e+03
1.808244934877948837e-02 2.340034221979731683e+03
1.829204504846291754e-02 2.337105088697941483e+03
1.850407019542300510e-02 2.333819378693024191e+03
1.871855294965576663e-02 2.330174414872003581e+03
1.893552179756293266e-02 2.326167710952401649e+03
1.915500555573526609e-02 2.321796976611572973e+03
1.937703337477986176e-02 2.317060122515957573e+03
1.960163474319183419e-02 2.311955287678656077e+03
1.982883949127068474e-02 2.306481022742113510e+03
2.005867779508231641e-02 2.300636197323702163e+03
2.029118018046676200e-02 2.294419897908293024e+03
2.052637752709248961e-02 2.287831430625974463e+03
2.076430107255772262e-02 2.280870324814639389e+03
2.100498241653913495e-02 2.273536336392867270e+03
2.124845352498879944e-02 2.265829451034504928e+03
2.149474673437978475e-02 2.257749887571367253e+03
2.174389475600078253e-02 2.249298343262257276e+03
2.199593068030071888e-02 2.240476394252101272e+03
2.225088798128367282e-02 2.231285947942767962e+03
2.250880052095458397e-02 2.221729136039325567e+03
2.276970255381677299e-02 2.211808314753798641e+03
2.303362873142129202e-02 2.201526064777397096e+03
2.330061410696921201e-02 2.190885191018000114e+03
2.357069413996725274e-02 2.179888722100171890e+03
2.384390470093718586e-02 2.168539960590792361e+03
2.412028207618003781e-02 2.156843426565173104e+03
2.439986297259547771e-02 2.144804743111147673e+03
2.468268452255688306e-02 2.132429739724693718e+03
2.496878428884323833e-02 2.119724413702509082e+03
2.525820026962782502e-02 2.106694925221011545e+03
2.555097090352503181e-02 2.093347592272726160e+03
2.584713507469561106e-02 2.079688885466144256e+03
2.614673211801089858e-02 2.065725422695072211e+03
2.644980182427715890e-02 2.051464391967134361e+03
2.675638444552042375e-02 2.036915195962826601e+03
2.706652070033239293e-02 2.022087931002026835e+03
2.738025177927854228e-02 2.006992722357418415e+03
2.769761935036888292e-02 1.991639714233767336e+03
2.801866556459190957e-02 1.976039060101457608e+03
2.834343306151305975e-02 1.960200913221952533e+03
2.867196497493766996e-02 1.944135417374242934e+03
2.900430493863987227e-02 1.927852725933663123e+03
2.934049709215783702e-02 1.911364699546561269e+03
2.968058608665600367e-02 1.894685803660607917e+03
3.002461709085545161e-02 1.877830534417558738e+03
3.037263579703308389e-02 1.860813163543131168e+03
3.072468842709001266e-02 1.843647726932057822e+03
3.108082173869059980e-02 1.826348014058675062e+03
3.144108303147261779e-02 1.808927558202354703e+03
3.180552015332915178e-02 1.791399627475948819e+03
3.217418150676367578e-02 1.773777522374268301e+03
3.254711605531845214e-02 1.756077113880363868e+03
3.292437333007763867e-02 1.738315418831286934e+03
3.330600343624585263e-02 1.720508983740047142e+03
3.369205705980264642e-02 1.702673862100253473e+03
3.408258547423447665e-02 1.684825609894094441e+03
3.447764054734461098e-02 1.666979282466651966e+03
3.487727474814172890e-02 1.649149432706640937e+03
3.528154115380878475e-02 1.631350112693366327e+03
3.569049345675226470e-02 1.613596564065769826e+03
3.610418597173332272e-02 1.595908114632528395e+03
3.652267364308171838e-02 1.578304111214497880e+03
3.694601205199299354e-02 1.560803095698815923e+03
3.737425742391059513e-02 1.543422815298344631e+03
3.780746663599345719e-02 1.526180234898905610e+03
3.824569722466996530e-02 1.509091551339528451e+03
3.868900739327971183e-02 1.492172209473706289e+03
3.913745601980380545e-02 1.475436793781991810e+03
3.959110266468453265e-02 1.458896553829234563e+03
4.005000757873606460e-02 1.442559697926469653e+03
4.051423171114643812e-02 1.426433893993286574e+03
4.098383671757255958e-02 1.410526385286627601e+03
4.145888496832907111e-02 1.394844005108910778e+03
4.193943955667183560e-02 1.379393191805070728e+03
4.242556430717771970e-02 1.364180004004447483e+03
4.291732378422153521e-02 1.349210136066351879e+03
4.341478330055086043e-02 1.334490794114280561e+03
4.391800892596080946e-02 1.320038249783995980e+03
4.442706749606879085e-02 1.305870983870724103e+03
4.494202662119135827e-02 1.292006589164557454e+03
4.546295469532394412e-02 1.278461817893350371e+03
4.598992090522435044e-02 1.265252632703897461e+03
4.652299523960182898e-02 1.252394259529292640e+03
4.706224849841277036e-02 1.239901242161551636e+03
4.760775230226364785e-02 1.227785898196609196e+03
4.815957910192344982e-02 1.216040144579107164e+03
4.871780218794626721e-02 1.204642746437503320e+03
4.928249570040506289e-02 1.193572986434612858e+03
4.985373463873887800e-02 1.182810886339297440e+03
5.043159487171355176e-02 1.172337165259039239e+03
5.101615314749827212e-02 1.162133200987999544e+03
5.160748710385902605e-02 1.152180995520604029e+03
5.220567527846971256e-02 1.142464966565420809e+03
5.281079711934324322e-02 1.132975479891953228e+03
5.342293299538347640e-02 1.123704209729902004e+03
5.404216420705911655e-02 1.114643080414600036e+03
5.466857299720174340e-02 1.105784255813370464e+03
5.530224256192894927e-02 1.097120129265914557e+03
5.594325706169369500e-02 1.088643299298135616e+03
5.659170163246236840e-02 1.080340071729334113e+03
5.724766239702173964e-02 1.072180564625915167e+03
5.791122647641750582e-02 1.064133165587432359e+03
5.858248200152529894e-02 1.056167184000718180e+03
5.926151812475548286e-02 1.048252824032804483e+03
5.994842503189401484e-02 1.040361166214589502e+03
6.064329395408056544e-02 1.032464077903400039e+03
6.134621717992497919e-02 1.024533533775227852e+03
6.205728806776493467e-02 1.016541981976541365e+03
6.277660105806494306e-02 1.008462786459953691e+03
6.350425168595953684e-02 1.000270251517926681e+03
6.424033659394184914e-02 9.919396482394582790e+02
6.498495354469883967e-02 9.834468883244934432e+02
6.573820143409576933e-02 9.747656566606541446e+02
6.650018030431112392e-02 9.658691005840524895e+02
6.727099135712333311e-02 9.567316874667216098e+02
6.805073696735199074e-02 9.473292891440441963e+02
6.883952069645490890e-02 9.376392575664294782e+02
6.963744730628212976e-02 9.276424528188277918e+02
7.044462277299029518e-02 9.173265015613789046e+02
7.126115430111740201e-02 9.066812733273997083e+02
7.208715033782125969e-02 8.956980333699092398e+02
7.292272058728306583e-02 8.843694947465116911e+02
7.376797602527726538e-02 8.726915029437584508e+02
7.462302891391099646e-02 8.606708502594335641e+02
7.548799281653424675e-02 8.483186866967973856e+02
7.636298261282230271e-02 8.356469028143103515e+02
7.724811451403391926e-02 8.226681028906054962e+02
7.814350607844536278e-02 8.093980792189478279e+02
7.904927622696410194e-02 7.958659077931627053e+02
7.996554525892338172e-02 7.821043113368446029e+02
8.089243486805931804e-02 7.681452183801181945e+02
8.183006815867380213e-02 7.540197130895771807e+02
8.277856966198465782e-02 7.397629304800176442e+02
8.373806535266484219e-02 7.254189196676948086e+02
8.470868266557393667e-02 7.110307325147189204e+02
8.569055051268339995e-02 6.966389939399084597e+02
8.668379930019762258e-02 6.822831795281076666e+02
8.768856094587416938e-02 6.680105936191258706e+02
8.870496889654395922e-02 6.538700591113966993e+02
8.973315814583508743e-02 6.399066262057641552e+02
9.077326525210215047e-02 6.261620822785480414e+02
9.182542835656276603e-02 6.126831015820557695e+02
9.288978720164486891e-02 5.995197253291850075e+02
9.396648314954682280e-02 5.867176403572671006e+02
9.505565920101186062e-02 5.743181840402921807e+02
9.615746001432085022e-02 5.623586404222835426e+02
9.727203192450530056e-02 5.508720671527710238e+02
9.839952296278213495e-02 5.398878028889813550e+02
9.954008287621508855e-02 5.294323395717452740e+02
1.006938631476026330e-01 5.195297250130255406e+02
1.018610170155973965e-01 5.101985866472179509e+02
1.030416994950586612e-01 5.014354694727240371e+02
1.042360673976400476e-01 4.932293886187193834e+02
1.054442793526167294e-01 4.855702460891337182e+02
1.066664958279537889e-01 4.784484812967147036e+02
1.079028791516182112e-01 4.718390843849917928e+02
1.091535935331389984e-01 4.656972433685832016e+02
1.104188050854159470e-01 4.599794606733686919e+02
1.116986818467821246e-01 4.546447839508868469e+02
1.129933938033220592e-01 4.496482229303391023e+02
1.143031129114477906e-01 4.449307269230799307e+02
1.156280131207374218e-01 4.404332959938209910e+02
1.169682703970383736e-01 4.360994005467315446e+02
1.183240627458377325e-01 4.318722773342350365e+02
1.196955702359041446e-01 4.276899707142503644e+02
1.210829750232038649e-01 4.234915212627477672e+02
1.224864613750929060e-01 4.192183660297022811e+02
1.239062156947914467e-01 4.148146618590722596e+02
1.253424265461398623e-01 4.102276860281981499e+02
1.267952846786432330e-01 4.054075503183566980e+02
1.282649830528058976e-01 4.003079182040241903e+02
1.297517168657586206e-01 3.948961763304780561e+02
1.312556835771841179e-01 3.891523561279796013e+02
1.327770829355428006e-01 3.830596289150034863e+02
1.343161170046014707e-01 3.766096626316139577e+02
1.358729901902707704e-01 3.698202547127114030e+02
1.374479092677535763e-01 3.627164645286458153e+02
1.390410834090068104e-01 3.553248129787945118e+02
1.406527242105235220e-01 3.476882537454051771e+02
1.422830457214351030e-01 3.398617500003842338e+02
1.439322644719404909e-01 3.318979545904846304e+02
1.456005995020647481e-01 3.238544998239890447e+02
1.472882723907500968e-01 3.157989430306180907e+02
1.489955072852852114e-01 3.077946580462574957e+02
1.507225309310754602e-01 2.999042533555097521e+02
1.524695727017571223e-01 2.921977738378855634e+02
1.542368646296626011e-01 2.847403400985410826e+02
1.560246414366366907e-01 2.775907282356219525e+02
1.578331405652114716e-01 2.708032795637024606e+02
1.596626022101423625e-01 2.644269103504652776e+02
1.615132693503088801e-01 2.584979245604317839e+02
1.633853877809858524e-01 2.530283417067960272e+02
1.652792061464892492e-01 2.480255888516471714e+02
1.671949759731987672e-01 2.434808148786235620e+02
1.691329517029645513e-01 2.393573710662921314e+02
1.710933907269012455e-01 2.356180364150444007e+02
1.730765534195721767e-01 2.322130283505259456e+02
1.750827031735721628e-01 2.290810642651589433e+02
1.771121064345085594e-01 2.261627793227363554e+02
1.791650327363897566e-01 2.233942836992695788e+02
1.812417547374234328e-01 2.207117514031887708e+02
1.833425482562288100e-01 2.180524993228313804e+02
1.854676923084695728e-01 2.153531172771662625e+02
1.876174691439118081e-01 2.125533059009106296e+02
1.897921642839097145e-01 2.095995775010910052e+02
1.919920665593281006e-01 2.064439619180155603e+02
1.942174681489023391e-01 2.030522705566372963e+02
1.964686646180442142e-01 1.994117485397417227e+02
1.987459549580979923e-01 1.955191981639925132e+02
2.010496416260496022e-01 1.914009010133452193e+02
2.033800305846977796e-01 1.870932482263027055e+02
2.057374313432909774e-01 1.826472828090167013e+02
2.081221569986336506e-01 1.781238127968961749e+02
2.105345242766701597e-01 1.735842163851473003e+02
2.129748535745517590e-01 1.690921949551218404e+02
2.154434690031879762e-01 1.647065632603886627e+02
2.179406984302951489e-01 1.604817121810190486e+02
2.204668735239406208e-01 1.564650723686819447e+02
2.230223297965933937e-01 1.526927029470059836e+02
2.256074066496857322e-01 1.491925025070923994e+02
2.282224474186894947e-01 1.459740214064922554e+02
2.308677994187165183e-01 1.430375942627811980e+02
2.335438139906475252e-01 1.403644826166024586e+02
2.362508465477944353e-01 1.379273829016449042e+02
2.389892566231045512e-01 1.356846222978086303e+02
2.417594079169126942e-01 1.335888661007938936e+02
2.445616683452441209e-01 1.315847198067053228e+02
2.473964100886809347e-01 1.296157265958598543e+02
2.502640096417915183e-01 1.276266638413688668e+02
2.531648478631349786e-01 1.255686951811132843e+02
2.560993100258455168e-01 1.234066969567767842e+02
2.590677858688005264e-01 1.211195690500847633e+02
2.620706696483847131e-01 1.187055250134428519e+02
2.651083601908534870e-01 1.161770636048361069e+02
2.681812609453009255e-01 1.135593372660721343e+02
2.712897800372461865e-01 1.108856817505137968e+02
2.744343303228360953e-01 1.081935971174968358e+02
2.776153294436795038e-01 1.055242200869212326e+02
2.808331998823167530e-01 1.029183441198689053e+02
2.840883690183299559e-01 1.004152993380345293e+02
2.873812691851060364e-01 9.804639838339527103e+01
2.907123377272573528e-01 9.583319897703592005e+01
2.940820170587059579e-01 9.378132949574155930e+01
2.974907547214434844e-01 9.188330106021530241e+01
3.009390034449713203e-01 9.011977484610640943e+01
3.044272212064296212e-01 8.846338007236974477e+01
3.079558712914221008e-01 8.688285659324341736e+01
3.115254223555483648e-01 8.534475988184358641e+01
3.151363484866475662e-01 8.381610596807472291e+01
3.187891292677637600e-01 8.226800707312405336e+01
3.224842498408434510e-01 8.067904839564471331e+01
3.262222009711663318e-01 7.904006957549906076e+01
3.300034791125279754e-01 7.735384925851528237e+01
3.338285864731757036e-01 7.563375031586835462e+01
3.376980310825088427e-01 7.390040037796509864e+01
3.416123268585519734e-01 7.217765467817197589e+01
3.455719936762132183e-01 7.048997407299384577e+01
3.495775574363269023e-01 6.885992421179035716e+01
3.536295501355037896e-01 6.730461177598844813e+01
3.577285099367869536e-01 6.583269287427634708e+01
3.618749812411271027e-01 6.444354039123670930e+01
3.660695147596894072e-01 6.312827982904451574e+01
3.703126675869919948e-01 6.187282446028621763e+01
3.746050032748987069e-01 6.066082935665322395e+01
3.789470919074662825e-01 5.947490377337620515e+01
3.833395101766597923e-01 5.829799479189384925e+01
3.877828414589447603e-01 5.711605886972960633e+01
3.922776758927711827e-01 5.592190320615792842e+01
3.968246104569475019e-01 5.471750557890258193e+01
4.014242490499316252e-01 5.351210090467655789e+01
4.060772025700360999e-01 5.231775641734589044e+01
4.107840889965636011e-01 5.114566458185344544e+01
4.155455334718866078e-01 5.000522501188456204e+01
4.203621683844705470e-01 4.890464374495795141e+01
4.252346334528675498e-01 4.784962398987840260e+01
4.301635758106789886e-01 4.683991028842752513e+01
4.351496500925045585e-01 4.586831681664947524e+01
4.401935185208863954e-01 4.492474730230265578e+01
4.452958509942646081e-01 4.400090971893180125e+01
4.504573251759450558e-01 4.309092402897315566e+01
4.556786265841057948e-01 4.218931206461537187e+01
4.609604486828429160e-01 4.129194609239279856e+01
4.663034929742719270e-01 4.039985074556751954e+01
4.717084690917007217e-01 3.951937316922002452e+01
4.771760948938736924e-01 3.865720176077034154e+01
4.827070965603176278e-01 3.781688983313923558e+01
4.883022086877874535e-01 3.700058621325133146e+01
4.939621743878316318e-01 3.621042173011974086e+01
4.996877453854872697e-01 3.544591568355895816e+01
5.054796821191230860e-01 3.470251438756483253e+01
5.113387538414317923e-01 3.397517052595242859e+01
5.172657387216013092e-01 3.326124589883607285e+01
5.232614239486657048e-01 3.255895950320118004e+01
5.293266058360548421e-01 3.186632909945078396e+01
5.354620899273596635e-01 3.118373185906988709e+01
5.416686911033142815e-01 3.051444953363695589e+01
5.479472336900278462e-01 2.986100829428103509e+01
5.542985515684663023e-01 2.922360823010568254e+01
5.607234882852017988e-01 2.860266641453758751e+01
5.672228971644530660e-01 2.799870806078236996e+01
5.737976414214123189e-01 2.740972644605731645e+01
5.804485942768968787e-01 2.683283101848979868e+01
5.871766390733248464e-01 2.626738637875503457e+01
5.939826693920350342e-01 2.571324065739950626e+01
6.008675891719672535e-01 2.516911384439240962e+01
6.078323128297217215e-01 2.463549971417479867e+01
6.148777653810012511e-01 2.411440142886232607e+01
6.220048825634703071e-01 2.360557440050322953e+01
6.292146109610337046e-01 2.310874692985287027e+01
6.365079081295554886e-01 2.262360878273041820e+01
6.438857427240405329e-01 2.214947882063562190e+01
6.513490946272790794e-01 2.168571576550930757e+01
6.588989550799940753e-01 2.123173673110326121e+01
6.665363268124905316e-01 2.078728866818202548e+01
6.742622241778335468e-01 2.035234875335515881e+01
6.820776732865669878e-01 1.992688908213230548e+01
6.899837121430004716e-01 1.951087055843970930e+01
6.979813907830648700e-01 1.910418495576744036e+01
7.060717714137764167e-01 1.870662174863192462e+01
7.142559285543118586e-01 1.831796573777653236e+01
7.225349491787196321e-01 1.793800699963232859e+01
7.309099328602896017e-01 1.756654075302045825e+01
7.393819919175852462e-01 1.720336722930464646e+01
7.479522515621810363e-01 1.684829154590223865e+01
7.566218500481046716e-01 1.650112358306474292e+01
7.653919388230141507e-01 1.616167786384298566e+01
7.742636826811252204e-01 1.582977343715231555e+01
7.832382599179181781e-01 1.550523376385573471e+01
7.923168624866241405e-01 1.518788660578628225e+01
8.015006961565395160e-01 1.487756391763161012e+01
8.107909806731679048e-01 1.457410174204543907e+01
8.201889499202184020e-01 1.427734181258420776e+01
8.296958520834889494e-01 1.398713507323051708e+01
8.393129498166350677e-01 1.370333677318217802e+01
8.490415204088734846e-01 1.342580522292213807e+01
8.588828559546241026e-01 1.315440173693093229e+01
8.688382635251177266e-01 1.288899057716995067e+01
8.789090653419935339e-01 1.262943889733664449e+01
8.890965989529141522e-01 1.237561668789290614e+01
8.994022174092030086e-01 1.212739672186842199e+01
9.098272894455547988e-01 1.188465450143822899e+01
9.203731996618214062e-01 1.164726820527324058e+01
9.310413487069052474e-01 1.141511863666526061e+01
9.418331534647932379e-01 1.118808917242224865e+01
9.527500472427273825e-01 1.096606571253408369e+01
9.637934799615772707e-01 1.074893663060491811e+01
9.749649183484077053e-01 1.053659272505027111e+01
9.862658461312796554e-01 1.032892717105497482e+01
9.976977642363179521e-01 1.012583547328896927e+01
1.009262190987045615e+00 9.927215419376505423e+00
1.020960662306044986e+00 9.732966689169698427e+00
1.032794731918950104e+00 9.542988556893226004e+00
1.044765971560803308e+00 9.357181471171378107e+00
1.056875971184801477e+00 9.175448288913807815e+00
1.069126339173473994e+00 8.997694222515399076e+00
1.081518702552286326e+00 8.823826781323665713e+00
1.094054707205741162e+00 8.653755714579709490e+00
1.106736018095972218e+00 8.487392955795986182e+00
1.119564319483875581e+00 8.324652568534276043e+00
1.132541315152809203e+00 8.165450693549034966e+00
1.145668728634869460e+00 8.009705497261027318e+00
1.158948303439808925e+00 7.857337121528488844e+00
1.172381803286597357e+00 7.708267634681693181e+00
1.185971012337668551e+00 7.562420983790754114e+00
1.199717735435881671e+00 7.419722948133979479e+00
1.213623798344238169e+00 7.280101093837041404e+00
1.227691047988357376e+00 7.143484729654015375e+00
1.241921352701781833e+00 7.009804863859729451e+00
1.256316602474119026e+00 6.878994162227479947e+00
1.270878709202055257e+00 6.750986863686107675e+00
1.285609606943292516e+00 6.625717817827121436e+00
1.300511252173406351e+00 6.503122540877439128e+00
1.315585624045702007e+00 6.383138149413220219e+00
1.330834724654073264e+00 6.265703358735069450e+00
1.346260579298908633e+00 6.150758439475896289e+00
1.361865236756078401e+00 6.038245175455126734e+00
1.377650769549050969e+00 5.928106822741517234e+00
1.393619274224140003e+00 5.820288069888857940e+00
1.409772871628964586e+00 5.714734999308154428e+00
1.426113707194127000e+00 5.611395049742958996e+00
1.442643951218154141e+00 5.510216979814265947e+00
1.459365799155753374e+00 5.411150832603275340e+00
1.476281471909387077e+00 5.314147901240461103e+00
1.493393216124249800e+00 5.219160695471344091e+00
1.510703304486652465e+00 5.126142909169430162e+00
1.528214036025868250e+00 5.035049388768330303e+00
1.545927736419473675e+00 4.945836102585525751e+00
1.563846758302243289e+00 4.858460111011337013e+00
1.581973481578597518e+00 4.772879534559918646e+00
1.600310313738698254e+00 4.689053039013719726e+00
1.618859690178196420e+00 4.606939315328573592e+00
1.637624074521683681e+00 4.526498012288714179e+00
1.656605958949910251e+00 4.447689841129492727e+00
1.675807864530764357e+00 4.370476544912430761e+00
1.695232341554117506e+00 4.294820868854538176e+00
1.714881969870537537e+00 4.220686531580807532e+00
1.734759359233926546e+00 4.148038197268382632e+00
1.754867149648146718e+00 4.076841448653263811e+00
1.775208011717630985e+00 4.007062760870568674e+00
1.795784647002092393e+00 3.938669476101322786e+00
1.816599788375324875e+00 3.871629778998361804e+00
1.837656200388168903e+00 3.805912672866417878e+00
1.858956679635682452e+00 3.741487956571210471e+00
1.880504055128578100e+00 3.678326202153553215e+00
1.902301188668940934e+00 3.616398733125844256e+00
1.924350975230327832e+00 3.555677603428006428e+00
1.946656343342259454e+00 3.496135577021993068e+00
1.969220255479166903e+00 3.437746108103693743e+00
1.992045708453865194e+00 3.380483197844137422e+00
2.015135733815553110e+00 3.324320917992648727e+00
2.038493398252459343e+00 3.269233846428130530e+00
2.062121803999140468e+00 3.215197234162306739e+00
2.086024089248501578e+00 3.162186985697233776e+00
2.110203428568589779e+00 3.110179639972886267e+00
2.134663033324239123e+00 3.059152351921772706e+00
2.159406152103561904e+00 3.009082874609801284e+00
2.184436071149423508e+00 2.959949541942951790e+00
2.209756114795899062e+00 2.911731251920699037e+00
2.235369645909789149e+00 2.864407450417227885e+00
2.261280066337272743e+00 2.817958115472718017e+00
2.287490817355697814e+00 2.772363742076967785e+00
2.314005380130648604e+00 2.727605327429122983e+00
2.340827276178290006e+00 2.683664356656903394e+00
2.367960067833074778e+00 2.640522788980165902e+00
2.395407358720871738e+00 2.598163044303785529e+00
2.423172794237594019e+00 2.556567990225102172e+00
2.451260062033334020e+00 2.515720929442554876e+00
2.479672892502154724e+00 2.475605567082439507e+00
2.508415059277536496e+00 2.436205775525814410e+00
2.537490379733563284e+00 2.397505682673473082e+00
2.566902715491944598e+00 2.359489828307480330e+00
2.596655972934865719e+00 2.322143155216028987e+00
2.626754103723832223e+00 2.285450997622616498e+00
2.657201105324501267e+00 2.249399069980484889e+00
2.688001021537603119e+00 2.213973456119273653e+00
2.719157943036010661e+00 2.179160598732070575e+00
2.750676007908059884e+00 2.144947289191156514e+00
2.782559402207119170e+00 2.111320657680990642e+00
2.814812360507575661e+00 2.078268163637945420e+00
2.847439166467243155e+00 2.045777586486091426e+00
2.880444153396288787e+00 2.013837016659218548e+00
2.913831704832780201e+00 1.982434846899123082e+00
2.947606255124850971e+00 1.951559763821129723e+00
2.981772290019666816e+00 1.921200739737703334e+00
3.016334347259191695e+00 1.891347024731397708e+00
3.051297017182866167e+00 1.861988138969024487e+00
3.086664943337265488e+00 1.833113864015841088e+00
3.122442823092849373e+00 1.804714180694341863e+00
3.158635408267811417e+00 1.776779244253453349e+00
3.195247505759207129e+00 1.749299454044257018e+00
3.232283978181375250e+00 1.722265452640569849e+00
3.269749744511758038e+00 1.695668119105838256e+00
3.307649780744232881e+00 1.669498562463974656e+00
3.345989120549966334e+00 1.643748115367241303e+00
3.384772855945975767e+00 1.618408327954611980e+00
3.424006137971419506e+00 1.593470961894229543e+00
3.463694177371722915e+00 1.568927984603823989e+00
3.503842245290665680e+00 1.544771563643248413e+00
3.544455673970426268e+00 1.520994061273250875e+00
3.585539857459808299e+00 1.497588029175251911e+00
3.627100252330640817e+00 1.474546203326476013e+00
3.669142378402487914e+00 1.451861499025700830e+00
3.711671819475755196e+00 1.429527006064284178e+00
3.754694224073326314e+00 1.407535984038166044e+00
3.798215306190726892e+00 1.385881857795689509e+00
3.842240846055053005e+00 1.364558213017577293e+00
3.886776690892660646e+00 1.343558792228614962e+00
3.931828755705757406e+00 1.322877491226097879e+00
3.977403024058025149e+00 1.302508354225315301e+00
4.023505548869283466e+00 1.282445569743245084e+00
4.070142453219429690e+00 1.262683466778503627e+00
4.117319931161670610e+00 1.243216511099330734e+00
4.165044248545179073e+00 1.224039301636201671e+00
4.213321743847276757e+00 1.205146566975697109e+00
4.262158829015312733e+00 1.186533161952325610e+00
4.311561990318218740e+00 1.168194064335374760e+00
4.361537789207996951e+00 1.150124371607607943e+00
4.412092863191181991e+00 1.132319297833057181e+00
4.463233926710382882e+00 1.114774170610932869e+00
4.514967772036088789e+00 1.097484428113212784e+00
4.567301270168734995e+00 1.080445616202999615e+00
4.620241371751302673e+00 1.063653385631387893e+00
4.673795107992455122e+00 1.047103489310200475e+00
4.727969591600383659e+00 1.030791779658418950e+00
4.782772017727470626e+00 1.014714206019901699e+00
4.838209664925944509e+00 9.988668181634405840e-01
4.894289896114520033e+00 9.832458003417030579e-01
4.951020159556341227e+00 9.678474419431583042e-01
5.008407989848203457e+00 9.526681155942152701e-01
5.066461008921252507e+00 9.377042749637746200e-01
5.125186927053318797e+00 9.229524527072190399e-01
5.184593543892900058e+00 9.084092584633303158e-01
5.244688749495107771e+00 8.940713769025365742e-01
5.305480525369564937e+00 8.799355658250896939e-01
5.366976945540468336e+00 8.659986543075952614e-01
5.429186177618927189e+00 8.522575408966719390e-01
5.492116483887774514e+00 8.387091918482026953e-01
5.555776222398865372e+00 8.253506394110615707e-01
5.620173848083176438e+00 8.121789801539029963e-01
5.685317913873744189e+00 7.991913733338921189e-01
5.751217071841596251e+00 7.863850393061395661e-01
5.817880074344919272e+00 7.737572579727240996e-01
5.885315775191436671e+00 7.613053672702413399e-01
5.953533130814357754e+00 7.490267616946907347e-01
6.022541201461917737e+00 7.369188932369502565e-01
6.092349152400691636e+00 7.249793156846559006e-01
6.162966255132924509e+00 7.132056765240235574e-01
6.234401888627847832e+00 7.015956698857063190e-01
6.306665540567391481e+00 6.901470336370770786e-01
6.379766808606270878e+00 6.788575483207702765e-01
6.453715401646691774e+00 6.677250361182474059e-01
6.528521141127827221e+00 6.567473598377749910e-01
6.604193962330286993e+00 6.459224219262214017e-01
6.680743915695598112e+00 6.352481635041670183e-01
6.758181168161097041e+00 6.247225634235924474e-01
6.836516004510227340e+00 6.143436373478022849e-01
6.915758828738503894e+00 6.041094368529080771e-01
6.995920165435354221e+00 5.940180485504104047e-01
7.077010661181871498e+00 5.840675932303956985e-01
7.159041085964872764e+00 5.742562250248450795e-01
7.242022334607302270e+00 5.645821305905732723e-01
7.325965428215218900e+00 5.550435283113808183e-01
7.410881515641548845e+00 5.456386675189528468e-01
7.496781874966857551e+00 5.363658279815812779e-01
7.583677914997172920e+00 5.272233514753882355e-01
7.671581176779286970e+00 5.182096700418025170e-01
7.760503335133557279e+00 5.093232446191900964e-01
7.850456200204484425e+00 5.005625566446685326e-01
7.941451719029317680e+00 4.919261076231380425e-01
8.033501977124714699e+00 4.834124187063589817e-01
8.126619200091928619e+00 4.750200302818404219e-01
8.220815755240526101e+00 4.667475015713786202e-01
8.316104153230948981e+00 4.585934102390381573e-01
8.412497049736094468e+00 4.505563520084281404e-01
8.510007247122224783e+00 4.426349402890250029e-01
8.608647696149226647e+00 4.348278058114696809e-01
8.708431497690707346e+00 4.271335962715702150e-01
8.809371904473977111e+00 4.195509759828905394e-01
8.911482322840175385e+00 4.120786255377702489e-01
9.014776314524892697e+00 4.047152414765760042e-01
9.119267598459275703e+00 3.974595359650666682e-01
9.224970052592155412e+00 3.903102364796849355e-01
9.331897715733223464e+00 3.832660855006564393e-01
9.440064789417590418e+00 3.763258530768239241e-01
9.549485639791939207e+00 3.694883800273708885e-01
9.660174799522621925e+00 3.627525321624514576e-01
9.772146969725703514e+00 3.561171830894043766e-01
9.885417021919554514e+00 3.495812141703349973e-01
9.999999999999984013e+00 3.431435144824449557e-01
