1.000000000000000048e-04 1.950031035717387340e+02
1.011591112223829728e-04 1.971895982362626967e+02
1.023316578330244966e-04 1.994005835734328684e+02
1.035177955630176363e-04 2.016363330411980996e+02
1.047176819485520245e-04 2.038971231338742598e+02
1.059314763518370031e-04 2.061832334165034410e+02
1.071593399822671198e-04 2.084949465587117743e+02
1.084014359178330883e-04 2.108325483689194755e+02
1.096579291267809898e-04 2.131963278289363188e+02
1.109289864895222780e-04 2.155865771289232953e+02
1.122147768207980425e-04 2.180035917027094570e+02
1.135154708920999033e-04 2.204476702205826655e+02
1.148312414543511137e-04 2.229191145376396150e+02
1.161622632608502026e-04 2.254182298292600137e+02
1.175087130904807752e-04 2.279453246507571009e+02
1.188707697711903445e-04 2.305007109744365437e+02
1.202486142037412301e-04 2.330847042270738712e+02
1.216424293857368039e-04 2.356976233277707422e+02
1.230524004359261579e-04 2.383397907262470028e+02
1.244787146187906256e-04 2.410115324324142989e+02
1.259215613694151213e-04 2.437131778498158781e+02
1.273811323186478520e-04 2.464450598018332244e+02
1.288576213185518003e-04 2.492075147699804916e+02
1.303512244681509209e-04 2.520008829430020683e+02
1.318621401394748729e-04 2.548255082571236869e+02
1.333905690039058638e-04 2.576817384367221848e+02
1.349367140588306701e-04 2.605699250354357446e+02
1.365007806546013845e-04 2.634904234777066563e+02
1.380829765218092534e-04 2.664435931351157478e+02
1.396835117988739897e-04 2.694297975269898302e+02
1.413025990599533870e-04 2.724494042469337955e+02
1.429404533431761061e-04 2.755027849434409859e+02
1.445972921792019735e-04 2.785903153640150549e+02
1.462733356201130139e-04 2.817123753998073425e+02
1.479688062686396383e-04 2.848693491307435579e+02
1.496839293077255632e-04 2.880616248711253320e+02
1.514189325304352289e-04 2.912895952116480203e+02
1.531740463702080011e-04 2.945536567274522781e+02
1.549495039314631917e-04 2.978542097517549223e+02
1.567455410205595065e-04 3.011916589360409375e+02
1.585623961771137158e-04 3.045664133548254995e+02
1.604003107056820173e-04 3.079788865529708346e+02
1.622595287078087273e-04 3.114294965934969355e+02
1.641402971144466632e-04 3.149186661058669756e+02
1.660428657187529853e-04 3.184468223348007427e+02
1.679674872092653496e-04 3.220143971886348595e+02
1.699144172034626271e-04 3.256218272797891018e+02
1.718839142817145805e-04 3.292695539785867140e+02
1.738762400216250798e-04 3.329580234700264896e+02
1.758916590327733002e-04 3.366876868052185614e+02
1.779304389918577567e-04 3.404589999532846036e+02
1.799928506782476725e-04 3.442724238537712154e+02
1.820791680099462630e-04 3.481284244696249743e+02
1.841896680799711133e-04 3.520274728405969995e+02
1.863246311931559835e-04 3.559700449338761246e+02
1.884843409033795745e-04 3.599566212547740065e+02
1.906690840512252356e-04 3.639876873866232359e+02
1.928791508020778235e-04 3.680637341646703931e+02
1.951148346846616683e-04 3.721852577311641994e+02
1.973764326300255834e-04 3.763527595909979482e+02
1.996642450109793916e-04 3.805667466679028621e+02
2.019785756819878484e-04 3.848277313612202875e+02
2.043197320195270865e-04 3.891362315967571135e+02
2.066880249629082160e-04 3.934927707270138058e+02
2.090837690555750453e-04 3.978978775726686763e+02
2.115072824868795298e-04 4.023520866388840318e+02
2.139588871343421834e-04 4.068559381824599654e+02
2.164389086064020889e-04 4.114099782716211280e+02
2.189476762856621176e-04 4.160147588463977399e+02
2.214855233726359721e-04 4.206708377796388163e+02
2.240527869300018495e-04 4.253787789385721680e+02
2.266498079273692845e-04 4.301391521114637726e+02
2.292769312865648918e-04 4.349525324098596002e+02
2.319345059274427814e-04 4.398195008008801210e+02
2.346228848142263134e-04 4.447406444425960217e+02
2.373424250023866691e-04 4.497165567475383909e+02
2.400934876860652035e-04 4.547478374464268995e+02
2.428764382460451090e-04 4.598350926525224054e+02
2.456916462982790305e-04 4.649789349265923875e+02
2.485394857429798965e-04 4.701799833355084388e+02
2.514203348142797370e-04 4.754388628569038246e+02
2.543345761304648903e-04 4.807562038625183050e+02
2.572825967447932359e-04 4.861326432219851768e+02
2.602647881969005024e-04 4.915688244927137589e+02
2.632815465648020731e-04 4.970653979860235836e+02
2.663332725174980963e-04 5.026230208339143246e+02
2.694203713681882413e-04 5.082423570563946669e+02
2.725432531281028249e-04 5.139240776294343505e+02
2.757023325609583289e-04 5.196688605252459183e+02
2.788980292380439777e-04 5.254773904839884153e+02
2.821307675939471824e-04 5.313503591853653916e+02
2.854009769829237591e-04 5.372884655140187533e+02
2.887090917359235484e-04 5.432924156330672076e+02
2.920555512182745244e-04 5.493629230549961449e+02
2.954407998880380793e-04 5.555007087132355537e+02
2.988652873550383024e-04 5.617065010342925007e+02
3.023294684405777215e-04 5.679810360103650737e+02
3.058338032378432473e-04 5.743250565581015508e+02
3.093787571730137595e-04 5.807393109294578153e+02
3.129648010670751349e-04 5.872245545463163126e+02
3.165924111983521496e-04 5.937815505310588833e+02
3.202620693657651165e-04 6.004110697780773762e+02
3.239742629528196056e-04 6.071138910258332544e+02
3.277294849923383015e-04 6.138908009294750627e+02
3.315282342319423692e-04 6.207425941340457030e+02
3.353710152002930081e-04 6.276700733291314691e+02
3.392583382740992667e-04 6.346740488203357700e+02
3.431907197459043682e-04 6.417553385275500659e+02
3.471686818926560223e-04 6.489147685791625690e+02
3.511927530450728672e-04 6.561531734147728230e+02
3.552634676578139803e-04 6.634713958603218771e+02
3.593813663804626239e-04 6.708702872038285250e+02
3.635469961293318715e-04 6.783507072716284938e+02
3.677609101601031711e-04 6.859135245052010532e+02
3.720236681413067385e-04 6.935596153825691772e+02
3.763358362286533740e-04 7.012898611136560021e+02
3.806979871402285448e-04 7.091051500330077033e+02
3.851107002325569739e-04 7.170063791184041975e+02
3.895745615775502574e-04 7.249944540653090144e+02
3.940901640403448279e-04 7.330702893591574139e+02
3.986581073580439810e-04 7.412348083480263767e+02
4.032789982193706307e-04 7.494889433157505891e+02
4.079534503452450522e-04 7.578336355561547180e+02
4.126820845702952557e-04 7.662698355262850782e+02
4.174655289253135972e-04 7.747985029969523794e+02
4.223044187206673248e-04 7.834206069986588545e+02
4.271993966306778055e-04 7.921371258806065043e+02
4.321511127789762923e-04 8.009490473864866544e+02
4.371602248248503283e-04 8.098573687306211468e+02
4.422273980505898373e-04 8.188630966745764681e+02
4.473533054498464575e-04 8.279672476040618676e+02
4.525386278170167947e-04 8.371708471462020498e+02
4.577840538376617388e-04 8.464749250977819202e+02
4.630902801799738800e-04 8.558805171089913983e+02
4.684580115873046222e-04 8.653886682561333146e+02
4.738879609717652546e-04 8.750004331725770044e+02
4.793808495089108153e-04 8.847168761157141716e+02
4.849374067335234439e-04 8.945390710339898988e+02
4.905583706365046568e-04 9.044681016341251052e+02
4.962444877628915604e-04 9.145050614482785249e+02
5.019965133110080614e-04 9.246510533357052282e+02
5.078152112327671743e-04 9.349071881471780898e+02
5.137013543351340219e-04 9.452745862324572954e+02
5.196557243827659538e-04 9.557543779034633644e+02
5.256791122018420349e-04 9.663477034984056218e+02
5.317723177850967571e-04 9.770557134459450026e+02
5.379361503980699009e-04 9.878795683293438969e+02
5.441714286865889172e-04 9.988204389505367544e+02
5.504789807854969502e-04 1.009879506287612344e+03
5.568596444286410272e-04 1.021057958509156606e+03
5.633142670601353798e-04 1.032356990433660712e+03
5.698437059469137721e-04 1.043777806848484033e+03
5.764488282925875340e-04 1.055321622754345071e+03
5.831305113526219844e-04 1.066989663420432635e+03
5.898896425508494586e-04 1.078783164439265875e+03
5.967271195973311917e-04 1.090703371781282840e+03
6.036438506075865983e-04 1.102751541849137766e+03
6.106407542232038244e-04 1.114928940590715683e+03
6.177187597338490302e-04 1.127236838419589958e+03
6.248788072006889295e-04 1.139676513650438210e+03
6.321218475812450180e-04 1.152249254816282473e+03
6.394488428556939106e-04 1.164956360715250867e+03
6.468607661546322196e-04 1.177799140451392987e+03
6.543586018883232108e-04 1.190778913474926640e+03
6.619433458774390093e-04 1.203897009621872485e+03
6.696160054853217717e-04 1.217154769141819543e+03
6.773775997517746681e-04 1.230553541317596000e+03
6.852291595284059830e-04 1.244094683026625489e+03
6.931717276155402148e-04 1.257779561158407887e+03
7.012063589007179638e-04 1.271609552966355523e+03
7.093341204987991394e-04 1.285586046097688040e+03
7.175560918936924699e-04 1.299710438622612173e+03
7.258733650817247602e-04 1.313984139062479017e+03
7.342870447166760257e-04 1.328408566417140491e+03
7.427982482564913450e-04 1.342985149645447564e+03
7.514081061116963198e-04 1.357715321194376656e+03
7.601177617955326210e-04 1.372600518848626962e+03
7.689283720758308604e-04 1.387642190318556231e+03
7.778411071286484360e-04 1.402841793341301582e+03
7.868571506936848170e-04 1.418200795687316258e+03
7.959777002314981234e-04 1.433720675165572175e+03
8.052039670825472846e-04 1.449402919627419351e+03
8.145371766280737639e-04 1.465249026968930593e+03
8.239785684528515806e-04 1.481260503376814995e+03
8.335293965098190729e-04 1.497438858695110866e+03
8.431909292866253619e-04 1.513785611039128526e+03
8.529644499741018170e-04 1.530302288139032953e+03
8.628512566366892044e-04 1.546990427323934455e+03
8.728526623848374341e-04 1.563851575504310631e+03
8.829699955494085860e-04 1.580887289152558878e+03
8.932045998580961195e-04 1.598099134281768784e+03
9.035578346138924653e-04 1.615488686242447102e+03
9.140310748756226740e-04 1.633057524092652557e+03
9.246257116405735008e-04 1.650807229196537264e+03
9.353431520292382036e-04 1.668739391387085107e+03
9.461848194721997124e-04 1.686855609305897588e+03
9.571521538991858893e-04 1.705157490355176833e+03
9.682466119303117331e-04 1.723646650647466913e+03
9.794696670695391023e-04 1.742324714953099374e+03
9.908228099003791103e-04 1.761193316645166078e+03
1.002307548283864732e-03 1.780254096018398059e+03
1.013925407558814544e-03 1.799508690860897332e+03
1.025677930744421434e-03 1.818958742332267320e+03
1.037566678745185456e-03 1.838605899184286045e+03
1.049593230558226948e-03 1.858451817687476023e+03
1.061759183482999420e-03 1.878498161541912623e+03
1.074066153333433013e-03 1.898746601784997210e+03
1.086515774652537783e-03 1.919198816696308540e+03
1.099109700929496542e-03 1.939856491649311693e+03
1.111849604819270662e-03 1.960721311520268500e+03
1.124737178364751356e-03 1.981794952159795230e+03
1.137774133221490730e-03 2.003079093302674210e+03
1.150962200885031431e-03 2.024575420289275826e+03
1.164303132920876341e-03 2.046285623924145511e+03
1.177798701197118681e-03 2.068211400330855668e+03
1.191450698119775244e-03 2.090354450803171403e+03
1.205260936870841855e-03 2.112716481652435505e+03
1.219231251649110278e-03 2.135299202852478629e+03
1.233363497913775222e-03 2.158104312699158982e+03
1.247659552630868939e-03 2.181133501441807766e+03
1.262121314522546408e-03 2.204388462164784414e+03
1.276750704319265127e-03 2.227870890834035436e+03
1.291549665014883131e-03 2.251582486089183476e+03
1.306520162124720367e-03 2.275524949031066171e+03
1.321664183946604648e-03 2.299699983004672504e+03
1.336983741824946011e-03 2.324109293377392987e+03
1.352480870417874584e-03 2.348754580276509387e+03
1.368157627967470829e-03 2.373637518612042641e+03
1.384016096573131068e-03 2.398759776966930531e+03
1.400058382468096939e-03 2.424123023288598688e+03
1.416286616299197981e-03 2.449728924602618918e+03
1.432702953409829925e-03 2.475579146720939207e+03
1.449309574126215940e-03 2.501675353944660856e+03
1.466108684046983808e-03 2.528019208761291338e+03
1.483102514336103470e-03 2.554612371024841195e+03
1.500293322019217047e-03 2.581456480291817115e+03
1.517683390283404692e-03 2.608553150414817082e+03
1.535275028780421847e-03 2.635903989069081490e+03
1.553070573933459063e-03 2.663510598701816889e+03
1.571072389247449340e-03 2.691374576153884846e+03
1.589282865622977398e-03 2.719497512275186637e+03
1.607704421673822760e-03 2.747880991533939778e+03
1.626339504048191073e-03 2.776526591619399824e+03
1.645190587753661863e-03 2.805435878708526616e+03
1.664260176485902803e-03 2.834610380642945529e+03
1.683550802961201673e-03 2.864051602631661353e+03
1.703065029252843121e-03 2.893761039369892387e+03
1.722805447131393322e-03 2.923740174611846214e+03
1.742774678408918554e-03 2.953990480689069500e+03
1.762975375287204483e-03 2.984513418021879716e+03
1.783410220710006724e-03 3.015310434624010213e+03
1.804081928719382128e-03 3.046382965522439918e+03
1.824993244816151307e-03 3.077732418399576090e+03
1.846146946324546618e-03 3.109360156296116202e+03
1.867545842761074654e-03 3.141267522040515360e+03
1.889192776207665675e-03 3.173455841447871535e+03
1.911090621689137074e-03 3.205926422739071313e+03
1.933242287555043959e-03 3.238680555953063958e+03
1.955650715865948734e-03 3.271719512351562116e+03
1.978318882784163655e-03 3.305044543816925852e+03
2.001249798969035980e-03 3.338656879557277080e+03
2.024446509976802599e-03 3.372557689268575359e+03
2.047912096665084614e-03 3.406748090462770051e+03
2.071649675602067840e-03 3.441229175176809349e+03
2.095662399480431679e-03 3.476002009955472658e+03
2.119953457536069303e-03 3.511067635144486758e+03
2.144526075971666789e-03 3.546427064176978092e+03
2.169383518385183292e-03 3.582081282852175264e+03
2.194529086203312468e-03 3.618031248607617727e+03
2.219966119119953351e-03 3.654277879546817076e+03
2.245697995539773072e-03 3.690822023196926693e+03
2.271728133026903931e-03 3.727664484540146987e+03
2.298059988758849835e-03 3.764806034750663912e+03
2.324697059985647227e-03 3.802247410383320585e+03
2.351642884494347698e-03 3.839989312555680499e+03
2.378901041078892130e-03 3.878032406123497822e+03
2.406475150015422761e-03 3.916377318849852600e+03
2.434368873543109931e-03 3.955024639575726269e+03
2.462585916350545565e-03 3.993974880569035577e+03
2.491130026067787072e-03 4.033228464105716739e+03
2.520004993764090716e-03 4.072785765287566392e+03
2.549214654451422042e-03 4.112647114216604677e+03
2.578762887593799742e-03 4.152812795060647659e+03
2.608653617622546696e-03 4.193283045113538719e+03
2.638890814457508453e-03 4.234058053850444594e+03
2.669478494034319832e-03 4.275137961978365638e+03
2.700420718837771242e-03 4.316522858450733111e+03
2.731721598441374903e-03 4.358212766412239034e+03
2.763385290053167829e-03 4.400207649937644419e+03
2.795415999067855668e-03 4.442507419530160405e+03
2.827817979625339880e-03 4.485111931165852184e+03
2.860595535175740160e-03 4.528020985304739952e+03
2.893753019050949830e-03 4.571234325899589749e+03
2.927294835042814833e-03 4.614751639401742068e+03
2.961225437988033050e-03 4.658572553336599412e+03
2.995549334359811234e-03 4.702696542970063092e+03
3.030271082866395349e-03 4.747122810177957945e+03
3.065395295056525492e-03 4.791850455197321025e+03
3.100926635931925118e-03 4.836878503028957311e+03
3.136869824566874444e-03 4.882205902227633487e+03
3.173229634734975584e-03 4.927831523693909730e+03
3.210010895543170123e-03 4.973754159468349826e+03
3.247218492073126669e-03 5.019972521527931349e+03
3.284857366030041314e-03 5.066485268037636160e+03
3.322932516398970689e-03 5.113291396747273211e+03
3.361449000108763119e-03 5.160390168773946243e+03
3.400411932703704086e-03 5.207780798113472883e+03
3.439826489022923713e-03 5.255462442442071733e+03
3.479697903887689868e-03 5.303434202381611613e+03
3.520031472796677097e-03 5.351695120767956723e+03
3.560832552629275994e-03 5.400244181922258576e+03
3.602106562357069216e-03 5.449080310925205595e+03
3.643858983763542669e-03 5.498201745437240788e+03
3.686095362172155891e-03 5.547604053844697773e+03
3.728821307182831907e-03 5.597281961505917934e+03
3.772042493416996253e-03 5.647229990781368542e+03
3.815764661271247096e-03 5.697442458447490026e+03
3.859993617679764906e-03 5.747913473168620840e+03
3.904735236885557934e-03 5.798636933030302316e+03
3.949995461220641955e-03 5.849606523138108059e+03
3.995780301895267457e-03 5.900815858384933563e+03
4.042095839796303568e-03 5.952264384679969226e+03
4.088948226294858955e-03 6.003959674880977218e+03
4.136343684063272831e-03 6.055910149030679349e+03
4.184288507901578850e-03 6.108124527396748817e+03
4.232789065573546415e-03 6.160611834500467921e+03
4.281851798652410411e-03 6.213381403276697711e+03
4.331483223376396928e-03 6.266442879374322729e+03
4.381689931514188077e-03 6.319806225604113934e+03
4.432478591240393562e-03 6.373476839126503364e+03
4.483855948021185124e-03 6.427422273937298996e+03
4.535828825510184945e-03 6.481591144662486840e+03
4.588404126454754574e-03 6.535930235660898688e+03
4.641588833612774606e-03 6.590384581992137100e+03
4.695390010680057340e-03 6.644897458573595941e+03
4.749814803228498243e-03 6.699410374095280531e+03
4.804870439655126689e-03 6.753863069940980495e+03
4.860564232142133151e-03 6.808193656505379295e+03
4.916903577628024651e-03 6.862373560130766236e+03
4.973895958790060245e-03 6.916456109788135109e+03
5.031548945038048955e-03 6.970508437897542535e+03
5.089870193519678392e-03 7.024599990417566005e+03
5.148867450137491197e-03 7.078802528527834511e+03
5.208548550577657595e-03 7.133190137438404236e+03
5.268921421350668960e-03 7.187839242760243906e+03
5.329994080844086858e-03 7.242828634876595970e+03
5.391774640387498457e-03 7.298235109880437449e+03
5.454271305329828380e-03 7.354066210386300554e+03
5.517492376129119747e-03 7.410271243291005703e+03
5.581446249454959617e-03 7.466796200341499571e+03
5.646141419303662458e-03 7.523585372899768117e+03
5.711586478126426739e-03 7.580581329911504326e+03
5.777790117970500218e-03 7.637724900161767437e+03
5.844761131633627142e-03 7.694955159049027316e+03
5.912508413831872763e-03 7.752209420111831605e+03
5.981040962380937930e-03 7.809433987817766138e+03
6.050367879391214433e-03 7.866620068146202357e+03
6.120498372476694711e-03 7.923771250006065202e+03
6.191441755977841743e-03 7.980891384806076530e+03
6.263207452198682815e-03 8.037984587093284972e+03
6.335804992658246836e-03 8.095055235304359485e+03
6.409244019356445839e-03 8.152107972507446902e+03
6.483534286054717238e-03 8.209147707139047270e+03
6.558685659571428586e-03 8.266179437127681012e+03
6.634708121092339726e-03 8.323200343947182773e+03
6.711611767496278476e-03 8.380196350644915583e+03
6.789406812696106158e-03 8.437152275680227831e+03
6.868103588995296514e-03 8.494052651012942079e+03
6.947712548460231209e-03 8.550881723675593094e+03
7.028244264308346374e-03 8.607623457602114286e+03
7.109709432312428558e-03 8.664261535721481778e+03
7.192118872221184116e-03 8.720779362319584834e+03
7.275483529196219955e-03 8.777160441236137558e+03
7.359814475265760887e-03 8.833391077177520856e+03
7.445122910795134823e-03 8.889458888870331066e+03
7.531420165974363201e-03 8.945351362860343215e+03
7.618717702322989373e-03 9.001055846432582257e+03
7.707027114212296713e-03 9.056559550358013439e+03
7.796360130405225256e-03 9.111849551768613310e+03
7.886728615614147300e-03 9.166912797160372065e+03
7.978144572076614760e-03 9.221736103644874675e+03
8.070620141149495441e-03 9.276305539500006489e+03
8.164167604921463567e-03 9.330605505060153519e+03
8.258799387844257406e-03 9.384620002776691763e+03
8.354528058382861000e-03 9.438332866886852571e+03
8.451366330684714073e-03 9.491727768047860081e+03
8.549327066268371661e-03 9.544788218180519834e+03
8.648423275731715806e-03 9.597497575525363573e+03
8.748668120479906676e-03 9.649839049910797257e+03
8.850074914473426979e-03 9.701795689368920648e+03
8.952657125996391421e-03 9.753350077512510325e+03
9.056428379445279064e-03 9.804484382404161806e+03
9.161402457138508384e-03 9.855180625376071475e+03
9.267593301146874116e-03 9.905420696203236730e+03
9.375015015145274355e-03 9.955186359982650174e+03
9.483681866285915280e-03 1.000445926425133075e+04
9.593608287093137454e-03 1.005322094634123459e+04
9.704808877380292215e-03 1.010145284097201693e+04
9.817298406188829443e-03 1.014913606726674152e+04
9.931091813749784100e-03 1.019625065961929795e+04
1.004620421346811773e-02 1.024277627237781417e+04
1.016265089392994099e-02 1.028869246358663986e+04
1.028044732093308204e-02 1.033397870470560520e+04
1.039960913954119000e-02 1.037861439060270459e+04
1.052015217616157974e-02 1.042257884983064832e+04
1.064209244064722934e-02 1.046585135518377137e+04
1.076544612842314681e-02 1.050841112399399935e+04
1.089022962263729542e-02 1.055023680845958370e+04
1.101645949633655273e-02 1.059130625830650752e+04
1.114415251466786827e-02 1.063159723212019526e+04
1.127332563710485222e-02 1.067108746993641580e+04
1.140399601970031561e-02 1.070975470650912212e+04
1.153618101736477233e-02 1.074757668488413037e+04
1.166989818617145645e-02 1.078453117027416374e+04
1.180516528568804208e-02 1.082059596422683535e+04
1.194200028133531391e-02 1.085574877733080393e+04
1.208042134677327073e-02 1.088996617103999051e+04
1.222044686631487166e-02 1.092322415481877033e+04
1.236209543736768203e-02 1.095549880657836547e+04
1.250538587290389754e-02 1.098676629478710311e+04
1.265033720395902610e-02 1.101700289615895963e+04
1.279696868215939552e-02 1.104618501365396151e+04
1.294529978227914289e-02 1.107428919477846466e+04
1.309535020482666470e-02 1.110129214912741918e+04
1.324713987866115404e-02 1.112717032489518169e+04
1.340068896363949026e-02 1.115189923479689969e+04
1.355601785329367710e-02 1.117545442075081155e+04
1.371314717753943473e-02 1.119781165194602909e+04
1.387209780541619544e-02 1.121894694659639026e+04
1.403289084785870784e-02 1.123883659395745599e+04
1.419554766050099524e-02 1.125745717658552167e+04
1.436008984651259215e-02 1.127478559281969137e+04
1.452653925946778904e-02 1.129079902522683915e+04
1.469491800624815429e-02 1.130547401875963260e+04
1.486524844997855720e-02 1.131878662009324580e+04
1.503755321299736145e-02 1.133071324620000451e+04
1.521185517986103040e-02 1.134123073974580984e+04
1.538817750038344936e-02 1.135031639494153205e+04
1.556654359271059974e-02 1.135794798351661484e+04
1.574697714643085236e-02 1.136410378078358553e+04
1.592950212572120244e-02 1.136876259176009989e+04
1.611414277253018015e-02 1.137190359612739667e+04
1.630092360979739502e-02 1.137350570502828486e+04
1.648986944471062324e-02 1.137354818857075406e+04
1.668100537200057146e-02 1.137201095263574825e+04
1.687435677727374198e-02 1.136887456662739532e+04
1.706994934038405520e-02 1.136412029107705166e+04
1.726780903884354151e-02 1.135773010509260712e+04
1.746796215127244256e-02 1.134968673361112269e+04
1.767043526088944369e-02 1.133997367189382203e+04
1.787525525904233581e-02 1.132857507462598733e+04
1.808244934877948837e-02 1.131547571208671616e+04
1.829204504846291754e-02 1.130066119109035935e+04
1.850407019542300510e-02 1.128411799869642164e+04
1.871855294965576663e-02 1.126583352793644372e+04
1.893552179756293266e-02 1.124579610303811205e+04
1.915500555573526609e-02 1.122399500409988832e+04
1.937703337477986176e-02 1.120042049116746239e+04
1.960163474319183419e-02 1.117506394916686077e+04
1.982883949127068474e-02 1.114791887637126456e+04
2.005867779508231641e-02 1.111898037992067475e+04
2.029118018046676200e-02 1.108824462047376619e+04
2.052637752709248961e-02 1.105570882444987910e+04
2.076430107255772262e-02 1.102137130060645541e+04
2.100498241653913495e-02 1.098523145568472501e+04
2.124845352498879944e-02 1.094728980908335325e+04
2.149474673437978475e-02 1.090754800865919060e+04
2.174389475600078253e-02 1.086601003675367429e+04
2.199593068030071888e-02 1.082268417939616666e+04
2.225088798128367282e-02 1.077758032982918849e+04
2.250880052095458397e-02 1.073070946123017711e+04
2.276970255381677299e-02 1.068208362684208078e+04
2.303362873142129202e-02 1.063171595898619853e+04
2.330061410696921201e-02 1.057962066694287205e+04
2.357069413996725274e-02 1.052581303368944282e+04
2.384390470093718586e-02 1.047030966245519448e+04
2.412028207618003781e-02 1.041313312199813663e+04
2.439986297259547771e-02 1.035431138049875881e+04
2.468268452255688306e-02 1.029387338913697567e+04
2.496878428884323833e-02 1.023184889140127962e+04
2.525820026962782502e-02 1.016826839834073144e+04
2.555097090352503181e-02 1.010316316316481789e+04
2.584713507469561106e-02 1.003656515522227164e+04
2.614673211801089858e-02 9.968507033388214040e+03
2.644980182427715890e-02 9.899024204154624385e+03
2.675638444552042375e-02 9.828162826997306183e+03
2.706652070033239293e-02 9.755972405748992969e+03
2.738025177927854228e-02 9.682502551626543209e+03
2.769761935036888292e-02 9.607802934248451493e+03
2.801866556459190957e-02 9.531923234445579510e+03
2.834343306151305975e-02 9.454913098074284790e+03
2.867196497493766996e-02 9.376822090874291462e+03
2.900430493863987227e-02 9.297699790613109144e+03
2.934049709215783702e-02 9.217604002540954752e+03
2.968058608665600367e-02 9.136605099925271134e+03
3.002461709085545161e-02 9.054773564791610625e+03
3.037263579703308389e-02 8.972178753747939481e+03
3.072468842709001266e-02 8.888888843366108631e+03
3.108082173869059980e-02 8.804970779638635577e+03
3.144108303147261779e-02 8.720490231453764864e+03
3.180552015332915178e-02 8.635511548026790479e+03
3.217418150676367578e-02 8.550099185948716695e+03
3.254711605531845214e-02 8.464329876970237819e+03
3.292437333007763867e-02 8.378285795955473077e+03
3.330600343624585263e-02 8.292046813106011541e+03
3.369205705980264642e-02 8.205690386604321247e+03
3.408258547423447665e-02 8.119291542607651536e+03
3.447764054734461098e-02 8.032922861857215139e+03
3.487727474814172890e-02 7.946654472609155164e+03
3.528154115380878475e-02 7.860554060096726062e+03
3.569049345675226470e-02 7.774694869091537839e+03
3.610418597173332272e-02 7.689169413817464374e+03
3.652267364308171838e-02 7.604070227012340183e+03
3.694601205199299354e-02 7.519485962650643160e+03
3.737425742391059513e-02 7.435501447451569220e+03
3.780746663599345719e-02 7.352197742293185001e+03
3.824569722466996530e-02 7.269652212788206270e+03
3.868900739327971183e-02 7.187938608294946789e+03
3.913745601980380545e-02 7.107126535059142043e+03
3.959110266468453265e-02 7.027269414313135712e+03
4.005000757873606460e-02 6.948405913132865862e+03
4.051423171114643812e-02 6.870572115513148674e+03
4.098383671757255958e-02 6.793802084988038587e+03
4.145888496832907111e-02 6.718127935492258075e+03
4.193943955667183560e-02 6.643579903524095243e+03
4.242556430717771970e-02 6.570186421402304404e+03
4.291732378422153521e-02 6.497974191425842946e+03
4.341478330055086043e-02 6.426976949473076274e+03
4.391800892596080946e-02 6.357270743875420521e+03
4.442706749606879085e-02 6.288941913816009219e+03
4.494202662119135827e-02 6.222072626418338587e+03
4.546295469532394412e-02 6.156741100196863954e+03
4.598992090522435044e-02 6.093021844682727533e+03
4.652299523960182898e-02 6.030985908530360575e+03
4.706224849841277036e-02 5.970701135278653055e+03
4.760775230226364785e-02 5.912224803535164938e+03
4.815957910192344982e-02 5.855517050215884410e+03
4.871780218794626721e-02 5.800475406897235189e+03
4.928249570040506289e-02 5.746999915467021310e+03
4.985373463873887800e-02 5.694994181937830945e+03
5.043159487171355176e-02 5.644365176035383229e+03
5.101615314749827212e-02 5.595023045846771311e+03
5.160748710385902605e-02 5.546880952511361102e+03
5.220567527846971256e-02 5.499863590105605908e+03
5.281079711934324322e-02 5.453923982793045070e+03
5.342293299538347640e-02 5.409021412319242700e+03
5.404216420705911655e-02 5.365116382306677224e+03
5.466857299720174340e-02 5.322170566639842946e+03
5.530224256192894927e-02 5.280146760410622846e+03
5.594325706169369500e-02 5.239008764335409069e+03
5.659170163246236840e-02 5.198690932667524976e+03
5.724766239702173964e-02 5.159051815975673890e+03
5.791122647641750582e-02 5.119941930134675204e+03
5.858248200152529894e-02 5.081216188695540040e+03
5.926151812475548286e-02 5.042733777621679110e+03
5.994842503189401484e-02 5.004358069916595014e+03
6.064329395408056544e-02 4.965956330501655430e+03
6.134621717992497919e-02 4.927397590425378439e+03
6.205728806776493467e-02 4.888553798614536390e+03
6.277660105806494306e-02 4.849301221344981968e+03
6.350425168595953684e-02 4.809520546253287648e+03
6.424033659394184914e-02 4.769097001383343922e+03
6.498495354469883967e-02 4.727918978172911920e+03
6.573820143409576933e-02 4.685865865807179034e+03
6.650018030431112392e-02 4.642815238396273344e+03
6.727099135712333311e-02 4.598650753910373169e+03
6.805073696735199074e-02 4.553262522634628112e+03
6.883952069645490890e-02 4.506547440938528780e+03
6.963744730628212976e-02 4.458419244729135244e+03
7.044462277299029518e-02 4.408824687665175588e+03
7.126115430111740201e-02 4.357720965195218923e+03
7.208715033782125969e-02 4.305071450578127951e+03
7.292272058728306583e-02 4.250845909716990718e+03
7.376797602527726538e-02 4.195028540374887598e+03
7.462302891391099646e-02 4.137655396524432945e+03
7.548799281653424675e-02 4.078782801936771648e+03
7.636298261282230271e-02 4.018470004132876511e+03
7.724811451403391926e-02 3.956779035684820883e+03
7.814350607844536278e-02 3.893786279174211813e+03
7.904927622696410194e-02 3.829629713591415111e+03
7.996554525892338172e-02 3.764463893326179914e+03
8.089243486805931804e-02 3.698439204338049421e+03
8.183006815867380213e-02 3.631701650761120163e+03
8.277856966198465782e-02 3.564415288405975389e+03
8.373806535266484219e-02 3.496784572139481952e+03
8.470868266557393667e-02 3.429009071199774553e+03
8.569055051268339995e-02 3.361276966373910454e+03
8.668379930019762258e-02 3.293770791907870262e+03
8.768856094587416938e-02 3.226707618859915783e+03
8.870496889654395922e-02 3.160311008495459646e+03
8.973315814583508743e-02 3.094787441072840920e+03
9.077326525210215047e-02 3.030328543424718191e+03
9.182542835656276603e-02 2.967145973709418740e+03
9.288978720164486891e-02 2.905465114046919552e+03
9.396648314954682280e-02 2.845492210914348107e+03
9.505565920101186062e-02 2.787414451524646665e+03
9.615746001432085022e-02 2.731401050893312004e+03
9.727203192450530056e-02 2.677598845333058762e+03
9.839952296278213495e-02 2.626135446503151343e+03
9.954008287621508855e-02 2.577126443425649541e+03
1.006938631476026330e-01 2.530677214681734313e+03
1.018610170155973965e-01 2.486868799315719571e+03
1.030416994950586612e-01 2.445679553157267037e+03
1.042360673976400476e-01 2.407052935561176128e+03
1.054442793526167294e-01 2.370936785726213202e+03
1.066664958279537889e-01 2.337281662884018260e+03
1.079028791516182112e-01 2.305968714657260534e+03
1.091535935331389984e-01 2.276789837130542310e+03
1.104188050854159470e-01 2.249542718648655409e+03
1.116986818467821246e-01 2.224036420571587769e+03
1.129933938033220592e-01 2.200062757248696471e+03
1.143031129114477906e-01 2.177352703203996498e+03
1.156280131207374218e-01 2.155637696529101504e+03
1.169682703970383736e-01 2.134660188372334687e+03
1.183240627458377325e-01 2.114162733420003406e+03
1.196955702359041446e-01 2.093868030655967232e+03
1.210829750232038649e-01 2.073503767297362629e+03
1.224864613750929060e-01 2.052808251776274119e+03
1.239062156947914467e-01 2.031533561582639777e+03
1.253424265461398623e-01 2.009449009576291701e+03
1.267952846786432330e-01 1.986336493078908461e+03
1.282649830528058976e-01 1.961993240695417398e+03
1.297517168657586206e-01 1.936279715711581048e+03
1.312556835771841179e-01 1.909114345117288622e+03
1.327770829355428006e-01 1.880428344493631357e+03
1.343161170046014707e-01 1.850189842747814964e+03
1.358729901902707704e-01 1.818484135658698278e+03
1.374479092677535763e-01 1.785428076823589436e+03
1.390410834090068104e-01 1.751143631386164088e+03
1.406527242105235220e-01 1.715824254112383187e+03
1.422830457214351030e-01 1.679715851730909435e+03
1.439322644719404909e-01 1.643053737016910645e+03
1.456005995020647481e-01 1.606093408293333368e+03
1.472882723907500968e-01 1.569131887904324230e+03
1.489955072852852114e-01 1.532448670042513186e+03
1.507225309310754602e-01 1.496318951910883925e+03
1.524695727017571223e-01 1.461046451102164383e+03
1.542368646296626011e-01 1.426915006596967714e+03
1.560246414366366907e-01 1.394180811601900814e+03
1.578331405652114716e-01 1.363075336597766182e+03
1.596626022101423625e-01 1.333807789657020294e+03
1.615132693503088801e-01 1.306533079766586752e+03
1.633853877809858524e-01 1.281296742799745743e+03
1.652792061464892492e-01 1.258124569507423303e+03
1.671949759731987672e-01 1.236972280936986181e+03
1.691329517029645513e-01 1.217674461784466075e+03
1.710933907269012455e-01 1.200062567640453381e+03
1.730765534195721767e-01 1.183915478918060217e+03
1.750827031735721628e-01 1.168963697195685654e+03
1.771121064345085594e-01 1.154945761530366553e+03
1.791650327363897566e-01 1.141583833479935265e+03
1.812417547374234328e-01 1.128601174218814549e+03
1.833425482562288100e-01 1.115727213464016131e+03
1.854676923084695728e-01 1.102691257076548936e+03
1.876174691439118081e-01 1.089235932610773034e+03
1.897921642839097145e-01 1.075135933872062424e+03
1.919920665593281006e-01 1.060190309114111415e+03
1.942174681489023391e-01 1.044257296452556375e+03
1.964686646180442142e-01 1.027288552587734102e+03
1.987459549580979923e-01 1.009275019731643965e+03
2.010496416260496022e-01 9.903331305440467531e+02
2.033800305846977796e-01 9.706217452850414702e+02
2.057374313432909774e-01 9.503598394134105547e+02
2.081221569986336506e-01 9.298073032940035318e+02
2.105345242766701597e-01 9.092249652106837630e+02
2.129748535745517590e-01 8.888812647493117538e+02
2.154434690031879762e-01 8.690243595571990909e+02
2.179406984302951489e-01 8.498805565428016280e+02
2.204668735239406208e-01 8.316479441344148427e+02
2.230223297965933937e-01 8.144737444230995607e+02
2.256074066496857322e-01 7.984715263771553282e+02
2.282224474186894947e-01 7.836767326123438124e+02
2.308677994187165183e-01 7.700860357902967053e+02
2.335438139906475252e-01 7.576166930974029583e+02
2.362508465477944353e-01 7.461498893052457788e+02
2.389892566231045512e-01 7.355084784667823214e+02
2.417594079169126942e-01 7.254920050162396592e+02
2.445616683452441209e-01 7.158689169614192451e+02
2.473964100886809347e-01 7.064039604754453876e+02
2.502640096417915183e-01 6.968694941667439480e+02
2.531648478631349786e-01 6.870649088653889294e+02
2.560993100258455168e-01 6.768482391549101749e+02
2.590677858688005264e-01 6.661352945730083093e+02
2.620706696483847131e-01 6.549220401633040183e+02
2.651083601908534870e-01 6.432624379585386123e+02
2.681812609453009255e-01 6.312621417002629869e+02
2.712897800372461865e-01 6.190589984563180224e+02
2.744343303228360953e-01 6.068073239405396180e+02
2.776153294436795038e-01 5.946746661152698152e+02
2.808331998823167530e-01 5.828265015491703025e+02
2.840883690183299559e-01 5.714211513491204641e+02
2.873812691851060364e-01 5.605832824452551222e+02
2.907123377272573528e-01 5.503975348714094480e+02
2.940820170587059579e-01 5.408834737855574986e+02
2.974907547214434844e-01 5.320079166561426973e+02
3.009390034449713203e-01 5.236899470801814687e+02
3.044272212064296212e-01 5.158173034655462743e+02
3.079558712914221008e-01 5.082628356173488555e+02
3.115254223555483648e-01 5.008916473516521819e+02
3.151363484866475662e-01 4.935719493623435596e+02
3.187891292677637600e-01 4.861891351330523321e+02
3.224842498408434510e-01 4.786591858024671637e+02
3.262222009711663318e-01 4.709473243299366345e+02
3.300034791125279754e-01 4.630659804533268584e+02
3.338285864731757036e-01 4.550692670586824420e+02
3.376980310825088427e-01 4.470395426714414953e+02
3.416123268585519734e-01 4.390709039493269188e+02
3.455719936762132183e-01 4.312590569014071207e+02
3.495775574363269023e-01 4.236916524768054728e+02
3.536295501355037896e-01 4.164341600618809025e+02
3.577285099367869536e-01 4.095186573563888714e+02
3.618749812411271027e-01 4.029408409053222044e+02
3.660695147596894072e-01 3.966644391507950900e+02
3.703126675869919948e-01 3.906335570314304277e+02
3.746050032748987069e-01 3.847838016257229015e+02
3.789470919074662825e-01 3.790474614348864293e+02
3.833395101766597923e-01 3.733588802445442525e+02
3.877828414589447603e-01 3.676643642700474857e+02
3.922776758927711827e-01 3.619370800828465349e+02
3.968246104569475019e-01 3.561851535457648765e+02
4.014242490499316252e-01 3.504441709958263687e+02
4.060772025700360999e-01 3.447601265226979308e+02
4.107840889965636011e-01 3.391752621819010187e+02
4.155455334718866078e-01 3.337246012612241657e+02
4.203621683844705470e-01 3.284382337613093910e+02
4.252346334528675498e-01 3.233367124208854761e+02
4.301635758106789886e-01 3.184178723229883872e+02
4.351496500925045585e-01 3.136539914906109630e+02
4.401935185208863954e-01 3.090065378304515207e+02
4.452958509942646081e-01 3.044443551213120713e+02
4.504573251759450558e-01 2.999453553544339002e+02
4.556786265841057948e-01 2.954891991809396927e+02
4.609604486828429160e-01 2.910608581757472848e+02
4.663034929742719270e-01 2.866642051400309583e+02
4.717084690917007217e-01 2.823224586685806798e+02
4.771760948938736924e-01 2.780597895800078732e+02
4.827070965603176278e-01 2.738887717567995992e+02
4.883022086877874535e-01 2.698166666859220300e+02
4.939621743878316318e-01 2.658506096052732346e+02
4.996877453854872697e-01 2.619881932237859701e+02
5.054796821191230860e-01 2.582125167698170571e+02
5.113387538414317923e-01 2.545051222358061409e+02
5.172657387216013092e-01 2.508563225255926170e+02
5.232614239486657048e-01 2.472596731025493000e+02
5.293266058360548421e-01 2.437079493738679048e+02
5.354620899273596635e-01 2.402024233308916621e+02
5.416686911033142815e-01 2.367544746621106242e+02
5.479472336900278462e-01 2.333726104709972446e+02
5.542985515684663023e-01 2.300572187419222416e+02
5.607234882852017988e-01 2.268093418509287460e+02
5.672228971644530660e-01 2.236304060319434086e+02
5.737976414214123189e-01 2.205131150042178376e+02
5.804485942768968787e-01 2.174472268336599257e+02
5.871766390733248464e-01 2.144303713156604942e+02
5.939826693920350342e-01 2.114617967915925192e+02
6.008675891719672535e-01 2.085369797926397837e+02
6.078323128297217215e-01 2.056574189477571508e+02
6.148777653810012511e-01 2.028295704454666009e+02
6.220048825634703071e-01 2.000523880528550933e+02
6.292146109610337046e-01 1.973245538002602473e+02
6.365079081295554886e-01 1.946448461492489344e+02
6.438857427240405329e-01 1.920108236583991754e+02
6.513490946272790794e-01 1.894201449826469457e+02
6.588989550799940753e-01 1.868706335772228329e+02
6.665363268124905316e-01 1.843611959114417687e+02
6.742622241778335468e-01 1.818915244463184422e+02
6.820776732865669878e-01 1.794613229613788690e+02
6.899837121430004716e-01 1.770702842442124165e+02
6.979813907830648700e-01 1.747178781901789932e+02
7.060717714137764167e-01 1.724032204958462557e+02
7.142559285543118586e-01 1.701254163955435104e+02
7.225349491787196321e-01 1.678835958631440519e+02
7.309099328602896017e-01 1.656769128791559069e+02
7.393819919175852462e-01 1.635045447227622049e+02
7.479522515621810363e-01 1.613656912878632852e+02
7.566218500481046716e-01 1.592595744222535927e+02
7.653919388230141507e-01 1.571854372890425395e+02
7.742636826811252204e-01 1.551425437495193762e+02
7.832382599179181781e-01 1.531301777666425892e+02
7.923168624866241405e-01 1.511476428284119322e+02
8.015006961565395160e-01 1.491942613903765391e+02
8.107909806731679048e-01 1.472693743376113957e+02
8.201889499202184020e-01 1.453723445274662538e+02
8.296958520834889494e-01 1.435025651305071506e+02
8.393129498166350677e-01 1.416594479992315883e+02
8.490415204088734846e-01 1.398424204491289800e+02
8.588828559546241026e-01 1.380509248364731434e+02
8.688382635251177266e-01 1.362844181493670419e+02
8.789090653419935339e-01 1.345423716115494983e+02
8.890965989529141522e-01 1.328242702985415065e+02
8.994022174092030086e-01 1.311296127656727322e+02
9.098272894455547988e-01 1.294579106875912089e+02
9.203731996618214062e-01 1.278086885088311533e+02
9.310413487069052474e-01 1.261814831050731840e+02
9.418331534647932379e-01 1.245758434547035449e+02
9.527500472427273825e-01 1.229913303203251047e+02
9.637934799615772707e-01 1.214275159398645201e+02
9.749649183484077053e-01 1.198839837269439244e+02
9.862658461312796554e-01 1.183603279801893819e+02
9.976977642363179521e-01 1.168561536011736735e+02
1.009262190987045615e+00 1.153710758206806162e+02
1.020960662306044986e+00 1.139047197154287971e+02
1.032794731918950104e+00 1.124567185116940919e+02
1.044765971560803308e+00 1.110267143168556032e+02
1.056875971184801477e+00 1.096143586776142769e+02
1.069126339173473994e+00 1.082193123442498859e+02
1.081518702552286326e+00 1.068412450372222082e+02
1.094054707205741162e+00 1.054798352204271197e+02
1.106736018095972218e+00 1.041347698808620095e+02
1.119564319483875581e+00 1.028057443144847127e+02
1.132541315152809203e+00 1.014924619180500400e+02
1.145668728634869460e+00 1.001946339867071032e+02
1.158948303439808925e+00 9.891197951716969783e+01
1.172381803286597357e+00 9.764422501624936501e+01
1.185971012337668551e+00 9.639110431457835659e+01
1.199717735435881671e+00 9.515235838533222079e+01
1.213623798344238169e+00 9.392773516777512555e+01
1.227691047988357376e+00 9.271698939547891882e+01
1.241921352701781833e+00 9.151988242902051240e+01
1.256316602474119026e+00 9.033618209303168101e+01
1.270878709202055257e+00 8.916566284454705738e+01
1.285609606943292516e+00 8.800811262431773230e+01
1.300511252173406351e+00 8.686333218710070980e+01
1.315585624045702007e+00 8.573112768258916105e+01
1.330834724654073264e+00 8.461131021049332901e+01
1.346260579298908633e+00 8.350369570128340513e+01
1.361865236756078401e+00 8.240810479969540836e+01
1.377650769549050969e+00 8.132436275090729794e+01
1.393619274224140003e+00 8.025229928930654921e+01
1.409772871628964586e+00 7.919174852975919521e+01
1.426113707194127000e+00 7.814254886130629529e+01
1.442643951218154141e+00 7.710454284320880447e+01
1.459365799155753374e+00 7.607757710326816891e+01
1.476281471909387077e+00 7.506150223835054192e+01
1.493393216124249800e+00 7.405617271704512916e+01
1.510703304486652465e+00 7.306144678439210338e+01
1.528214036025868250e+00 7.207718636861302741e+01
1.545927736419473675e+00 7.110325698978780906e+01
1.563846758302243289e+00 7.013952767041031677e+01
1.581973481578597518e+00 6.918587087089581189e+01
1.600310313738698254e+00 6.824216619836441566e+01
1.618859690178196420e+00 6.730830425298576358e+01
1.637624074521683681e+00 6.638417915252470891e+01
1.656605958949910251e+00 6.546968741615749821e+01
1.675807864530764357e+00 6.456472790297750919e+01
1.695232341554117506e+00 6.366920175164144524e+01
1.714881969870537537e+00 6.278301232113053487e+01
1.734759359233926546e+00 6.190606513259522359e+01
1.754867149648146718e+00 6.103826781226459275e+01
1.775208011717630985e+00 6.017953003539532375e+01
1.795784647002092393e+00 5.932976347123297245e+01
1.816599788375324875e+00 5.848888172896666759e+01
1.837656200388168903e+00 5.765680030465610173e+01
1.858956679635682452e+00 5.683343652910898669e+01
1.880504055128578100e+00 5.601870951668792031e+01
1.902301188668940934e+00 5.521254011503446435e+01
1.924350975230327832e+00 5.441485085568087499e+01
1.946656343342259454e+00 5.362556590554490299e+01
1.969220255479166903e+00 5.284461101928214788e+01
1.992045708453865194e+00 5.207191482011210582e+01
2.015135733815553110e+00 5.130741367516284157e+01
2.038493398252459343e+00 5.055104683445932068e+01
2.062121803999140468e+00 4.980275440541584686e+01
2.086024089248501578e+00 4.906247732362803760e+01
2.110203428568589779e+00 4.833015732462441605e+01
2.134663033324239123e+00 4.760573691615928027e+01
2.159406152103561904e+00 4.688915935104536459e+01
2.184436071149423508e+00 4.618036860051768855e+01
2.209756114795899062e+00 4.547930932812262483e+01
2.235369645909789149e+00 4.478592686413607282e+01
2.261280066337272743e+00 4.410016718049389794e+01
2.287490817355697814e+00 4.342197686624032116e+01
2.314005380130648604e+00 4.275130310348624363e+01
2.340827276178290006e+00 4.208809364387361995e+01
2.367960067833074778e+00 4.143229678554055795e+01
2.395407358720871738e+00 4.078386135058976691e+01
2.423172794237594019e+00 4.014273666304769961e+01
2.451260062033334020e+00 3.950887252731817512e+01
2.479672892502154724e+00 3.888221957620402947e+01
2.508415059277536496e+00 3.826273327732023688e+01
2.537490379733563284e+00 3.765037211194910327e+01
2.566902715491944598e+00 3.704509452888942889e+01
2.596655972934865719e+00 3.644685888415444452e+01
2.626754103723832223e+00 3.585562343636669169e+01
2.657201105324501267e+00 3.527134634244381317e+01
2.688001021537603119e+00 3.469398565357150943e+01
2.719157943036010661e+00 3.412349931146184900e+01
2.750676007908059884e+00 3.355984514489224324e+01
2.782559402207119170e+00 3.300298086652843210e+01
2.814812360507575661e+00 3.245286407002227946e+01
2.847439166467243155e+00 3.190945222738548637e+01
2.880444153396288787e+00 3.137270268663741035e+01
2.913831704832780201e+00 3.084257266972237232e+01
2.947606255124850971e+00 3.031901927069315406e+01
2.981772290019666816e+00 2.980199945416152829e+01
3.016334347259191695e+00 2.929147005400755788e+01
3.051297017182866167e+00 2.878738777234994473e+01
3.086664943337265488e+00 2.828970925498164135e+01
3.122442823092849373e+00 2.779839447806524433e+01
3.158635408267811417e+00 2.731340781045419419e+01
3.195247505759207129e+00 2.683471326390240108e+01
3.232283978181375250e+00 2.636227413735145930e+01
3.269749744511758038e+00 2.589605303675817538e+01
3.307649780744232881e+00 2.543601189489741543e+01
3.345989120549966334e+00 2.498211199112962433e+01
3.384772855945975767e+00 2.453431397112487744e+01
3.424006137971419506e+00 2.409257786653880729e+01
3.463694177371722915e+00 2.365686311463007030e+01
3.503842245290665680e+00 2.322712857781365869e+01
3.544455673970426268e+00 2.280333256314066048e+01
3.585539857459808299e+00 2.238543284170114589e+01
3.627100252330640817e+00 2.197338666793806539e+01
3.669142378402487914e+00 2.156715079886997444e+01
3.711671819475755196e+00 2.116668151321233893e+01
3.754694224073326314e+00 2.077193463039318289e+01
3.798215306190726892e+00 2.038286552945509555e+01
3.842240846055053005e+00 1.999942916874775989e+01
3.886776690892660646e+00 1.962158174446365777e+01
3.931828755705757406e+00 1.924928388631368037e+01
3.977403024058025149e+00 1.888249628869677110e+01
4.023505548869283466e+00 1.852117874905669126e+01
4.070142453219429690e+00 1.816529020688578910e+01
4.117319931161670610e+00 1.781478878222270268e+01
4.165044248545179073e+00 1.746963181363354067e+01
4.213321743847276757e+00 1.712977589566339276e+01
4.262158829015312733e+00 1.679517691574686467e+01
4.311561990318218740e+00 1.646579009056871357e+01
4.361537789207996951e+00 1.614157000186445856e+01
4.412092863191181991e+00 1.582247063165154799e+01
4.463233926710382882e+00 1.550844539688427481e+01
4.514967772036088789e+00 1.519944718352351032e+01
4.567301270168734995e+00 1.489542838001596792e+01
4.620241371751302673e+00 1.459634091017542801e+01
4.673795107992455122e+00 1.430213626546149719e+01
4.727969591600383659e+00 1.401276553665094049e+01
4.782772017727470626e+00 1.372817944489633035e+01
4.838209664925944509e+00 1.344832866285300632e+01
4.894289896114520033e+00 1.317316559342503623e+01
4.951020159556341227e+00 1.290264305743385620e+01
5.008407989848203457e+00 1.263671337040564957e+01
5.066461008921252507e+00 1.237532837753865955e+01
5.125186927053318797e+00 1.211843949192407521e+01
5.184593543892900058e+00 1.186599773189255735e+01
5.244688749495107771e+00 1.161795375748247849e+01
5.305480525369564937e+00 1.137425790603089837e+01
5.366976945540468336e+00 1.113486022688557142e+01
5.429186177618927189e+00 1.089971051524024048e+01
5.492116483887774514e+00 1.066875834509369270e+01
5.555776222398865372e+00 1.044195310133581955e+01
5.620173848083176438e+00 1.021924401096291568e+01
5.685317913873744189e+00 1.000058017342683492e+01
5.751217071841596251e+00 9.785910590121911667e+00
5.817880074344919272e+00 9.575184193014656842e+00
5.885315775191436671e+00 9.368349872423394231e+00
5.953533130814357754e+00 9.165356503951773703e+00
6.022541201461917737e+00 8.966152987572263200e+00
6.092349152400691636e+00 8.770688521116611014e+00
6.162966255132924509e+00 8.578912580850751368e+00
6.234401888627847832e+00 8.390774692872707163e+00
6.306665540567391481e+00 8.206224448078485167e+00
6.379766808606270878e+00 8.025211526286613051e+00
6.453715401646691774e+00 7.847685719515728131e+00
6.528521141127827221e+00 7.673596954425913275e+00
6.604193962330286993e+00 7.502895313933490407e+00
6.680743915695598112e+00 7.335531058013293304e+00
6.758181168161097041e+00 7.171454643696466569e+00
6.836516004510227340e+00 7.010616744278983070e+00
6.915758828738503894e+00 6.852968267751053943e+00
6.995920165435354221e+00 6.698460374460990074e+00
7.077010661181871498e+00 6.547044494026360795e+00
7.159041085964872764e+00 6.398672341504957117e+00
7.242022334607302270e+00 6.253295932839530558e+00
7.325965428215218900e+00 6.110867599589208332e+00
7.410881515641548845e+00 5.971340002961777138e+00
7.496781874966857551e+00 5.834666146884585736e+00
7.583677914997172920e+00 5.700799355222987863e+00
7.671581176779286970e+00 5.569693253252586018e+00
7.760503335133557279e+00 5.441301846814378784e+00
7.850456200204484425e+00 5.315579541358416371e+00
7.941451719029317680e+00 5.192481151551802121e+00
8.033501977124714699e+00 5.071961910303956600e+00
8.126619200091928619e+00 4.953977477223137527e+00
8.220815755240526101e+00 4.838483946517956547e+00
8.316104153230948981e+00 4.725437854357999790e+00
8.412497049736094468e+00 4.614796185707498388e+00
8.510007247122224783e+00 4.506516380645747333e+00
8.608647696149226647e+00 4.400556340188185089e+00
8.708431497690707346e+00 4.296874431621919399e+00
8.809371904473977111e+00 4.195429493369229768e+00
8.911482322840175385e+00 4.096180839392416395e+00
9.014776314524892697e+00 3.999088263153907086e+00
9.119267598459275703e+00 3.904112041144441658e+00
9.224970052592155412e+00 3.811212935992843942e+00
9.331897715733223464e+00 3.720352199170136931e+00
9.440064789417590418e+00 3.631491541548052204e+00
9.549485639791939207e+00 3.544593029534424566e+00
9.660174799522621925e+00 3.459619201651666476e+00
9.772146969725703514e+00 3.376533111457292069e+00
9.885417021919554514e+00 3.295298327330037136e+00
9.999999999999984013e+00 3.215878931965613585e+00
