1.000000000000000048e-04 5.411698340136499752e+01
1.011591112223829728e-04 5.472381847496780694e+01
1.023316578330244966e-04 5.533745268571843212e+01
1.035177955630176363e-04 5.595796197260545313e+01
1.047176819485520245e-04 5.658542303333979362e+01
1.059314763518370031e-04 5.721991341350432947e+01
1.071593399822671198e-04 5.786151151686831895e+01
1.084014359178330883e-04 5.851029661477097932e+01
1.096579291267809898e-04 5.916634885561137480e+01
1.109289864895222780e-04 5.982974927443536473e+01
1.122147768207980425e-04 6.050057980265846425e+01
1.135154708920999033e-04 6.117892331728909028e+01
1.148312414543511137e-04 6.186486373142336248e+01
1.161622632608502026e-04 6.255848591339174192e+01
1.175087130904807752e-04 6.325987567600098060e+01
1.188707697711903445e-04 6.396911978698918233e+01
1.202486142037412301e-04 6.468630597959817408e+01
1.216424293857368039e-04 6.541152296325979876e+01
1.230524004359261579e-04 6.614486043439998753e+01
1.244787146187906256e-04 6.688640908284604336e+01
1.259215613694151213e-04 6.763626050096722508e+01
1.273811323186478520e-04 6.839450718823120212e+01
1.288576213185518003e-04 6.916124266076056415e+01
1.303512244681509209e-04 6.993656146705463073e+01
1.318621401394748729e-04 7.072055919923560907e+01
1.333905690039058638e-04 7.151333250441713574e+01
1.349367140588306701e-04 7.231497909619207576e+01
1.365007806546013845e-04 7.312559776624398467e+01
1.380829765218092534e-04 7.394528840108084466e+01
1.396835117988739897e-04 7.477415201690421043e+01
1.413025990599533870e-04 7.561229075467164762e+01
1.429404533431761061e-04 7.645980788309086051e+01
1.445972921792019735e-04 7.731680781090857124e+01
1.462733356201130139e-04 7.818339609934392342e+01
1.479688062686396383e-04 7.905967947465029511e+01
1.496839293077255632e-04 7.994576584081914916e+01
1.514189325304352289e-04 8.084176429167425226e+01
1.531740463702080011e-04 8.174778506253554156e+01
1.549495039314631917e-04 8.266393949380983486e+01
1.567455410205595065e-04 8.359034013707523059e+01
1.585623961771137158e-04 8.452710077873676653e+01
1.604003107056820173e-04 8.547433645333104835e+01
1.622595287078087273e-04 8.643216345696758651e+01
1.641402971144466632e-04 8.740069936091421710e+01
1.660428657187529853e-04 8.838006302532053837e+01
1.679674872092653496e-04 8.937037461804732175e+01
1.699144172034626271e-04 9.037175567783280883e+01
1.718839142817145805e-04 9.138432911015289051e+01
1.738762400216250798e-04 9.240821917040472044e+01
1.758916590327733002e-04 9.344355147803213413e+01
1.779304389918577567e-04 9.449045303125454609e+01
1.799928506782476725e-04 9.554905222195958459e+01
1.820791680099462630e-04 9.661947885074596343e+01
1.841896680799711133e-04 9.770186414207621795e+01
1.863246311931559835e-04 9.879634065225228312e+01
1.884843409033795745e-04 9.990304205059101150e+01
1.906690840512252356e-04 1.010221033909916599e+02
1.928791508020778235e-04 1.021536611901465648e+02
1.951148346846616683e-04 1.032978534429110340e+02
1.973764326300255834e-04 1.044548196378289475e+02
1.996642450109793916e-04 1.056247007728097600e+02
2.019785756819878484e-04 1.068076393709661573e+02
2.043197320195270865e-04 1.080037794999529694e+02
2.066880249629082160e-04 1.092132668695260946e+02
2.090837690555750453e-04 1.104362488566440561e+02
2.115072824868795298e-04 1.116728744407614897e+02
2.139588871343421834e-04 1.129232942166126179e+02
2.164389086064020889e-04 1.141876604112620868e+02
2.189476762856621176e-04 1.154661269013200808e+02
2.214855233726359721e-04 1.167588492303429746e+02
2.240527869300018495e-04 1.180659846263996116e+02
2.266498079273692845e-04 1.193876919550008182e+02
2.292769312865648918e-04 1.207241314211151746e+02
2.319345059274427814e-04 1.220754648115050571e+02
2.346228848142263134e-04 1.234418556427831533e+02
2.373424250023866691e-04 1.248234691793231406e+02
2.400934876860652035e-04 1.262204724511717444e+02
2.428764382460451090e-04 1.276330342721313116e+02
2.456916462982790305e-04 1.290613252580231745e+02
2.485394857429798965e-04 1.305055178446007460e+02
2.514203348142797370e-04 1.319657862572057638e+02
2.543345761304648903e-04 1.334423064863765092e+02
2.572825967447932359e-04 1.349352563835028036e+02
2.602647881969005024e-04 1.364448156889890527e+02
2.632815465648020731e-04 1.379711660513905827e+02
2.663332725174980963e-04 1.395144910467382147e+02
2.694203713681882413e-04 1.410749761980362962e+02
2.725432531281028249e-04 1.426528089949477476e+02
2.757023325609583289e-04 1.442481788862955909e+02
2.788980292380439777e-04 1.458612770118868696e+02
2.821307675939471824e-04 1.474922963214196443e+02
2.854009769829237591e-04 1.491414317838470538e+02
2.887090917359235484e-04 1.508088804104169185e+02
2.920555512182745244e-04 1.524948412747766895e+02
2.954407998880380793e-04 1.541995155332715228e+02
2.988652873550383024e-04 1.559231064454128841e+02
3.023294684405777215e-04 1.576658193944970492e+02
3.058338032378432473e-04 1.594278617942989626e+02
3.093787571730137595e-04 1.612094428444301570e+02
3.129648010670751349e-04 1.630107738326413767e+02
3.165924111983521496e-04 1.648320682289123056e+02
3.202620693657651165e-04 1.666735417063212594e+02
3.239742629528196056e-04 1.685354121620757724e+02
3.277294849923383015e-04 1.704178997387263337e+02
3.315282342319423692e-04 1.723212268455484946e+02
3.353710152002930081e-04 1.742456181649714040e+02
3.392583382740992667e-04 1.761913002751249735e+02
3.431907197459043682e-04 1.781585016109164883e+02
3.471686818926560223e-04 1.801474528979441914e+02
3.511927530450728672e-04 1.821583871959397811e+02
3.552634676578139803e-04 1.841915399200764512e+02
3.593813663804626239e-04 1.862471488624370011e+02
3.635469961293318715e-04 1.883254542136438090e+02
3.677609101601031711e-04 1.904266985846444129e+02
3.720236681413067385e-04 1.925511269650002646e+02
3.763358362286533740e-04 1.946989864167108522e+02
3.806979871402285448e-04 1.968705263210692067e+02
3.851107002325569739e-04 1.990659985407999955e+02
3.895745615775502574e-04 2.012856574421564346e+02
3.940901640403448279e-04 2.035297599169110185e+02
3.986581073580439810e-04 2.057985654044915407e+02
4.032789982193706307e-04 2.080923359142844049e+02
4.079534503452450522e-04 2.104113360424265693e+02
4.126820845702952557e-04 2.127558323786375070e+02
4.174655289253135972e-04 2.151260929380197524e+02
4.223044187206673248e-04 2.175223881820688518e+02
4.271993966306778055e-04 2.199449911662980526e+02
4.321511127789762923e-04 2.223941775609710021e+02
4.371602248248503283e-04 2.248702256719523973e+02
4.422273980505898373e-04 2.273734164616515159e+02
4.473533054498464575e-04 2.299040335700533433e+02
4.525386278170167947e-04 2.324623632956800066e+02
4.577840538376617388e-04 2.350486941672106980e+02
4.630902801799738800e-04 2.376633171049684279e+02
4.684580115873046222e-04 2.403065257474081022e+02
4.738879609717652546e-04 2.429786164771783490e+02
4.793808495089108153e-04 2.456798884416417934e+02
4.849374067335234439e-04 2.484106435734740614e+02
4.905583706365046568e-04 2.511711866113210760e+02
4.962444877628915604e-04 2.539618251204744297e+02
5.019965133110080614e-04 2.567828690903641586e+02
5.078152112327671743e-04 2.596346299056636440e+02
5.137013543351340219e-04 2.625174214444019185e+02
5.196557243827659538e-04 2.654315603948217586e+02
5.256791122018420349e-04 2.683773662737175414e+02
5.317723177850967571e-04 2.713551614447754332e+02
5.379361503980699009e-04 2.743652711369146573e+02
5.441714286865889172e-04 2.774080234626330252e+02
5.504789807854969502e-04 2.804837493974030735e+02
5.568596444286410272e-04 2.835927816848004568e+02
5.633142670601353798e-04 2.867354546340390584e+02
5.698437059469137721e-04 2.899121053263555154e+02
5.764488282925875340e-04 2.931230736992220614e+02
5.831305113526219844e-04 2.963687025614296431e+02
5.898896425508494586e-04 2.996493376080987900e+02
5.967271195973311917e-04 3.029653274355922576e+02
6.036438506075865983e-04 3.063170235563503638e+02
6.106407542232038244e-04 3.097047802041236650e+02
6.177187597338490302e-04 3.131289532057813858e+02
6.248788072006889295e-04 3.165899007486763139e+02
6.321218475812450180e-04 3.200879838991112365e+02
6.394488428556939106e-04 3.236235666153172588e+02
6.468607661546322196e-04 3.271970157590808981e+02
6.543586018883232108e-04 3.308087011071847883e+02
6.619433458774390093e-04 3.344589953627112777e+02
6.696160054853217717e-04 3.381482741568080428e+02
6.773775997517746681e-04 3.418769148758751726e+02
6.852291595284059830e-04 3.456452954403684430e+02
6.931717276155402148e-04 3.494537963014930142e+02
7.012063589007179638e-04 3.533028007148043912e+02
7.093341204987991394e-04 3.571926947456890389e+02
7.175560918936924699e-04 3.611238672745556073e+02
7.258733650817247602e-04 3.650967100017024904e+02
7.342870447166760257e-04 3.691116174518788853e+02
7.427982482564913450e-04 3.731689868574122784e+02
7.514081061116963198e-04 3.772692167207148373e+02
7.601177617955326210e-04 3.814127072226767723e+02
7.689283720758308604e-04 3.855998612385484421e+02
7.778411071286484360e-04 3.898310843582619896e+02
7.868571506936848170e-04 3.941067848856184241e+02
7.959777002314981234e-04 3.984273738370669093e+02
8.052039670825472846e-04 4.027932649400502214e+02
8.145371766280737639e-04 4.072048746308389013e+02
8.239785684528515806e-04 4.116626212505958051e+02
8.335293965098190729e-04 4.161669229267922105e+02
8.431909292866253619e-04 4.207181996771713557e+02
8.529644499741018170e-04 4.253168740207533460e+02
8.628512566366892044e-04 4.299633709683582197e+02
8.728526623848374341e-04 4.346581180125572246e+02
8.829699955494085860e-04 4.394015451170197366e+02
8.932045998580961195e-04 4.441940847052680397e+02
9.035578346138924653e-04 4.490361716068319993e+02
9.140310748756226740e-04 4.539282417400826262e+02
9.246257116405735008e-04 4.588707317789789499e+02
9.353431520292382036e-04 4.638640805804699312e+02
9.461848194721997124e-04 4.689087292563266374e+02
9.571521538991858893e-04 4.740051211544997614e+02
9.682466119303117331e-04 4.791537018397888801e+02
9.794696670695391023e-04 4.843549190737235222e+02
9.908228099003791103e-04 4.896092227937157304e+02
1.002307548283864732e-03 4.949170646184077782e+02
1.013925407558814544e-03 5.002788950959092062e+02
1.025677930744421434e-03 5.056951654110115442e+02
1.037566678745185456e-03 5.111663286095956664e+02
1.049593230558226948e-03 5.166928395721024572e+02
1.061759183482999420e-03 5.222751549822918378e+02
1.074066153333433013e-03 5.279137332950847394e+02
1.086515774652537783e-03 5.336090347034787555e+02
1.099109700929496542e-03 5.393615210978255163e+02
1.111849604819270662e-03 5.451716550302141968e+02
1.124737178364751356e-03 5.510398985530125628e+02
1.137774133221490730e-03 5.569667149208498813e+02
1.150962200885031431e-03 5.629525687974585253e+02
1.164303132920876341e-03 5.689979262130387951e+02
1.177798701197118681e-03 5.751032545205811175e+02
1.191450698119775244e-03 5.812690223510902570e+02
1.205260936870841855e-03 5.874956995677315490e+02
1.219231251649110278e-03 5.937837569681329342e+02
1.233363497913775222e-03 6.001336630610611564e+02
1.247659552630868939e-03 6.065458848108966095e+02
1.262121314522546408e-03 6.130208898984476491e+02
1.276750704319265127e-03 6.195591467151978122e+02
1.291549665014883131e-03 6.261611243039627652e+02
1.306520162124720367e-03 6.328272922983228455e+02
1.321664183946604648e-03 6.395581208607270582e+02
1.336983741824946011e-03 6.463540806193036588e+02
1.352480870417874584e-03 6.532156414318470752e+02
1.368157627967470829e-03 6.601432690320795018e+02
1.384016096573131068e-03 6.671374281469227299e+02
1.400058382468096939e-03 6.741985834157352429e+02
1.416286616299197981e-03 6.813271993136728497e+02
1.432702953409829925e-03 6.885237400736129985e+02
1.449309574126215940e-03 6.957886696066032073e+02
1.466108684046983808e-03 7.031224514208327037e+02
1.483102514336103470e-03 7.105255484138360771e+02
1.500293322019217047e-03 7.179984185399832768e+02
1.517683390283404692e-03 7.255415134791176115e+02
1.535275028780421847e-03 7.331552834104390968e+02
1.553070573933459063e-03 7.408401772374231768e+02
1.571072389247449340e-03 7.485966424875267649e+02
1.589282865622977398e-03 7.564251252101753380e+02
1.607704421673822760e-03 7.643260698731437515e+02
1.626339504048191073e-03 7.722999192572087850e+02
1.645190587753661863e-03 7.803471129857949791e+02
1.664260176485902803e-03 7.884680790994495965e+02
1.683550802961201673e-03 7.966632390204985086e+02
1.703065029252843121e-03 8.049330113897557339e+02
1.722805447131393322e-03 8.132778119532530354e+02
1.742774678408918554e-03 8.216980534321020286e+02
1.762975375287204483e-03 8.301941453905614026e+02
1.783410220710006724e-03 8.387664941021602090e+02
1.804081928719382128e-03 8.474155023855266791e+02
1.824993244816151307e-03 8.561415643908244419e+02
1.846146946324546618e-03 8.649450593093519046e+02
1.867545842761074654e-03 8.738263603778686957e+02
1.889192776207665675e-03 8.827858361020640814e+02
1.911090621689137074e-03 8.918238500953675612e+02
1.933242287555043959e-03 9.009407609158225796e+02
1.955650715865948734e-03 9.101369219009410472e+02
1.978318882784163655e-03 9.194126810005171819e+02
2.001249798969035980e-03 9.287683798271852993e+02
2.024446509976802599e-03 9.382043429588543404e+02
2.047912096665084614e-03 9.477208800762728060e+02
2.071649675602067840e-03 9.573182937331620224e+02
2.095662399480431679e-03 9.669968793596227670e+02
2.119953457536069303e-03 9.767569250651790753e+02
2.144526075971666789e-03 9.865987114399821394e+02
2.169383518385183292e-03 9.965225113539013364e+02
2.194529086203312468e-03 1.006528589753718734e+03
2.219966119119953351e-03 1.016617200725063299e+03
2.245697995539773072e-03 1.026788579142083336e+03
2.271728133026903931e-03 1.037042948142934165e+03
2.298059988758849835e-03 1.047380521453859501e+03
2.324697059985647227e-03 1.057801503163762163e+03
2.351642884494347698e-03 1.068306087496993996e+03
2.378901041078892130e-03 1.078894458584317590e+03
2.406475150015422761e-03 1.089566790232104722e+03
2.434368873543109931e-03 1.100323245430265388e+03
2.462585916350545565e-03 1.111163966491886185e+03
2.491130026067787072e-03 1.122089071529744615e+03
2.520004993764090716e-03 1.133098665640410672e+03
2.549214654451422042e-03 1.144192841458909470e+03
2.578762887593799742e-03 1.155371678900359029e+03
2.608653617622546696e-03 1.166635244900098542e+03
2.638890814457508453e-03 1.177983593152458980e+03
2.669478494034319832e-03 1.189416763848231994e+03
2.700420718837771242e-03 1.200934782169255868e+03
2.731721598441374903e-03 1.212537650018257864e+03
2.763385290053167829e-03 1.224225350459661968e+03
2.795415999067855668e-03 1.235997851403531286e+03
2.827817979625339880e-03 1.247855105345870697e+03
2.860595535175740160e-03 1.259797049089648226e+03
2.893753019050949830e-03 1.271823603465182259e+03
2.927294835042814833e-03 1.283934673049720914e+03
2.961225437988033050e-03 1.296130145825186446e+03
2.995549334359811234e-03 1.308409879660958040e+03
3.030271082866395349e-03 1.320773684811772000e+03
3.065395295056525492e-03 1.333221348398585178e+03
3.100926635931925118e-03 1.345752638054645104e+03
3.136869824566874444e-03 1.358367301613477366e+03
3.173229634734975584e-03 1.371065066797166537e+03
3.210010895543170123e-03 1.383845640905114351e+03
3.247218492073126669e-03 1.396708710503253997e+03
3.284857366030041314e-03 1.409653941894468971e+03
3.322932516398970689e-03 1.422680992026738068e+03
3.361449000108763119e-03 1.435789506052428123e+03
3.400411932703704086e-03 1.448979108228671066e+03
3.439826489022923713e-03 1.462249401383852955e+03
3.479697903887689868e-03 1.475599966625926754e+03
3.520031472796677097e-03 1.489030363052324901e+03
3.560832552629275994e-03 1.502540127461454404e+03
3.602106562357069216e-03 1.516128774066051392e+03
3.643858983763542669e-03 1.529795748530380934e+03
3.686095362172155891e-03 1.543540283463765263e+03
3.728821307182831907e-03 1.557361531142165632e+03
3.772042493416996253e-03 1.571258609876473429e+03
3.815764661271247096e-03 1.585230603600796030e+03
3.859993617679764906e-03 1.599276561466427211e+03
3.904735236885557934e-03 1.613395497442064197e+03
3.949995461220641955e-03 1.627586389920489864e+03
3.995780301895267457e-03 1.641848190429818487e+03
4.042095839796303568e-03 1.656180193398860183e+03
4.088948226294858955e-03 1.670582179901555037e+03
4.136343684063272831e-03 1.685053961020126280e+03
4.184288507901578850e-03 1.699595343331855929e+03
4.232789065573546415e-03 1.714206128934790513e+03
4.281851798652410411e-03 1.728886115474134385e+03
4.331483223376396928e-03 1.743635096169418148e+03
4.381689931514188077e-03 1.758452859842503585e+03
4.432478591240393562e-03 1.773338867156869583e+03
4.483855948021185124e-03 1.788290045846212024e+03
4.535828825510184945e-03 1.803302043246137146e+03
4.588404126454754574e-03 1.818370359738078832e+03
4.641588833612774606e-03 1.833490353863656537e+03
4.695390010680057340e-03 1.848657241173439388e+03
4.749814803228498243e-03 1.863866093197173996e+03
4.804870439655126689e-03 1.879111836541368348e+03
4.860564232142133151e-03 1.894389260744941794e+03
4.916903577628024651e-03 1.909695298262508686e+03
4.973895958790060245e-03 1.925032196909519371e+03
5.031548945038048955e-03 1.940403077351492129e+03
5.089870193519678392e-03 1.955811184395770852e+03
5.148867450137491197e-03 1.971259887880575889e+03
5.208548550577657595e-03 1.986752683618225319e+03
5.268921421350668960e-03 2.002293194397006118e+03
5.329994080844086858e-03 2.017885171046141522e+03
5.391774640387498457e-03 2.033532202390657631e+03
5.454271305329828380e-03 2.049233254070933981e+03
5.517492376129119747e-03 2.064983396438176442e+03
5.581446249454959617e-03 2.080777445674157207e+03
5.646141419303662458e-03 2.096610071599918683e+03
5.711586478126426739e-03 2.112475796841346892e+03
5.777790117970500218e-03 2.128368996133377550e+03
5.844761131633627142e-03 2.144283895769038281e+03
5.912508413831872763e-03 2.160214573199230017e+03
5.981040962380937930e-03 2.176155649592422378e+03
6.050367879391214433e-03 2.192104602672290639e+03
6.120498372476694711e-03 2.208059672229244370e+03
6.191441755977841743e-03 2.224019079605290699e+03
6.263207452198682815e-03 2.239981027906842428e+03
6.335804992658246836e-03 2.255943702233906151e+03
6.409244019356445839e-03 2.271905269917124315e+03
6.483534286054717238e-03 2.287863880762803547e+03
6.558685659571428586e-03 2.303817654890215181e+03
6.634708121092339726e-03 2.319764127146574538e+03
6.711611767496278476e-03 2.335700005289468209e+03
6.789406812696106158e-03 2.351621884011301063e+03
6.868103588995296514e-03 2.367526302739143375e+03
6.947712548460231209e-03 2.383409746059694498e+03
7.028244264308346374e-03 2.399268644186774964e+03
7.109709432312428558e-03 2.415099373472026855e+03
7.192118872221184116e-03 2.430898256959387254e+03
7.275483529196219955e-03 2.446661577839476649e+03
7.359814475265760887e-03 2.462385672461421109e+03
7.445122910795134823e-03 2.478066880029087315e+03
7.531420165974363201e-03 2.493701493720127928e+03
7.618717702322989373e-03 2.509285761101023127e+03
7.707027114212296713e-03 2.524815884916279629e+03
7.796360130405225256e-03 2.540288023920500564e+03
7.886728615614147300e-03 2.555698293753343478e+03
7.978144572076614760e-03 2.571042767604029450e+03
8.070620141149495441e-03 2.586317393057648133e+03
8.164167604921463567e-03 2.601517868476956210e+03
8.258799387844257406e-03 2.616639815120818184e+03
8.354528058382861000e-03 2.631678808767530427e+03
8.451366330684714073e-03 2.646630380969270846e+03
8.549327066268371661e-03 2.661490020362102769e+03
8.648423275731715806e-03 2.676253174032486640e+03
8.748668120479906676e-03 2.690915248940241327e+03
8.850074914473426979e-03 2.705471605334715605e+03
8.952657125996391421e-03 2.719917426513744886e+03
9.056428379445279064e-03 2.734247738759726417e+03
9.161402457138508384e-03 2.748457525256043482e+03
9.267593301146874116e-03 2.762541731567406714e+03
9.375015015145274355e-03 2.776495267540713030e+03
9.483681866285915280e-03 2.790313009272884301e+03
9.593608287093137454e-03 2.803989801145326055e+03
9.704808877380292215e-03 2.817520457925017581e+03
9.817298406188829443e-03 2.830899709347418593e+03
9.931091813749784100e-03 2.844121999654623778e+03
1.004620421346811773e-02 2.857181671474976156e+03
1.016265089392994099e-02 2.870073039952984800e+03
1.028044732093308204e-02 2.882790395426887699e+03
1.039960913954119000e-02 2.895328006182282934e+03
1.052015217616157974e-02 2.907680121284584402e+03
1.064209244064722934e-02 2.919840973489408043e+03
1.076544612842314681e-02 2.931804779239238997e+03
1.089022962263729542e-02 2.943565593924118730e+03
1.101645949633655273e-02 2.955117244406093505e+03
1.114415251466786827e-02 2.966453530786727242e+03
1.127332563710485222e-02 2.977568246911969709e+03
1.140399601970031561e-02 2.988455184040341010e+03
1.153618101736477233e-02 2.999108134596744094e+03
1.166989818617145645e-02 3.009520896010264551e+03
1.180516528568804208e-02 3.019687274634264213e+03
1.194200028133531391e-02 3.029601050500622478e+03
1.208042134677327073e-02 3.039255684323684363e+03
1.222044686631487166e-02 3.048644482784651700e+03
1.236209543736768203e-02 3.057760770298802527e+03
1.250538587290389754e-02 3.066597895135821091e+03
1.265033720395902610e-02 3.075149234317443188e+03
1.279696868215939552e-02 3.083408198602402535e+03
1.294529978227914289e-02 3.091368237555719134e+03
1.309535020482666470e-02 3.099022844404751140e+03
1.324713987866115404e-02 3.106365436839385438e+03
1.340068896363949026e-02 3.113389167293579249e+03
1.355601785329367710e-02 3.120087194176951471e+03
1.371314717753943473e-02 3.126452737504328525e+03
1.387209780541619544e-02 3.132479084935149785e+03
1.403289084785870784e-02 3.138159597887563450e+03
1.419554766050099524e-02 3.143487717721743138e+03
1.436008984651259215e-02 3.148456971986388908e+03
1.452653925946778904e-02 3.153060965477476202e+03
1.469491800624815429e-02 3.157293121025746586e+03
1.486524844997855720e-02 3.161146718537646393e+03
1.503755321299736145e-02 3.164615139057609667e+03
1.521185517986103040e-02 3.167691880270827824e+03
1.538817750038344936e-02 3.170370563703592779e+03
1.556654359271059974e-02 3.172644941959981679e+03
1.574697714643085236e-02 3.174508905986499485e+03
1.592950212572120244e-02 3.175956492355447153e+03
1.611414277253018015e-02 3.176981838170991978e+03
1.630092360979739502e-02 3.177578994815390615e+03
1.648986944471062324e-02 3.177742109075516510e+03
1.668100537200057146e-02 3.177465502910555642e+03
1.687435677727374198e-02 3.176743681221104907e+03
1.706994934038405520e-02 3.175571339580637868e+03
1.726780903884354151e-02 3.173943371927661701e+03
1.746796215127244256e-02 3.171854878206705507e+03
1.767043526088944369e-02 3.169301171211867313e+03
1.787525525904233581e-02 3.166277743940160690e+03
1.808244934877948837e-02 3.162780256507184731e+03
1.829204504846291754e-02 3.158804600311278591e+03
1.850407019542300510e-02 3.154346910514772389e+03
1.871855294965576663e-02 3.149403573289672295e+03
1.893552179756293266e-02 3.143971232927072833e+03
1.915500555573526609e-02 3.138046798797289739e+03
1.937703337477986176e-02 3.131627452147338317e+03
1.960163474319183419e-02 3.124710684007108284e+03
1.982883949127068474e-02 3.117294550305528901e+03
2.005867779508231641e-02 3.109377542602775520e+03
2.029118018046676200e-02 3.100958445665173258e+03
2.052637752709248961e-02 3.092036341155427635e+03
2.076430107255772262e-02 3.082610612423385646e+03
2.100498241653913495e-02 3.072680949039980533e+03
2.124845352498879944e-02 3.062247351062884718e+03
2.149474673437978475e-02 3.051310133611794754e+03
2.174389475600078253e-02 3.039870259319682646e+03
2.199593068030071888e-02 3.027929881148190816e+03
2.225088798128367282e-02 3.015491599967062939e+03
2.250880052095458397e-02 3.002558319531603502e+03
2.276970255381677299e-02 2.989133246726469679e+03
2.303362873142129202e-02 2.975219891496463788e+03
2.330061410696921201e-02 2.960822066460633778e+03
2.357069413996725274e-02 2.945943886205639956e+03
2.384390470093718586e-02 2.930589835188286088e+03
2.412028207618003781e-02 2.914766043904691287e+03
2.439986297259547771e-02 2.898480133965260848e+03
2.468268452255688306e-02 2.881740005364298213e+03
2.496878428884323833e-02 2.864553784238631124e+03
2.525820026962782502e-02 2.846929816189506255e+03
2.555097090352503181e-02 2.828876659413566813e+03
2.584713507469561106e-02 2.810403077650272735e+03
2.614673211801089858e-02 2.791518032954185855e+03
2.644980182427715890e-02 2.772231258659294781e+03
2.675638444552042375e-02 2.752555487859965979e+03
2.706652070033239293e-02 2.732504392237817228e+03
2.738025177927854228e-02 2.712091681358505866e+03
2.769761935036888292e-02 2.691331089105442061e+03
2.801866556459190957e-02 2.670236360596122267e+03
2.834343306151305975e-02 2.648821239360521304e+03
2.867196497493766996e-02 2.627099454794465146e+03
2.900430493863987227e-02 2.605084747909338603e+03
2.934049709215783702e-02 2.582793164231800802e+03
2.968058608665600367e-02 2.560244265959536278e+03
3.002461709085545161e-02 2.537457655266549864e+03
3.037263579703308389e-02 2.514452629752130179e+03
3.072468842709001266e-02 2.491248167036335872e+03
3.108082173869059980e-02 2.467862910473631473e+03
3.144108303147261779e-02 2.444315155970159594e+03
3.180552015332915178e-02 2.420622839888493672e+03
3.217418150676367578e-02 2.396803940996174333e+03
3.254711605531845214e-02 2.372879908902001262e+03
3.292437333007763867e-02 2.348873739682149790e+03
3.330600343624585263e-02 2.324807792816506662e+03
3.369205705980264642e-02 2.300703760585098735e+03
3.408258547423447665e-02 2.276582662054926914e+03
3.447764054734461098e-02 2.252464838913747371e+03
3.487727474814172890e-02 2.228369953069769053e+03
3.528154115380878475e-02 2.204316988928005685e+03
3.569049345675226470e-02 2.180326531960080047e+03
3.610418597173332272e-02 2.156424673207739943e+03
3.652267364308171838e-02 2.132637527087880699e+03
3.694601205199299354e-02 2.108990120861970354e+03
3.737425742391059513e-02 2.085506408563651348e+03
3.780746663599345719e-02 2.062209287741859043e+03
3.824569722466996530e-02 2.039120618809458392e+03
3.868900739327971183e-02 2.016261246793229702e+03
3.913745601980380545e-02 1.993650854585222305e+03
3.959110266468453265e-02 1.971304612681309209e+03
4.005000757873606460e-02 1.949233576708796818e+03
4.051423171114643812e-02 1.927448073245982641e+03
4.098383671757255958e-02 1.905957856455779392e+03
4.145888496832907111e-02 1.884772127944483827e+03
4.193943955667183560e-02 1.863899557007673138e+03
4.242556430717771970e-02 1.843348301203486926e+03
4.291732378422153521e-02 1.823126027198318980e+03
4.341478330055086043e-02 1.803242435097660973e+03
4.391800892596080946e-02 1.783719422415892950e+03
4.442706749606879085e-02 1.764581858834342711e+03
4.494202662119135827e-02 1.745853418940581605e+03
4.546295469532394412e-02 1.727556646105493655e+03
4.598992090522435044e-02 1.709713021108400653e+03
4.652299523960182898e-02 1.692343033288222841e+03
4.706224849841277036e-02 1.675466253978335317e+03
4.760775230226364785e-02 1.659099252590292053e+03
4.815957910192344982e-02 1.643231070013682711e+03
4.871780218794626721e-02 1.627833000395760109e+03
4.928249570040506289e-02 1.612877037642446567e+03
4.985373463873887800e-02 1.598336174369660284e+03
5.043159487171355176e-02 1.584184345491633167e+03
5.101615314749827212e-02 1.570396376022948061e+03
5.160748710385902605e-02 1.556947934511422773e+03
5.220567527846971256e-02 1.543817951415585412e+03
5.281079711934324322e-02 1.530993387442430503e+03
5.342293299538347640e-02 1.518462970461341911e+03
5.404216420705911655e-02 1.506215766780086142e+03
5.466857299720174340e-02 1.494241166836106913e+03
5.530224256192894927e-02 1.482528871585476509e+03
5.594325706169369500e-02 1.471068859733154113e+03
5.659170163246236840e-02 1.459842634837385958e+03
5.724766239702173964e-02 1.448809896633705648e+03
5.791122647641750582e-02 1.437928015819295979e+03
5.858248200152529894e-02 1.427155606874801833e+03
5.926151812475548286e-02 1.416452491805252976e+03
5.994842503189401484e-02 1.405779675441031713e+03
6.064329395408056544e-02 1.395099231415205622e+03
6.134621717992497919e-02 1.384373442360157696e+03
6.205728806776493467e-02 1.373565263646921721e+03
6.277660105806494306e-02 1.362638884042418113e+03
6.350425168595953684e-02 1.351559758285432281e+03
6.424033659394184914e-02 1.340294642575963280e+03
6.498495354469883967e-02 1.328811160216600911e+03
6.573820143409576933e-02 1.317073981243484468e+03
6.650018030431112392e-02 1.305047073675368210e+03
6.727099135712333311e-02 1.292696178951817046e+03
6.805073696735199074e-02 1.279988924688173029e+03
6.883952069645490890e-02 1.266894925826362851e+03
6.963744730628212976e-02 1.253388545911802794e+03
7.044462277299029518e-02 1.239453334854725426e+03
7.126115430111740201e-02 1.225075862884458502e+03
7.208715033782125969e-02 1.210244564137928137e+03
7.292272058728306583e-02 1.194949805551553709e+03
7.376797602527726538e-02 1.179186157003277003e+03
7.462302891391099646e-02 1.162962926921934468e+03
7.548799281653424675e-02 1.146295277618781711e+03
7.636298261282230271e-02 1.129199347642719658e+03
7.724811451403391926e-02 1.111692215154973837e+03
7.814350607844536278e-02 1.093795231109267661e+03
7.904927622696410194e-02 1.075547621694160853e+03
7.996554525892338172e-02 1.056993507363371236e+03
8.089243486805931804e-02 1.038175920987849167e+03
8.183006815867380213e-02 1.019136741038906052e+03
8.277856966198465782e-02 9.999232557987104428e+02
8.373806535266484219e-02 9.805946872792843578e+02
8.470868266557393667e-02 9.612089057616728951e+02
8.569055051268339995e-02 9.418205144620530973e+02
8.668379930019762258e-02 9.224825583356895322e+02
8.768856094587416938e-02 9.032585263528924315e+02
8.870496889654395922e-02 8.842139238001975627e+02
8.973315814583508743e-02 8.654092031162573448e+02
9.077326525210215047e-02 8.469004440660318096e+02
9.182542835656276603e-02 8.287502001763646149e+02
9.288978720164486891e-02 8.110254838067681931e+02
9.396648314954682280e-02 7.937874969008657899e+02
9.505565920101186062e-02 7.770916391414930331e+02
9.615746001432085022e-02 7.609878930414499791e+02
9.727203192450530056e-02 7.455204272995723613e+02
9.839952296278213495e-02 7.307283160795183221e+02
9.954008287621508855e-02 7.166468557596007258e+02
1.006938631476026330e-01 7.033081036949827194e+02
1.018610170155973965e-01 6.907368658846385188e+02
1.030416994950586612e-01 6.789282676783454917e+02
1.042360673976400476e-01 6.678673176359973240e+02
1.054442793526167294e-01 6.575402252552956952e+02
1.066664958279537889e-01 6.479339290022492150e+02
1.079028791516182112e-01 6.390146732629604003e+02
1.091535935331389984e-01 6.307221680802513220e+02
1.104188050854159470e-01 6.229978776750148199e+02
1.116986818467821246e-01 6.157866712812995047e+02
1.129933938033220592e-01 6.090280589275057537e+02
1.143031129114477906e-01 6.026428486248087211e+02
1.156280131207374218e-01 5.965519315705749932e+02
1.169682703970383736e-01 5.906795050205378175e+02
1.183240627458377325e-01 5.849495096314242346e+02
1.196955702359041446e-01 5.792790983169759329e+02
1.210829750232038649e-01 5.735867867652134464e+02
1.224864613750929060e-01 5.677942985228161206e+02
1.239062156947914467e-01 5.618270756141612310e+02
1.253424265461398623e-01 5.556148911285760050e+02
1.267952846786432330e-01 5.490913132043873475e+02
1.282649830528058976e-01 5.421946433612969258e+02
1.297517168657586206e-01 5.348816290084211005e+02
1.312556835771841179e-01 5.271259981953369333e+02
1.327770829355428006e-01 5.189056249623344002e+02
1.343161170046014707e-01 5.102096884846781677e+02
1.358729901902707704e-01 5.010622782224269258e+02
1.374479092677535763e-01 4.914971398975812917e+02
1.390410834090068104e-01 4.815499067427803652e+02
1.406527242105235220e-01 4.712780722804107540e+02
1.422830457214351030e-01 4.607551105503691247e+02
1.439322644719404909e-01 4.500513894097331900e+02
1.456005995020647481e-01 4.392438323791014909e+02
1.472882723907500968e-01 4.284224921250631155e+02
1.489955072852852114e-01 4.176718736653192536e+02
1.507225309310754602e-01 4.070754278109574216e+02
1.524695727017571223e-01 3.967263672115260533e+02
1.542368646296626011e-01 3.867114105274973781e+02
1.560246414366366907e-01 3.771088123439840842e+02
1.578331405652114716e-01 3.679906651874863428e+02
1.596626022101423625e-01 3.594218871529300827e+02
1.615132693503088801e-01 3.514506353148040603e+02
1.633853877809858524e-01 3.440926047082896844e+02
1.652792061464892492e-01 3.373573852029934415e+02
1.671949759731987672e-01 3.312329170411418318e+02
1.691329517029645513e-01 3.256701170179534301e+02
1.710933907269012455e-01 3.206191135921466753e+02
1.730765534195721767e-01 3.160134007094239337e+02
1.750827031735721628e-01 3.117712385853959063e+02
1.771121064345085594e-01 3.078134435307259196e+02
1.791650327363897566e-01 3.040549915040207338e+02
1.812417547374234328e-01 3.004110057574874872e+02
1.833425482562288100e-01 2.967982015179358086e+02
1.854676923084695728e-01 2.931324789417727743e+02
1.876174691439118081e-01 2.893338919346888360e+02
1.897921642839097145e-01 2.853317041243477092e+02
1.919920665593281006e-01 2.810625622743754661e+02
1.942174681489023391e-01 2.764814121631283683e+02
1.964686646180442142e-01 2.715716995456380687e+02
1.987459549580979923e-01 2.663294746217250690e+02
2.010496416260496022e-01 2.607898530307299438e+02
2.033800305846977796e-01 2.550013036442068994e+02
2.057374313432909774e-01 2.490315571837080313e+02
2.081221569986336506e-01 2.429612082837323328e+02
2.105345242766701597e-01 2.368715549767559594e+02
2.129748535745517590e-01 2.308469049918834060e+02
2.154434690031879762e-01 2.249650957665618023e+02
2.179406984302951489e-01 2.192979462136943027e+02
2.204668735239406208e-01 2.139081088456353825e+02
2.230223297965933937e-01 2.088430836952020115e+02
2.256074066496857322e-01 2.041396011505734407e+02
2.282224474186894947e-01 1.998100558927878581e+02
2.308677994187165183e-01 1.958546426100258770e+02
2.335438139906475252e-01 1.922483624281142340e+02
2.362508465477944353e-01 1.889548855289450557e+02
2.389892566231045512e-01 1.859189531213875455e+02
2.417594079169126942e-01 1.830778536984092852e+02
2.445616683452441209e-01 1.803584013085302331e+02
2.473964100886809347e-01 1.776860706000092023e+02
2.502640096417915183e-01 1.749880743249037778e+02
2.531648478631349786e-01 1.722001025868034390e+02
2.560993100258455168e-01 1.692760589938797864e+02
2.590677858688005264e-01 1.661883275682548344e+02
2.620706696483847131e-01 1.629347438150205107e+02
2.651083601908534870e-01 1.595319352426886326e+02
2.681812609453009255e-01 1.560131810498169500e+02
2.712897800372461865e-01 1.524224212360463753e+02
2.744343303228360953e-01 1.488090247555612677e+02
2.776153294436795038e-01 1.452270898792100411e+02
2.808331998823167530e-01 1.417302306330854265e+02
2.840883690183299559e-01 1.383700776569141055e+02
2.873812691851060364e-01 1.351876671589009504e+02
2.907123377272573528e-01 1.322111868066917282e+02
2.940820170587059579e-01 1.294478560256208652e+02
2.974907547214434844e-01 1.268876864193557594e+02
3.009390034449713203e-01 1.245051443930152857e+02
3.044272212064296212e-01 1.222641821269124023e+02
3.079558712914221008e-01 1.201236838544832324e+02
3.115254223555483648e-01 1.180397283817402325e+02
3.151363484866475662e-01 1.159690811822219274e+02
3.187891292677637600e-01 1.138739397478372979e+02
3.224842498408434510e-01 1.117263413591956294e+02
3.262222009711663318e-01 1.095143545294021408e+02
3.300034791125279754e-01 1.072416993371652154e+02
3.338285864731757036e-01 1.049259672679399529e+02
3.376980310825088427e-01 1.025941806988387697e+02
3.416123268585519734e-01 1.002775229910907768e+02
3.455719936762132183e-01 9.800793708331457310e+01
3.495775574363269023e-01 9.581487128855093260e+01
3.536295501355037896e-01 9.372061276644713246e+01
3.577285099367869536e-01 9.173637228308193414e+01
3.618749812411271027e-01 8.986121807669185557e+01
3.660695147596894072e-01 8.808347626585924672e+01
3.703126675869919948e-01 8.638473125661798235e+01
3.746050032748987069e-01 8.474357914777370127e+01
3.789470919074662825e-01 8.313730175669438438e+01
3.833395101766597923e-01 8.154370394504204000e+01
3.877828414589447603e-01 7.994452451785807057e+01
3.922776758927711827e-01 7.833042143196773566e+01
3.968246104569475019e-01 7.670399936976392041e+01
4.014242490499316252e-01 7.507728042726701290e+01
4.060772025700360999e-01 7.346596086819647553e+01
4.107840889965636011e-01 7.188458603070854736e+01
4.155455334718866078e-01 7.034533672015119521e+01
4.203621683844705470e-01 6.885883288387850598e+01
4.252346334528675498e-01 6.743243339909192002e+01
4.301635758106789886e-01 6.606573258497226675e+01
4.351496500925045585e-01 6.474938009673911665e+01
4.401935185208863954e-01 6.347022017308123054e+01
4.452958509942646081e-01 6.221748714736780528e+01
4.504573251759450558e-01 6.098354945188729914e+01
4.556786265841057948e-01 5.976130875785545271e+01
4.609604486828429160e-01 5.854542829646710800e+01
4.663034929742719270e-01 5.733723130107262733e+01
4.717084690917007217e-01 5.614492539119163439e+01
4.771760948938736924e-01 5.497714092752256221e+01
4.827070965603176278e-01 5.383846230671431954e+01
4.883022086877874535e-01 5.273161468207814551e+01
4.939621743878316318e-01 5.165934419964892044e+01
4.996877453854872697e-01 5.062096350874350037e+01
5.054796821191230860e-01 4.961060693958331314e+01
5.113387538414317923e-01 4.862170004491538577e+01
5.172657387216013092e-01 4.765085256421264859e+01
5.232614239486657048e-01 4.669577110111055873e+01
5.293266058360548421e-01 4.575386980286204874e+01
5.354620899273596635e-01 4.482563480253805466e+01
5.416686911033142815e-01 4.391528478865900098e+01
5.479472336900278462e-01 4.302603137389922239e+01
5.542985515684663023e-01 4.215811761593378293e+01
5.607234882852017988e-01 4.131207986141181721e+01
5.672228971644530660e-01 4.048854574156136721e+01
5.737976414214123189e-01 3.968492091988702697e+01
5.804485942768968787e-01 3.889749035864952731e+01
5.871766390733248464e-01 3.812541989217653082e+01
5.939826693920350342e-01 3.736850447512709650e+01
6.008675891719672535e-01 3.662508879095874903e+01
6.078323128297217215e-01 3.589580104437063568e+01
6.148777653810012511e-01 3.518317213889332606e+01
6.220048825634703071e-01 3.448688941297678667e+01
6.292146109610337046e-01 3.380658030861509644e+01
6.365079081295554886e-01 3.314183320351234840e+01
6.438857427240405329e-01 3.249176791869327730e+01
6.513490946272790794e-01 3.185555275253912555e+01
6.588989550799940753e-01 3.123242836293293934e+01
6.665363268124905316e-01 3.062205560266052728e+01
6.742622241778335468e-01 3.002439070614282812e+01
6.820776732865669878e-01 2.943938527872633770e+01
6.899837121430004716e-01 2.886697835910377918e+01
6.979813907830648700e-01 2.830702084007123176e+01
7.060717714137764167e-01 2.775923150951599894e+01
7.142559285543118586e-01 2.722332348589585393e+01
7.225349491787196321e-01 2.669901711406792444e+01
7.309099328602896017e-01 2.618603977277020789e+01
7.393819919175852462e-01 2.568412568748950875e+01
7.479522515621810363e-01 2.519301574855662551e+01
7.566218500481046716e-01 2.471245733431792857e+01
7.653919388230141507e-01 2.424220413923445960e+01
7.742636826811252204e-01 2.378201600676554150e+01
7.832382599179181781e-01 2.333165876689710672e+01
7.923168624866241405e-01 2.289090407818046558e+01
8.015006961565395160e-01 2.245952927415128286e+01
8.107909806731679048e-01 2.203731721439480751e+01
8.201889499202184020e-01 2.162405766656466710e+01
8.296958520834889494e-01 2.121955042421712534e+01
8.393129498166350677e-01 2.082360089008740189e+01
8.490415204088734846e-01 2.043601891326887454e+01
8.588828559546241026e-01 2.005661868716144269e+01
8.688382635251177266e-01 1.968521864972569091e+01
8.789090653419935339e-01 1.932164138599486947e+01
8.890965989529141522e-01 1.896571353279579242e+01
8.994022174092030086e-01 1.861726568563004847e+01
9.098272894455547988e-01 1.827613230766827712e+01
9.203731996618214062e-01 1.794215164081150604e+01
9.310413487069052474e-01 1.761516561877558118e+01
9.418331534647932379e-01 1.729501978215191826e+01
9.527500472427273825e-01 1.698156319540346004e+01
9.637934799615772707e-01 1.667464836575235765e+01
9.749649183484077053e-01 1.637413116391722312e+01
9.862658461312796554e-01 1.607987074666072402e+01
9.976977642363179521e-01 1.579172948110575092e+01
1.009262190987045615e+00 1.550957287078269609e+01
1.020960662306044986e+00 1.523326884205987142e+01
1.032794731918950104e+00 1.496268347193858794e+01
1.044765971560803308e+00 1.469768390631993071e+01
1.056875971184801477e+00 1.443814066370858917e+01
1.069126339173473994e+00 1.418392755538600269e+01
1.081518702552286326e+00 1.393492159488576654e+01
1.094054707205741162e+00 1.369100291013207027e+01
1.106736018095972218e+00 1.345205465815651635e+01
1.119564319483875581e+00 1.321796294231439006e+01
1.132541315152809203e+00 1.298861673192216060e+01
1.145668728634869460e+00 1.276390778424063477e+01
1.158948303439808925e+00 1.254373056873176751e+01
1.172381803286597357e+00 1.232798219351797187e+01
1.185971012337668551e+00 1.211656233397707538e+01
1.199717735435881671e+00 1.190937316340534302e+01
1.213623798344238169e+00 1.170631928568652924e+01
1.227691047988357376e+00 1.150730766990516329e+01
1.241921352701781833e+00 1.131224758684257381e+01
1.256316602474119026e+00 1.112105054730111853e+01
1.270878709202055257e+00 1.093363017007924576e+01
1.285609606943292516e+00 1.074990058654209157e+01
1.300511252173406351e+00 1.056977652813237789e+01
1.315585624045702007e+00 1.039317488274646628e+01
1.330834724654073264e+00 1.022001470219479557e+01
1.346260579298908633e+00 1.005021714020643664e+01
1.361865236756078401e+00 9.883705392364735332e+00
1.377650769549050969e+00 9.720404637907753553e+00
1.393619274224140003e+00 9.560241983332737448e+00
1.409772871628964586e+00 9.403146407744037205e+00
1.426113707194127000e+00 9.249048709885428821e+00
1.442643951218154141e+00 9.097881456803019518e+00
1.459365799155753374e+00 8.949578934082731863e+00
1.476281471909387077e+00 8.804077097611733294e+00
1.493393216124249800e+00 8.661313526813239960e+00
1.510703304486652465e+00 8.521227379305635452e+00
1.528214036025868250e+00 8.383759346940253820e+00
1.545927736419473675e+00 8.248851613172053732e+00
1.563846758302243289e+00 8.116447811719428529e+00
1.581973481578597518e+00 7.986492982725277301e+00
1.600310313738698254e+00 7.858932920448469694e+00
1.618859690178196420e+00 7.733713508599143083e+00
1.637624074521683681e+00 7.610781886773319016e+00
1.656605958949910251e+00 7.490086580171379183e+00
1.675807864530764357e+00 7.371577459493804163e+00
1.695232341554117506e+00 7.255205702110536947e+00
1.714881969870537537e+00 7.140923754460925643e+00
1.734759359233926546e+00 7.028685295640806352e+00
1.754867149648146718e+00 6.918445202136875416e+00
1.775208011717630985e+00 6.810159513668609499e+00
1.795784647002092393e+00 6.703785400100123582e+00
1.816599788375324875e+00 6.599281129385583533e+00
1.837656200388168903e+00 6.496606036512707405e+00
1.858956679635682452e+00 6.395720493410872898e+00
1.880504055128578100e+00 6.296585879791426699e+00
1.902301188668940934e+00 6.199164554887946821e+00
1.924350975230327832e+00 6.103419830067186247e+00
1.946656343342259454e+00 6.009315942280687217e+00
1.969220255479166903e+00 5.916818028329430490e+00
1.992045708453865194e+00 5.825891990950827548e+00
2.015135733815553110e+00 5.736504071354801226e+00
2.038493398252459343e+00 5.648621221935306025e+00
2.062121803999140468e+00 5.562211245603716492e+00
2.086024089248501578e+00 5.477242771833511270e+00
2.110203428568589779e+00 5.393685233416234404e+00
2.134663033324239123e+00 5.311508843936591617e+00
2.159406152103561904e+00 5.230684575943081782e+00
2.184436071149423508e+00 5.151184139789638294e+00
2.209756114795899062e+00 5.072979963126130087e+00
2.235369645909789149e+00 4.996045171015568442e+00
2.261280066337272743e+00 4.920353566657039934e+00
2.287490817355697814e+00 4.845879612693847704e+00
2.314005380130648604e+00 4.772598413087324687e+00
2.340827276178290006e+00 4.700485695537335751e+00
2.367960067833074778e+00 4.629517794431172284e+00
2.395407358720871738e+00 4.559671634303518850e+00
2.423172794237594019e+00 4.490924713790047207e+00
2.451260062033334020e+00 4.423255090058800576e+00
2.479672892502154724e+00 4.356641355157646167e+00
2.508415059277536496e+00 4.291062527993616982e+00
2.537490379733563284e+00 4.226498081380008820e+00
2.566902715491944598e+00 4.162927998099305249e+00
2.596655972934865719e+00 4.100332758373278708e+00
2.626754103723832223e+00 4.038693326458091093e+00
2.657201105324501267e+00 3.977991137632047369e+00
2.688001021537603119e+00 3.918208085563748000e+00
2.719157943036010661e+00 3.859326510048053827e+00
2.750676007908059884e+00 3.801329185097469310e+00
2.782559402207119170e+00 3.744199307377756636e+00
2.814812360507575661e+00 3.687920484976207280e+00
2.847439166467243155e+00 3.632476726492066099e+00
2.880444153396288787e+00 3.577852430438473341e+00
2.913831704832780201e+00 3.524032374945763824e+00
2.947606255124850971e+00 3.471001707756824040e+00
2.981772290019666816e+00 3.418745936504486327e+00
3.016334347259191695e+00 3.367250919262451347e+00
3.051297017182866167e+00 3.316502855360756286e+00
3.086664943337265488e+00 3.266488277523575512e+00
3.122442823092849373e+00 3.217194090706017029e+00
3.158635408267811417e+00 3.168607579172157074e+00
3.195247505759207129e+00 3.120716332168309126e+00
3.232283978181375250e+00 3.073508230956433884e+00
3.269749744511758038e+00 3.026971441299375787e+00
3.307649780744232881e+00 2.981094406149063403e+00
3.345989120549966334e+00 2.935865838530737904e+00
3.384772855945975767e+00 2.891274714617574126e+00
3.424006137971419506e+00 2.847310266989714123e+00
3.463694177371722915e+00 2.803961978072060379e+00
3.503842245290665680e+00 2.761219573745439693e+00
3.544455673970426268e+00 2.719073017125797076e+00
3.585539857459808299e+00 2.677512502506411707e+00
3.627100252330640817e+00 2.636528449458119816e+00
3.669142378402487914e+00 2.596111497082922437e+00
3.711671819475755196e+00 2.556252498416213381e+00
3.754694224073326314e+00 2.516942514973347755e+00
3.798215306190726892e+00 2.478172811436152312e+00
3.842240846055053005e+00 2.439934850504532182e+00
3.886776690892660646e+00 2.402220340679212640e+00
3.931828755705757406e+00 2.365021334998381519e+00
3.977403024058025149e+00 2.328330086743346961e+00
4.023505548869283466e+00 2.292139013248796875e+00
4.070142453219429690e+00 2.256440691843065505e+00
4.117319931161670610e+00 2.221227855887419889e+00
4.165044248545179073e+00 2.186493390911361079e+00
4.213321743847276757e+00 2.152230330841775174e+00
4.262158829015312733e+00 2.118431854322826435e+00
4.311561990318218740e+00 2.085091281124737073e+00
4.361537789207996951e+00 2.052202068638554699e+00
4.412092863191181991e+00 2.019757808454926806e+00
4.463233926710382882e+00 1.987752223024615628e+00
4.514967772036088789e+00 1.956179162398479443e+00
4.567301270168734995e+00 1.925032601044924574e+00
4.620241371751302673e+00 1.894306634742857431e+00
4.673795107992455122e+00 1.863995477548004542e+00
4.727969591600383659e+00 1.834093458830961865e+00
4.782772017727470626e+00 1.804595020384876181e+00
4.838209664925944509e+00 1.775494738452583876e+00
4.894289896114520033e+00 1.746787471688515003e+00
4.951020159556341227e+00 1.718468246641226438e+00
5.008407989848203457e+00 1.690532174109696140e+00
5.066461008921252507e+00 1.662974446822580665e+00
5.125186927053318797e+00 1.635790337513253867e+00
5.184593543892900058e+00 1.608975197038598592e+00
5.244688749495107771e+00 1.582524452540414961e+00
5.305480525369564937e+00 1.556433605648609886e+00
5.366976945540468336e+00 1.530698230725231923e+00
5.429186177618927189e+00 1.505313973148511897e+00
5.492116483887774514e+00 1.480276547636000029e+00
5.555776222398865372e+00 1.455581736606069265e+00
5.620173848083176438e+00 1.431225388576825797e+00
5.685317913873744189e+00 1.407203416601826351e+00
5.751217071841596251e+00 1.383511796741663025e+00
5.817880074344919272e+00 1.360146566570822557e+00
5.885315775191436671e+00 1.337103823719031137e+00
5.953533130814357754e+00 1.314379724446345987e+00
6.022541201461917737e+00 1.291970488499374570e+00
6.092349152400691636e+00 1.269872517895731523e+00
6.162966255132924509e+00 1.248082377327908610e+00
6.234401888627847832e+00 1.226596672346472072e+00
6.306665540567391481e+00 1.205412043903368646e+00
6.379766808606270878e+00 1.184525167706829585e+00
6.453715401646691774e+00 1.163932753592108682e+00
6.528521141127827221e+00 1.143631544907847575e+00
6.604193962330286993e+00 1.123618317917701503e+00
6.680743915695598112e+00 1.103889881217065883e+00
6.758181168161097041e+00 1.084443075164533532e+00
6.836516004510227340e+00 1.065274771327832104e+00
6.915758828738503894e+00 1.046381871944019215e+00
6.995920165435354221e+00 1.027761309393636413e+00
7.077010661181871498e+00 1.009410045688570623e+00
7.159041085964872764e+00 9.913250719733850413e-01
7.242022334607302270e+00 9.735034080398448086e-01
7.325965428215218900e+00 9.559421018544190796e-01
7.410881515641548845e+00 9.386382290984902621e-01
7.496781874966857551e+00 9.215888931691423869e-01
7.583677914997172920e+00 9.047912827010984316e-01
7.671581176779286970e+00 8.882427227106661771e-01
7.760503335133557279e+00 8.719405649655685986e-01
7.850456200204484425e+00 8.558821737865301982e-01
7.941451719029317680e+00 8.400649261550553470e-01
8.033501977124714699e+00 8.244862118211787605e-01
8.126619200091928619e+00 8.091434334111676785e-01
8.220815755240526101e+00 7.940340065349759113e-01
8.316104153230948981e+00 7.791553598934706226e-01
8.412497049736094468e+00 7.645049353852984009e-01
8.510007247122224783e+00 7.500801882133004694e-01
8.608647696149226647e+00 7.358785869904796995e-01
8.708431497690707346e+00 7.218976138452959379e-01
8.809371904473977111e+00 7.081347645263674773e-01
8.911482322840175385e+00 6.945875485064002541e-01
9.014776314524892697e+00 6.812534890853007008e-01
9.119267598459275703e+00 6.681301234924110766e-01
9.224970052592155412e+00 6.552150029878001103e-01
9.331897715733223464e+00 6.425056929624906044e-01
9.440064789417590418e+00 6.299997889450209554e-01
9.549485639791939207e+00 6.176949702972671652e-01
9.660174799522621925e+00 6.055889437240912221e-01
9.772146969725703514e+00 5.936794224404806641e-01
9.885417021919554514e+00 5.819641265946787767e-01
9.999999999999984013e+00 5.704407836833277345e-01
