1.000000000000000048e-04 8.787764123771982838e+01
1.011591112223829728e-04 8.886302069630046674e+01
1.023316578330244966e-04 8.985943848388650679e+01
1.035177955630176363e-04 9.086701797698134442e+01
1.047176819485520245e-04 9.188588396301493333e+01
1.059314763518370031e-04 9.291616262091477552e+01
1.071593399822671198e-04 9.395798153610878956e+01
1.084014359178330883e-04 9.501146971613870562e+01
1.096579291267809898e-04 9.607675760645304308e+01
1.109289864895222780e-04 9.715397710636484874e+01
1.122147768207980425e-04 9.824326158513170526e+01
1.135154708920999033e-04 9.934474581100606372e+01
1.148312414543511137e-04 1.004585657893534005e+02
1.161622632608502026e-04 1.015848589804416093e+02
1.175087130904807752e-04 1.027237643625093995e+02
1.188707697711903445e-04 1.038754224482987638e+02
1.202486142037412301e-04 1.050399753017784832e+02
1.216424293857368039e-04 1.062175665550313823e+02
1.230524004359261579e-04 1.074083414253333899e+02
1.244787146187906256e-04 1.086124467364391961e+02
1.259215613694151213e-04 1.098300310269115698e+02
1.273811323186478520e-04 1.110612445736465475e+02
1.288576213185518003e-04 1.123062393220382091e+02
1.303512244681509209e-04 1.135651689001414155e+02
1.318621401394748729e-04 1.148381886371318359e+02
1.333905690039058638e-04 1.161254555819584624e+02
1.349367140588306701e-04 1.174271285222088750e+02
1.365007806546013845e-04 1.187433680031671628e+02
1.380829765218092534e-04 1.200743363287123486e+02
1.396835117988739897e-04 1.214201974961748220e+02
1.413025990599533870e-04 1.227811172782719069e+02
1.429404533431761061e-04 1.241572632765653452e+02
1.445972921792019735e-04 1.255488049414106229e+02
1.462733356201130139e-04 1.269559135920857358e+02
1.479688062686396383e-04 1.283787624371392440e+02
1.496839293077255632e-04 1.298175265949537902e+02
1.514189325304352289e-04 1.312723831125626077e+02
1.531740463702080011e-04 1.327435108231931338e+02
1.549495039314631917e-04 1.342310902354715552e+02
1.567455410205595065e-04 1.357353038023732381e+02
1.585623961771137158e-04 1.372563359702780588e+02
1.604003107056820173e-04 1.387943732002602530e+02
1.622595287078087273e-04 1.403496039896023717e+02
1.641402971144466632e-04 1.419222188935246436e+02
1.660428657187529853e-04 1.435124105471494147e+02
1.679674872092653496e-04 1.451203737105954303e+02
1.699144172034626271e-04 1.467463055186482279e+02
1.718839142817145805e-04 1.483904054187768509e+02
1.738762400216250798e-04 1.500528750501065076e+02
1.758916590327733002e-04 1.517339182649683949e+02
1.779304389918577567e-04 1.534337411528171344e+02
1.799928506782476725e-04 1.551525520643857305e+02
1.820791680099462630e-04 1.568905616361049624e+02
1.841896680799711133e-04 1.586479828146932221e+02
1.863246311931559835e-04 1.604250307104878743e+02
1.884843409033795745e-04 1.622219222481500367e+02
1.906690840512252356e-04 1.640388766010182451e+02
1.928791508020778235e-04 1.658761153164933830e+02
1.951148346846616683e-04 1.677338623409908109e+02
1.973764326300255834e-04 1.696123440451605404e+02
1.996642450109793916e-04 1.715117892493459522e+02
2.019785756819878484e-04 1.734324292493078588e+02
2.043197320195270865e-04 1.753744978399228671e+02
2.066880249629082160e-04 1.773382312858596208e+02
2.090837690555750453e-04 1.793238683420913162e+02
2.115072824868795298e-04 1.813316503360749152e+02
2.139588871343421834e-04 1.833618211974286396e+02
2.164389086064020889e-04 1.854146274850766645e+02
2.189476762856621176e-04 1.874903184146672857e+02
2.214855233726359721e-04 1.895891458862636227e+02
2.240527869300018495e-04 1.917113645123110643e+02
2.266498079273692845e-04 1.938572315979689904e+02
2.292769312865648918e-04 1.960270069361638434e+02
2.319345059274427814e-04 1.982209530021063983e+02
2.346228848142263134e-04 2.004393350782809478e+02
2.373424250023866691e-04 2.026824212834089280e+02
2.400934876860652035e-04 2.049504826015505614e+02
2.428764382460451090e-04 2.072437929115047268e+02
2.456916462982790305e-04 2.095626290164781267e+02
2.485394857429798965e-04 2.119072706721159989e+02
2.514203348142797370e-04 2.142780004326492076e+02
2.543345761304648903e-04 2.166751035190687276e+02
2.572825967447932359e-04 2.190988681383426240e+02
2.602647881969005024e-04 2.215495855484218453e+02
2.632815465648020731e-04 2.240275500889545413e+02
2.663332725174980963e-04 2.265330592122716098e+02
2.694203713681882413e-04 2.290664135146762703e+02
2.725432531281028249e-04 2.316279167679953730e+02
2.757023325609583289e-04 2.342178758871776552e+02
2.788980292380439777e-04 2.368366002855245256e+02
2.821307675939471824e-04 2.394844021388752253e+02
2.854009769829237591e-04 2.421615968620597528e+02
2.887090917359235484e-04 2.448685031476242386e+02
2.920555512182745244e-04 2.476054429975383187e+02
2.954407998880380793e-04 2.503727417551667997e+02
2.988652873550383024e-04 2.531707281375256287e+02
3.023294684405777215e-04 2.559997342678181553e+02
3.058338032378432473e-04 2.588600957673230027e+02
3.093787571730137595e-04 2.617521519259972251e+02
3.129648010670751349e-04 2.646762455903201499e+02
3.165924111983521496e-04 2.676327231592873659e+02
3.202620693657651165e-04 2.706219346187039037e+02
3.239742629528196056e-04 2.736442335757726028e+02
3.277294849923383015e-04 2.766999772939743707e+02
3.315282342319423692e-04 2.797895267282436862e+02
3.353710152002930081e-04 2.829132465107435337e+02
3.392583382740992667e-04 2.860715036764832462e+02
3.431907197459043682e-04 2.892646674997232594e+02
3.471686818926560223e-04 2.924931108819541237e+02
3.511927530450728672e-04 2.957572104580503378e+02
3.552634676578139803e-04 2.990573466294819127e+02
3.593813663804626239e-04 3.023939035977531944e+02
3.635469961293318715e-04 3.057672693980733243e+02
3.677609101601031711e-04 3.091778359332557216e+02
3.720236681413067385e-04 3.126259989761866223e+02
3.763358362286533740e-04 3.161121580408781142e+02
3.806979871402285448e-04 3.196367165287884404e+02
3.851107002325569739e-04 3.232000818331557639e+02
3.895745615775502574e-04 3.268026653738173763e+02
3.940901640403448279e-04 3.304448826321187767e+02
3.986581073580439810e-04 3.341271531860618893e+02
4.032789982193706307e-04 3.378499007456699701e+02
4.079534503452450522e-04 3.416135531810393218e+02
4.126820845702952557e-04 3.454185417321689897e+02
4.174655289253135972e-04 3.492653002523827013e+02
4.223044187206673248e-04 3.531542665834859918e+02
4.271993966306778055e-04 3.570858827594032050e+02
4.321511127789762923e-04 3.610605950396347339e+02
4.371602248248503283e-04 3.650788539428795048e+02
4.422273980505898373e-04 3.691411142808222507e+02
4.473533054498464575e-04 3.732478351920662476e+02
4.525386278170167947e-04 3.773994800871152506e+02
4.577840538376617388e-04 3.815965156853458211e+02
4.630902801799738800e-04 3.858394123603177377e+02
4.684580115873046222e-04 3.901286448510224432e+02
4.738879609717652546e-04 3.944646923066633804e+02
4.793808495089108153e-04 3.988480383191185297e+02
4.849374067335234439e-04 4.032791709554969088e+02
4.905583706365046568e-04 4.077585827907832368e+02
4.962444877628915604e-04 4.122867709404912375e+02
5.019965133110080614e-04 4.168642362871327691e+02
5.078152112327671743e-04 4.214914815134344508e+02
5.137013543351340219e-04 4.261690131874306076e+02
5.196557243827659538e-04 4.308973423591899063e+02
5.256791122018420349e-04 4.356769845888613872e+02
5.317723177850967571e-04 4.405084599746821823e+02
5.379361503980699009e-04 4.453922931809704551e+02
5.441714286865889172e-04 4.503290134660765034e+02
5.504789807854969502e-04 4.553191546799091611e+02
5.568596444286410272e-04 4.603632544231510337e+02
5.633142670601353798e-04 4.654618539028248847e+02
5.698437059469137721e-04 4.706154988871652449e+02
5.764488282925875340e-04 4.758247397847828211e+02
5.831305113526219844e-04 4.810901316698153778e+02
5.898896425508494586e-04 4.864122343069920476e+02
5.967271195973311917e-04 4.917916121765363187e+02
6.036438506075865983e-04 4.972288344989875100e+02
6.106407542232038244e-04 5.027244747246736551e+02
6.177187597338490302e-04 5.082791076386881173e+02
6.248788072006889295e-04 5.138933113086575304e+02
6.321218475812450180e-04 5.195676683966541987e+02
6.394488428556939106e-04 5.253027661799096677e+02
6.468607661546322196e-04 5.310991965681281499e+02
6.543586018883232108e-04 5.369575561205737131e+02
6.619433458774390093e-04 5.428784460628080524e+02
6.696160054853217717e-04 5.488624722953203445e+02
6.773775997517746681e-04 5.549102444180441580e+02
6.852291595284059830e-04 5.610223747142534876e+02
6.931717276155402148e-04 5.671994798297783973e+02
7.012063589007179638e-04 5.734421810086428195e+02
7.093341204987991394e-04 5.797511041038931126e+02
7.175560918936924699e-04 5.861268795880013158e+02
7.258733650817247602e-04 5.925701425628029710e+02
7.342870447166760257e-04 5.990815327689625747e+02
7.427982482564913450e-04 6.056616943342003196e+02
7.514081061116963198e-04 6.123112726782760546e+02
7.601177617955326210e-04 6.190309153927687476e+02
7.689283720758308604e-04 6.258212744290439105e+02
7.778411071286484360e-04 6.326830061427872351e+02
7.868571506936848170e-04 6.396167712933361145e+02
7.959777002314981234e-04 6.466232350423033495e+02
8.052039670825472846e-04 6.537030669515447698e+02
8.145371766280737639e-04 6.608569409803640156e+02
8.239785684528515806e-04 6.680855346710229696e+02
8.335293965098190729e-04 6.753895270036202874e+02
8.431909292866253619e-04 6.827696005240392196e+02
8.529644499741018170e-04 6.902264419606417505e+02
8.628512566366892044e-04 6.977607422127542804e+02
8.728526623848374341e-04 7.053731963382606409e+02
8.829699955494085860e-04 7.130645035403156271e+02
8.932045998580961195e-04 7.208353671531785949e+02
9.035578346138924653e-04 7.286864945391166657e+02
9.140310748756226740e-04 7.366185943367601112e+02
9.246257116405735008e-04 7.446323757730540365e+02
9.353431520292382036e-04 7.527285516671499863e+02
9.461848194721997124e-04 7.609078385923419319e+02
9.571521538991858893e-04 7.691709568487159459e+02
9.682466119303117331e-04 7.775186304346871111e+02
9.794696670695391023e-04 7.859515870173863732e+02
9.908228099003791103e-04 7.944705579018616390e+02
1.002307548283864732e-03 8.030762774627011140e+02
1.013925407558814544e-03 8.117694800158313910e+02
1.025677930744421434e-03 8.205509017464986528e+02
1.037566678745185456e-03 8.294212820892983018e+02
1.049593230558226948e-03 8.383813636893291914e+02
1.061759183482999420e-03 8.474318923576188354e+02
1.074066153333433013e-03 8.565736170252235979e+02
1.086515774652537783e-03 8.658072896958652791e+02
1.099109700929496542e-03 8.751336653807949233e+02
1.111849604819270662e-03 8.845534996024711063e+02
1.124737178364751356e-03 8.940675455914753229e+02
1.137774133221490730e-03 9.036765584845990134e+02
1.150962200885031431e-03 9.133812958684781051e+02
1.164303132920876341e-03 9.231825177144330610e+02
1.177798701197118681e-03 9.330809863115956659e+02
1.191450698119775244e-03 9.430774661983271017e+02
1.205260936870841855e-03 9.531727240919698261e+02
1.219231251649110278e-03 9.633675284128195244e+02
1.233363497913775222e-03 9.736626440937459392e+02
1.247659552630868939e-03 9.840588337838690904e+02
1.262121314522546408e-03 9.945568614954948998e+02
1.276750704319265127e-03 1.005157492598721319e+03
1.291549665014883131e-03 1.015861493729733638e+03
1.306520162124720367e-03 1.026669632697137331e+03
1.321664183946604648e-03 1.037582678386278985e+03
1.336983741824946011e-03 1.048601400661394337e+03
1.352480870417874584e-03 1.059726567186593684e+03
1.368157627967470829e-03 1.070958934682188101e+03
1.384016096573131068e-03 1.082299257190739354e+03
1.400058382468096939e-03 1.093748288567042437e+03
1.416286616299197981e-03 1.105306782352003438e+03
1.432702953409829925e-03 1.116975491644068143e+03
1.449309574126215940e-03 1.128755168968291628e+03
1.466108684046983808e-03 1.140646566142964957e+03
1.483102514336103470e-03 1.152650433955069957e+03
1.500293322019217047e-03 1.164767515624020234e+03
1.517683390283404692e-03 1.176998544784881460e+03
1.535275028780421847e-03 1.189344252665448494e+03
1.553070573933459063e-03 1.201805368412545249e+03
1.571072389247449340e-03 1.214382618928353168e+03
1.589282865622977398e-03 1.227076728703905474e+03
1.607704421673822760e-03 1.239888419649955949e+03
1.626339504048191073e-03 1.252818410925068065e+03
1.645190587753661863e-03 1.265867416016147672e+03
1.664260176485902803e-03 1.279036125817355014e+03
1.683550802961201673e-03 1.292325218667507897e+03
1.703065029252843121e-03 1.305735368117006601e+03
1.722805447131393322e-03 1.319267242743100496e+03
1.742774678408918554e-03 1.332921505931886486e+03
1.762975375287204483e-03 1.346698815657244040e+03
1.783410220710006724e-03 1.360599824256574720e+03
1.804081928719382128e-03 1.374625178165616489e+03
1.824993244816151307e-03 1.388775510938398611e+03
1.846146946324546618e-03 1.403051434834809470e+03
1.867545842761074654e-03 1.417453552745155321e+03
1.889192776207665675e-03 1.431982459767667933e+03
1.911090621689137074e-03 1.446638742944207252e+03
1.933242287555043959e-03 1.461422980992650992e+03
1.955650715865948734e-03 1.476335744036139204e+03
1.978318882784163655e-03 1.491377593328899593e+03
2.001249798969035980e-03 1.506549079905311601e+03
2.024446509976802599e-03 1.521850729816676221e+03
2.047912096665084614e-03 1.537283047026660142e+03
2.071649675602067840e-03 1.552846524055738200e+03
2.095662399480431679e-03 1.568541641939094461e+03
2.119953457536069303e-03 1.584368869908581019e+03
2.144526075971666789e-03 1.600328665071471960e+03
2.169383518385183292e-03 1.616421472085970208e+03
2.194529086203312468e-03 1.632647722833509533e+03
2.219966119119953351e-03 1.649007831424654569e+03
2.245697995539773072e-03 1.665502179971103033e+03
2.271728133026903931e-03 1.682131131358963330e+03
2.298059988758849835e-03 1.698895033232820879e+03
2.324697059985647227e-03 1.715794217630376579e+03
2.351642884494347698e-03 1.732829000614130109e+03
2.378901041078892130e-03 1.749999681900044379e+03
2.406475150015422761e-03 1.767306544483400785e+03
2.434368873543109931e-03 1.784749853875068993e+03
2.462585916350545565e-03 1.802329843375321843e+03
2.491130026067787072e-03 1.820046708792064919e+03
2.520004993764090716e-03 1.837900625077993027e+03
2.549214654451422042e-03 1.855891747126065184e+03
2.578762887593799742e-03 1.874020209352921711e+03
2.608653617622546696e-03 1.892286125279893895e+03
2.638890814457508453e-03 1.910689587111832907e+03
2.669478494034319832e-03 1.929230665313780491e+03
2.700420718837771242e-03 1.947909405521091003e+03
2.731721598441374903e-03 1.966725810933490493e+03
2.763385290053167829e-03 1.985679851986744325e+03
2.795415999067855668e-03 2.004771474400644138e+03
2.827817979625339880e-03 2.024000598764555662e+03
2.860595535175740160e-03 2.043367120082027895e+03
2.893753019050949830e-03 2.062870907314279066e+03
2.927294835042814833e-03 2.082511802922489096e+03
2.961225437988033050e-03 2.102289622294634228e+03
2.995549334359811234e-03 2.122204128575683626e+03
3.030271082866395349e-03 2.142255000058565201e+03
3.065395295056525492e-03 2.162441875954700663e+03
3.100926635931925118e-03 2.182764363267151111e+03
3.136869824566874444e-03 2.203222036274280526e+03
3.173229634734975584e-03 2.223814436013991326e+03
3.210010895543170123e-03 2.244541069768619309e+03
3.247218492073126669e-03 2.265401410550915443e+03
3.284857366030041314e-03 2.286394900724018498e+03
3.322932516398970689e-03 2.307521010896222379e+03
3.361449000108763119e-03 2.328779228116670765e+03
3.400411932703704086e-03 2.350169008802636654e+03
3.439826489022923713e-03 2.371689777027115269e+03
3.479697903887689868e-03 2.393340924082132915e+03
3.520031472796677097e-03 2.415121808044289537e+03
3.560832552629275994e-03 2.437031753342457705e+03
3.602106562357069216e-03 2.459070050327978151e+03
3.643858983763542669e-03 2.481235828835108805e+03
3.686095362172155891e-03 2.503527659885824960e+03
3.728821307182831907e-03 2.525943922181778362e+03
3.772042493416996253e-03 2.548482930368843881e+03
3.815764661271247096e-03 2.571142934245965989e+03
3.859993617679764906e-03 2.593922117986589001e+03
3.904735236885557934e-03 2.616818599373555571e+03
3.949995461220641955e-03 2.639830429048387487e+03
3.995780301895267457e-03 2.662955616836103218e+03
4.042095839796303568e-03 2.686193232011390592e+03
4.088948226294858955e-03 2.709543831243709519e+03
4.136343684063272831e-03 2.733008100713017484e+03
4.184288507901578850e-03 2.756586753833044895e+03
4.232789065573546415e-03 2.780280531710508058e+03
4.281851798652410411e-03 2.804090203607245712e+03
4.331483223376396928e-03 2.828016567405251863e+03
4.381689931514188077e-03 2.852060450074817709e+03
4.432478591240393562e-03 2.876221777206948445e+03
4.483855948021185124e-03 2.900493234291317549e+03
4.535828825510184945e-03 2.924863868000281855e+03
4.588404126454754574e-03 2.949322345196199421e+03
4.641588833612774606e-03 2.973856967981456364e+03
4.695390010680057340e-03 2.998455670854058553e+03
4.749814803228498243e-03 3.023106018340088212e+03
4.804870439655126689e-03 3.047795203126582237e+03
4.860564232142133151e-03 3.072510069731669319e+03
4.916903577628024651e-03 3.097243727365429095e+03
4.973895958790060245e-03 3.122004749393184284e+03
5.031548945038048955e-03 3.146804288434252157e+03
5.089870193519678392e-03 3.171653904344273087e+03
5.148867450137491197e-03 3.196565566360992307e+03
5.208548550577657595e-03 3.221551655684557318e+03
5.268921421350668960e-03 3.246624968522731251e+03
5.329994080844086858e-03 3.271798719630043706e+03
5.391774640387498457e-03 3.297085708855983739e+03
5.454271305329828380e-03 3.322485490862479764e+03
5.517492376129119747e-03 3.347986470628347888e+03
5.581446249454959617e-03 3.373576376510030968e+03
5.646141419303662458e-03 3.399242569838998406e+03
5.711586478126426739e-03 3.424972042101087936e+03
5.777790117970500218e-03 3.450751412602177879e+03
5.844761131633627142e-03 3.476566926643623447e+03
5.912508413831872763e-03 3.502404454231347700e+03
5.981040962380937930e-03 3.528251516485022421e+03
6.050367879391214433e-03 3.554104053044827197e+03
6.120498372476694711e-03 3.579960293511648160e+03
6.191441755977841743e-03 3.605818473457852633e+03
6.263207452198682815e-03 3.631676834817385043e+03
6.335804992658246836e-03 3.657533626296702550e+03
6.409244019356445839e-03 3.683387103782610211e+03
6.483534286054717238e-03 3.709235530746841050e+03
6.558685659571428586e-03 3.735077144114619387e+03
6.634708121092339726e-03 3.760908608665947668e+03
6.711611767496278476e-03 3.786724344146238309e+03
6.789406812696106158e-03 3.812518510845024139e+03
6.868103588995296514e-03 3.838285169911087451e+03
6.947712548460231209e-03 3.864018284048478108e+03
7.028244264308346374e-03 3.889711718292068326e+03
7.109709432312428558e-03 3.915359240863766900e+03
7.192118872221184116e-03 3.940954524110751208e+03
7.275483529196219955e-03 3.966491201386099419e+03
7.359814475265760887e-03 3.991963269511365070e+03
7.445122910795134823e-03 4.017364868378060692e+03
7.531420165974363201e-03 4.042690066623783878e+03
7.618717702322989373e-03 4.067932861395465352e+03
7.707027114212296713e-03 4.093087179621719770e+03
7.796360130405225256e-03 4.118146879351520511e+03
7.886728615614147300e-03 4.143105751160293948e+03
7.978144572076614760e-03 4.167957519117570882e+03
8.070620141149495441e-03 4.192695674793275430e+03
8.164167604921463567e-03 4.217313230656735868e+03
8.258799387844257406e-03 4.241803062483636495e+03
8.354528058382861000e-03 4.266157971909169646e+03
8.451366330684714073e-03 4.290370688474073177e+03
8.549327066268371661e-03 4.314433871762245872e+03
8.648423275731715806e-03 4.338340113630139967e+03
8.748668120479906676e-03 4.362081940528920313e+03
8.850074914473426979e-03 4.385651803603653207e+03
8.952657125996391421e-03 4.409041879933273776e+03
9.056428379445279064e-03 4.432244103153624565e+03
9.161402457138508384e-03 4.455250337623169798e+03
9.267593301146874116e-03 4.478052386973709872e+03
9.375015015145274355e-03 4.500641997200664264e+03
9.483681866285915280e-03 4.523010859861458812e+03
9.593608287093137454e-03 4.545150615382161959e+03
9.704808877380292215e-03 4.567052856472164422e+03
9.817298406188829443e-03 4.588709038153407164e+03
9.931091813749784100e-03 4.610110152304468102e+03
1.004620421346811773e-02 4.631247026215677579e+03
1.016265089392994099e-02 4.652110442949604476e+03
1.028044732093308204e-02 4.672691145691268503e+03
1.039960913954119000e-02 4.692979842221984654e+03
1.052015217616157974e-02 4.712967209520675169e+03
1.064209244064722934e-02 4.732643898491471191e+03
1.076544612842314681e-02 4.752000533916064342e+03
1.089022962263729542e-02 4.771027477261267450e+03
1.101645949633655273e-02 4.789714716088414207e+03
1.114415251466786827e-02 4.808052194602954842e+03
1.127332563710485222e-02 4.826029847204264115e+03
1.140399601970031561e-02 4.843637604447227204e+03
1.153618101736477233e-02 4.860865399143007380e+03
1.166989818617145645e-02 4.877703172596152399e+03
1.180516528568804208e-02 4.894140880974859101e+03
1.194200028133531391e-02 4.910168438557906484e+03
1.208042134677327073e-02 4.925775245566782360e+03
1.222044686631487166e-02 4.940950454631544744e+03
1.236209543736768203e-02 4.955683247692584700e+03
1.250538587290389754e-02 4.969962845922756060e+03
1.265033720395902610e-02 4.983778517678557364e+03
1.279696868215939552e-02 4.997119586593213171e+03
1.294529978227914289e-02 5.009975439805481074e+03
1.309535020482666470e-02 5.022335535844385049e+03
1.324713987866115404e-02 5.034189211879122013e+03
1.340068896363949026e-02 5.045525376932337167e+03
1.355601785329367710e-02 5.056332950586502193e+03
1.371314717753943473e-02 5.066600952985611002e+03
1.387209780541619544e-02 5.076318514633630002e+03
1.403289084785870784e-02 5.085474886313392744e+03
1.419554766050099524e-02 5.094059449117097756e+03
1.436008984651259215e-02 5.102061724578545181e+03
1.452653925946778904e-02 5.109471360186421407e+03
1.469491800624815429e-02 5.116277709230979781e+03
1.486524844997855720e-02 5.122469894113800365e+03
1.503755321299736145e-02 5.128037201968601948e+03
1.521185517986103040e-02 5.132969109794586984e+03
1.538817750038344936e-02 5.137255296131443174e+03
1.556654359271059974e-02 5.140885652792007022e+03
1.574697714643085236e-02 5.143850296639530825e+03
1.592950212572120244e-02 5.146139581393968911e+03
1.611414277253018015e-02 5.147744026034529270e+03
1.630092360979739502e-02 5.148654018431836448e+03
1.648986944471062324e-02 5.148860103987859475e+03
1.668100537200057146e-02 5.148353112861736918e+03
1.687435677727374198e-02 5.147124172543418354e+03
1.706994934038405520e-02 5.145164720365054563e+03
1.726780903884354151e-02 5.142466515947156040e+03
1.746796215127244256e-02 5.139021653560029335e+03
1.767043526088944369e-02 5.134822573199627186e+03
1.787525525904233581e-02 5.129862008110567331e+03
1.808244934877948837e-02 5.124132963791714246e+03
1.829204504846291754e-02 5.117628821312962828e+03
1.850407019542300510e-02 5.110343357453750286e+03
1.871855294965576663e-02 5.102270756412139235e+03
1.893552179756293266e-02 5.093405621292034994e+03
1.915500555573526609e-02 5.083742985346811111e+03
1.937703337477986176e-02 5.073278322957384262e+03
1.960163474319183419e-02 5.062007612510322360e+03
1.982883949127068474e-02 5.049927761605037631e+03
2.005867779508231641e-02 5.037036391057740730e+03
2.029118018046676200e-02 5.023331596984593489e+03
2.052637752709248961e-02 5.008811956637870026e+03
2.076430107255772262e-02 4.993476536088155626e+03
2.100498241653913495e-02 4.977324897489213072e+03
2.124845352498879944e-02 4.960357105907271944e+03
2.149474673437978475e-02 4.942573736658619964e+03
2.174389475600078253e-02 4.923976418148002267e+03
2.199593068030071888e-02 4.904568718236039786e+03
2.225088798128367282e-02 4.884354931503772605e+03
2.250880052095458397e-02 4.863339842271328052e+03
2.276970255381677299e-02 4.841528724881663038e+03
2.303362873142129202e-02 4.818927343478173498e+03
2.330061410696921201e-02 4.795541951270242862e+03
2.357069413996725274e-02 4.771379289280634111e+03
2.384390470093718586e-02 4.746446696732568853e+03
2.412028207618003781e-02 4.720754187411083876e+03
2.439986297259547771e-02 4.694314197348055131e+03
2.468268452255688306e-02 4.667139611418422646e+03
2.496878428884323833e-02 4.639243678264823757e+03
2.525820026962782502e-02 4.610639999367605014e+03
2.555097090352503181e-02 4.581342517809818673e+03
2.584713507469561106e-02 4.551365506750881650e+03
2.614673211801089858e-02 4.520723557621616237e+03
2.644980182427715890e-02 4.489432511301707564e+03
2.675638444552042375e-02 4.457513079881367958e+03
2.706652070033239293e-02 4.424987496436528090e+03
2.738025177927854228e-02 4.391878051089725886e+03
2.769761935036888292e-02 4.358207068965642975e+03
2.801866556459190957e-02 4.323996888939323981e+03
2.834343306151305975e-02 4.289269842819240694e+03
2.867196497493766996e-02 4.254048234985913041e+03
2.900430493863987227e-02 4.218354384053031936e+03
2.934049709215783702e-02 4.182214335662517442e+03
2.968058608665600367e-02 4.145659825064259167e+03
3.002461709085545161e-02 4.108722647246221641e+03
3.037263579703308389e-02 4.071434099061966208e+03
3.072468842709001266e-02 4.033824954357640763e+03
3.108082173869059980e-02 3.995925440920016172e+03
3.144108303147261779e-02 3.957765219221243115e+03
3.180552015332915178e-02 3.919373362933600220e+03
3.217418150676367578e-02 3.880779008568078098e+03
3.254711605531845214e-02 3.842016895994743663e+03
3.292437333007763867e-02 3.803124258521128468e+03
3.330600343624585263e-02 3.764137295088541578e+03
3.369205705980264642e-02 3.725091120995614801e+03
3.408258547423447665e-02 3.686019758369005558e+03
3.447764054734461098e-02 3.646956129625986250e+03
3.487727474814172890e-02 3.607932053796651417e+03
3.528154115380878475e-02 3.568978250388431206e+03
3.569049345675226470e-02 3.530128006331216511e+03
3.610418597173332272e-02 3.491423459389040090e+03
3.652267364308171838e-02 3.452906776322033693e+03
3.694601205199299354e-02 3.414618366134353892e+03
3.737425742391059513e-02 3.376596902839582981e+03
3.780746663599345719e-02 3.338879352759246558e+03
3.824569722466996530e-02 3.301501006015926123e+03
3.868900739327971183e-02 3.264495511891384467e+03
3.913745601980380545e-02 3.227894640150198484e+03
3.959110266468453265e-02 3.191722833049173005e+03
4.005000757873606460e-02 3.155997851556400292e+03
4.051423171114643812e-02 3.120736280849885588e+03
4.098383671757255958e-02 3.085953784811657897e+03
4.145888496832907111e-02 3.051665138094156646e+03
4.193943955667183560e-02 3.017884258799678264e+03
4.242556430717771970e-02 2.984624241677775444e+03
4.291732378422153521e-02 2.951897391752604108e+03
4.341478330055086043e-02 2.919719270980928741e+03
4.391800892596080946e-02 2.888124991302536728e+03
4.442706749606879085e-02 2.857154427375759042e+03
4.494202662119135827e-02 2.826845536769617411e+03
4.546295469532394412e-02 2.797234462459140559e+03
4.598992090522435044e-02 2.768355642882582742e+03
4.652299523960182898e-02 2.740241926002390755e+03
4.706224849841277036e-02 2.712924686984647451e+03
4.760775230226364785e-02 2.686430465130034008e+03
4.815957910192344982e-02 2.660741391439655217e+03
4.871780218794626721e-02 2.635810969555545398e+03
4.928249570040506289e-02 2.611593837103801889e+03
4.985373463873887800e-02 2.588046247865138412e+03
5.043159487171355176e-02 2.565125980633553354e+03
5.101615314749827212e-02 2.542792254903495177e+03
5.160748710385902605e-02 2.521005655665929226e+03
5.220567527846971256e-02 2.499732027364998885e+03
5.281079711934324322e-02 2.478950151680880026e+03
5.342293299538347640e-02 2.458641662063891999e+03
5.404216420705911655e-02 2.438788742861165247e+03
5.466857299720174340e-02 2.419374106019083229e+03
5.530224256192894927e-02 2.400380968931645384e+03
5.594325706169369500e-02 2.381793001569008538e+03
5.659170163246236840e-02 2.363580280213877359e+03
5.724766239702173964e-02 2.345677899905306276e+03
5.791122647641750582e-02 2.328017228334929314e+03
5.858248200152529894e-02 2.310531639911405364e+03
5.926151812475548286e-02 2.293156458019734146e+03
5.994842503189401484e-02 2.275828915784878063e+03
6.064329395408056544e-02 2.258487989436678617e+03
6.134621717992497919e-02 2.241073155433908141e+03
6.205728806776493467e-02 2.223525062151218663e+03
6.277660105806494306e-02 2.205786342978255561e+03
6.350425168595953684e-02 2.187801667462868863e+03
6.424033659394184914e-02 2.169517797902041366e+03
6.498495354469883967e-02 2.150882916690246020e+03
6.573820143409576933e-02 2.131840696885587022e+03
6.650018030431112392e-02 2.112333800239001903e+03
6.727099135712333311e-02 2.092307722913536054e+03
6.805073696735199074e-02 2.071710972739465888e+03
6.883952069645490890e-02 2.050495228853231310e+03
6.963744730628212976e-02 2.028619847412590843e+03
7.044462277299029518e-02 2.006059106145194164e+03
7.126115430111740201e-02 1.982792122770338892e+03
7.208715033782125969e-02 1.958800959351091024e+03
7.292272058728306583e-02 1.934070728803705151e+03
7.376797602527726538e-02 1.908593262504753284e+03
7.462302891391099646e-02 1.882384150284979796e+03
7.548799281653424675e-02 1.855468365697233821e+03
7.636298261282230271e-02 1.827872373445937910e+03
7.724811451403391926e-02 1.799624068506083631e+03
7.814350607844536278e-02 1.770758116492644831e+03
7.904927622696410194e-02 1.741337756238469865e+03
7.996554525892338172e-02 1.711434002930521729e+03
8.089243486805931804e-02 1.681116064913797800e+03
8.183006815867380213e-02 1.650451239261066121e+03
8.277856966198465782e-02 1.619515369706644378e+03
8.373806535266484219e-02 1.588403248481057290e+03
8.470868266557393667e-02 1.557207468092871977e+03
8.569055051268339995e-02 1.526015376319233837e+03
8.668379930019762258e-02 1.494911786088921417e+03
8.768856094587416938e-02 1.463997986929283798e+03
8.870496889654395922e-02 1.433378421946858225e+03
8.973315814583508743e-02 1.403149505071368139e+03
9.077326525210215047e-02 1.373400688028436662e+03
9.182542835656276603e-02 1.344231376777645210e+03
9.288978720164486891e-02 1.315747816747154502e+03
9.396648314954682280e-02 1.288047103489207302e+03
9.505565920101186062e-02 1.261217203198894822e+03
9.615746001432085022e-02 1.235337529645150653e+03
9.727203192450530056e-02 1.210477837925596759e+03
9.839952296278213495e-02 1.186699478183492602e+03
9.954008287621508855e-02 1.164057911682816666e+03
1.006938631476026330e-01 1.142603563102888529e+03
1.018610170155973965e-01 1.122375351459385683e+03
1.030416994950586612e-01 1.103364641114019832e+03
1.042360673976400476e-01 1.085546600373065758e+03
1.054442793526167294e-01 1.068898350429848279e+03
1.066664958279537889e-01 1.053398204137957464e+03
1.079028791516182112e-01 1.038991678072485684e+03
1.091535935331389984e-01 1.025582205105390813e+03
1.104188050854159470e-01 1.013075986296274664e+03
1.116986818467821246e-01 1.001384614566749406e+03
1.129933938033220592e-01 9.904113330292568662e+02
1.143031129114477906e-01 9.800301156617694005e+02
1.156280131207374218e-01 9.701151213723848059e+02
1.169682703970383736e-01 9.605457533224324607e+02
1.183240627458377325e-01 9.512011956630817622e+02
1.196955702359041446e-01 9.419504059979145723e+02
1.210829750232038649e-01 9.326646025640422977e+02
1.224864613750929060e-01 9.232200934048053114e+02
1.239062156947914467e-01 9.134993582185161358e+02
1.253424265461398623e-01 9.033922866754746792e+02
1.267952846786432330e-01 8.927947902466902406e+02
1.282649830528058976e-01 8.816102086913152789e+02
1.297517168657586206e-01 8.697712948040303900e+02
1.312556835771841179e-01 8.572378286887474133e+02
1.327770829355428006e-01 8.439759748807991855e+02
1.343161170046014707e-01 8.299696157240234697e+02
1.358729901902707704e-01 8.152578357628373169e+02
1.374479092677535763e-01 7.998948323181102751e+02
1.390410834090068104e-01 7.839375623024263859e+02
1.406527242105235220e-01 7.674771504484476736e+02
1.422830457214351030e-01 7.506297125266465855e+02
1.439322644719404909e-01 7.335063969561617796e+02
1.456005995020647481e-01 7.162284053808282351e+02
1.472882723907500968e-01 6.989372713572129214e+02
1.489955072852852114e-01 6.817659054209565284e+02
1.507225309310754602e-01 6.648453992210630759e+02
1.524695727017571223e-01 6.483215598683473218e+02
1.542368646296626011e-01 6.323302098186098874e+02
1.560246414366366907e-01 6.169939088306967960e+02
1.578331405652114716e-01 6.024248655397819903e+02
1.596626022101423625e-01 5.887242208016548375e+02
1.615132693503088801e-01 5.759669052191449055e+02
1.633853877809858524e-01 5.641764551659449580e+02
1.652792061464892492e-01 5.533668563477386897e+02
1.671949759731987672e-01 5.435182544790634438e+02
1.691329517029645513e-01 5.345527479117414487e+02
1.710933907269012455e-01 5.263911206112974241e+02
1.730765534195721767e-01 5.189284371707368564e+02
1.750827031735721628e-01 5.120361911631881640e+02
1.771121064345085594e-01 5.055898747936305426e+02
1.791650327363897566e-01 4.994563332968428995e+02
1.812417547374234328e-01 4.935028074600842842e+02
1.833425482562288100e-01 4.875992951697610351e+02
1.854676923084695728e-01 4.816150800042157698e+02
1.876174691439118081e-01 4.754259840736847309e+02
1.897921642839097145e-01 4.689226453175925258e+02
1.919920665593281006e-01 4.620073510169276574e+02
1.942174681489023391e-01 4.546109084980651573e+02
1.964686646180442142e-01 4.467086857735063745e+02
1.987459549580979923e-01 4.382954187648713855e+02
2.010496416260496022e-01 4.294264635567112691e+02
2.033800305846977796e-01 4.201777737298914417e+02
2.057374313432909774e-01 4.106548028673032036e+02
2.081221569986336506e-01 4.009828001774540667e+02
2.105345242766701597e-01 3.912878684571160193e+02
2.129748535745517590e-01 3.817004491980054581e+02
2.154434690031879762e-01 3.723409944156032338e+02
2.179406984302951489e-01 3.633202091260723705e+02
2.204668735239406208e-01 3.547347408509500042e+02
2.230223297965933937e-01 3.466573416234429033e+02
2.256074066496857322e-01 3.391441835330902563e+02
2.282224474186894947e-01 3.322136963949704977e+02
2.308677994187165183e-01 3.258654321167479679e+02
2.335438139906475252e-01 3.200600165295786610e+02
2.362508465477944353e-01 3.147405401167376340e+02
2.389892566231045512e-01 3.098212058992878610e+02
2.417594079169126942e-01 3.052048173113330449e+02
2.445616683452441209e-01 3.007783739322350129e+02
2.473964100886809347e-01 2.964269797325791842e+02
2.502640096417915183e-01 2.920389275275841783e+02
2.531648478631349786e-01 2.875157011157504598e+02
2.560993100258455168e-01 2.827870582475806600e+02
2.590677858688005264e-01 2.778111383218566175e+02
2.620706696483847131e-01 2.725852198856580344e+02
2.651083601908534870e-01 2.671352626698272843e+02
2.681812609453009255e-01 2.615126665193756708e+02
2.712897800372461865e-01 2.557849313404451550e+02
2.744343303228360953e-01 2.500277564417029055e+02
2.776153294436795038e-01 2.443238421710678381e+02
2.808331998823167530e-01 2.387550164695407204e+02
2.840883690183299559e-01 2.333998667929355122e+02
2.873812691851060364e-01 2.283206693255528421e+02
2.907123377272573528e-01 2.235600257276832963e+02
2.940820170587059579e-01 2.191284313457402959e+02
2.974907547214434844e-01 2.150101812220117665e+02
3.009390034449713203e-01 2.111658944051119704e+02
3.044272212064296212e-01 2.075402676817426482e+02
3.079558712914221008e-01 2.040704291279589597e+02
3.115254223555483648e-01 2.006894687093533207e+02
3.151363484866475662e-01 1.973317442827522825e+02
3.187891292677637600e-01 1.939399664807836814e+02
3.224842498408434510e-01 1.904718778492456011e+02
3.262222009711663318e-01 1.869097650249186131e+02
3.300034791125279754e-01 1.832595068136222665e+02
3.338285864731757036e-01 1.795478220433157048e+02
3.376980310825088427e-01 1.758157507200482996e+02
3.416123268585519734e-01 1.721104663981725764e+02
3.455719936762132183e-01 1.684801423550223376e+02
3.495775574363269023e-01 1.649690783813106805e+02
3.536295501355037896e-01 1.616106426243574106e+02
3.577285099367869536e-01 1.584214696849787742e+02
3.618749812411271027e-01 1.553998684096707166e+02
3.660695147596894072e-01 1.525279629651447522e+02
3.703126675869919948e-01 1.497778363989886259e+02
3.746050032748987069e-01 1.471171128348946979e+02
3.789470919074662825e-01 1.445116025263336326e+02
3.833395101766597923e-01 1.419279859778101240e+02
3.877828414589447603e-01 1.393388223247276869e+02
3.922776758927711827e-01 1.367302990809907897e+02
3.968246104569475019e-01 1.341063548931209937e+02
4.014242490499316252e-01 1.314850401690082151e+02
4.060772025700360999e-01 1.288898610643555287e+02
4.107840889965636011e-01 1.263424611862373013e+02
4.155455334718866078e-01 1.238609193918531020e+02
4.203621683844705470e-01 1.214609951435104165e+02
4.252346334528675498e-01 1.191534412129402796e+02
4.301635758106789886e-01 1.169375016549476101e+02
4.351496500925045585e-01 1.147991022794024474e+02
4.401935185208863954e-01 1.127185800956159483e+02
4.452958509942646081e-01 1.106798292118916294e+02
4.504573251759450558e-01 1.086715086378583806e+02
4.556786265841057948e-01 1.066830795456337597e+02
4.609604486828429160e-01 1.047066051078413551e+02
4.663034929742719270e-01 1.027440612662262396e+02
4.717084690917007217e-01 1.008075937751998197e+02
4.771760948938736924e-01 9.890989044844830858e+01
4.827070965603176278e-01 9.705763991921749323e+01
4.883022086877874535e-01 9.525480206278930950e+01
4.939621743878316318e-01 9.350529889243451009e+01
4.996877453854872697e-01 9.180804644429014161e+01
5.054796821191230860e-01 9.015428454661757485e+01
5.113387538414317923e-01 8.853431795130457260e+01
5.172657387216013092e-01 8.694310116382132492e+01
5.232614239486657048e-01 8.537722851167472982e+01
5.293266058360548421e-01 8.383288697199418493e+01
5.354620899273596635e-01 8.231076212559430871e+01
5.416686911033142815e-01 8.081697967170939023e+01
5.479472336900278462e-01 7.935618627997672547e+01
5.542985515684663023e-01 7.792868731453667408e+01
5.607234882852017988e-01 7.653516861042814412e+01
5.672228971644530660e-01 7.517649985460577966e+01
5.737976414214123189e-01 7.384884665576601037e+01
5.804485942768968787e-01 7.254672632980808089e+01
5.871766390733248464e-01 7.126891356643201902e+01
5.939826693920350342e-01 7.001503855796147491e+01
6.008675891719672535e-01 6.878269300068235736e+01
6.078323128297217215e-01 6.757272514958799547e+01
6.148777653810012511e-01 6.638878131753985201e+01
6.220048825634703071e-01 6.523033635248509654e+01
6.292146109610337046e-01 6.409679095125790127e+01
6.365079081295554886e-01 6.298751694501666520e+01
6.438857427240405329e-01 6.190121079607472865e+01
6.513490946272790794e-01 6.083663329067616132e+01
6.588989550799940753e-01 5.979264454227857328e+01
6.665363268124905316e-01 5.876870893129033391e+01
6.742622241778335468e-01 5.776472099380071512e+01
6.820776732865669878e-01 5.678057366860351607e+01
6.899837121430004716e-01 5.581614646693307691e+01
6.979813907830648700e-01 5.487119186456950359e+01
7.060717714137764167e-01 5.394526745891902664e+01
7.142559285543118586e-01 5.303792364521729752e+01
7.225349491787196321e-01 5.214872277270803380e+01
7.309099328602896017e-01 5.127723879520456762e+01
7.393819919175852462e-01 5.042305693273991096e+01
7.479522515621810363e-01 4.958577334392259672e+01
7.566218500481046716e-01 4.876499480864293190e+01
7.653919388230141507e-01 4.796033842076956688e+01
7.742636826811252204e-01 4.717143129050558059e+01
7.832382599179181781e-01 4.639791025607365071e+01
7.923168624866241405e-01 4.563942160441938256e+01
8.015006961565395160e-01 4.489562080062712113e+01
8.107909806731679048e-01 4.416617222597923842e+01
8.201889499202184020e-01 4.345074979123775449e+01
8.296958520834889494e-01 4.274903855739979974e+01
8.393129498166350677e-01 4.206073208980200917e+01
8.490415204088734846e-01 4.138553164186824773e+01
8.588828559546241026e-01 4.072314594333893467e+01
8.688382635251177266e-01 4.007329099482436163e+01
8.789090653419935339e-01 3.943568986847920854e+01
8.890965989529141522e-01 3.881007251459885765e+01
8.994022174092030086e-01 3.819617557395690710e+01
9.098272894455547988e-01 3.759374219569235720e+01
9.203731996618214062e-01 3.700252186057444703e+01
9.310413487069052474e-01 3.642227020947636618e+01
9.418331534647932379e-01 3.585274887688861867e+01
9.527500472427273825e-01 3.529372532931672168e+01
9.637934799615772707e-01 3.474497270840808483e+01
9.749649183484077053e-01 3.420626967865934631e+01
9.862658461312796554e-01 3.367740027956036641e+01
9.976977642363179521e-01 3.315815378203721764e+01
1.009262190987045615e+00 3.264832454905828030e+01
1.020960662306044986e+00 3.214771077814677369e+01
1.032794731918950104e+00 3.165610698557761538e+01
1.044765971560803308e+00 3.117330902565209172e+01
1.056875971184801477e+00 3.069911810675638364e+01
1.069126339173473994e+00 3.023334065848495200e+01
1.081518702552286326e+00 2.977578818030487895e+01
1.094054707205741162e+00 2.932627709505690561e+01
1.106736018095972218e+00 2.888462860712294855e+01
1.119564319483875581e+00 2.845066856509908959e+01
1.132541315152809203e+00 2.802422732881927203e+01
1.145668728634869460e+00 2.760513964057878056e+01
1.158948303439808925e+00 2.719324450041266417e+01
1.172381803286597357e+00 2.678838504529144871e+01
1.185971012337668551e+00 2.639040843209836851e+01
1.199717735435881671e+00 2.599916572425993877e+01
1.213623798344238169e+00 2.561451178190629818e+01
1.227691047988357376e+00 2.523630515544040165e+01
1.241921352701781833e+00 2.486440798239853578e+01
1.256316602474119026e+00 2.449868588749686182e+01
1.270878709202055257e+00 2.413900781421818564e+01
1.285609606943292516e+00 2.378524440207532464e+01
1.300511252173406351e+00 2.343726802177722490e+01
1.315585624045702007e+00 2.309495428023334540e+01
1.330834724654073264e+00 2.275818199798671060e+01
1.346260579298908633e+00 2.242683311884980668e+01
1.361865236756078401e+00 2.210079262235940334e+01
1.377650769549050969e+00 2.177994843895005417e+01
1.393619274224140003e+00 2.146419136775621439e+01
1.409772871628964586e+00 2.115341499695233196e+01
1.426113707194127000e+00 2.084751562654140500e+01
1.442643951218154141e+00 2.054639219351306423e+01
1.459365799155753374e+00 2.024994619928730444e+01
1.476281471909387077e+00 1.995808163936769830e+01
1.493393216124249800e+00 1.967070493512967033e+01
1.510703304486652465e+00 1.938772486767035019e+01
1.528214036025868250e+00 1.910905251365228352e+01
1.545927736419473675e+00 1.883460118307305819e+01
1.563846758302243289e+00 1.856428635889630385e+01
1.581973481578597518e+00 1.829802563709832697e+01
1.600310313738698254e+00 1.803573844284624883e+01
1.618859690178196420e+00 1.777734574112363219e+01
1.637624074521683681e+00 1.752277042616879754e+01
1.656605958949910251e+00 1.727193733103821671e+01
1.675807864530764357e+00 1.702477317563753800e+01
1.695232341554117506e+00 1.678120651628200122e+01
1.714881969870537537e+00 1.654116769673460752e+01
1.734759359233926546e+00 1.630458880067345717e+01
1.754867149648146718e+00 1.607140360554098635e+01
1.775208011717630985e+00 1.584154753772831903e+01
1.795784647002092393e+00 1.561495762905164320e+01
1.816599788375324875e+00 1.539157247447735521e+01
1.837656200388168903e+00 1.517133219105588360e+01
1.858956679635682452e+00 1.495417837802231276e+01
1.880504055128578100e+00 1.474005407802832401e+01
1.902301188668940934e+00 1.452890373946652147e+01
1.924350975230327832e+00 1.432067317985240074e+01
1.946656343342259454e+00 1.411530955022906575e+01
1.969220255479166903e+00 1.391276130056184535e+01
1.992045708453865194e+00 1.371297826746418735e+01
2.015135733815553110e+00 1.351591209172355157e+01
2.038493398252459343e+00 1.332151574700770524e+01
2.062121803999140468e+00 1.312974332820078516e+01
2.086024089248501578e+00 1.294055002288808431e+01
2.110203428568589779e+00 1.275389208363421822e+01
2.134663033324239123e+00 1.256972680099599771e+01
2.159406152103561904e+00 1.238801247724638976e+01
2.184436071149423508e+00 1.220870840078633002e+01
2.209756114795899062e+00 1.203177482122527486e+01
2.235369645909789149e+00 1.185717292510855891e+01
2.261280066337272743e+00 1.168486481227117579e+01
2.287490817355697814e+00 1.151481347280048873e+01
2.314005380130648604e+00 1.134698276458805211e+01
2.340827276178290006e+00 1.118133739145286398e+01
2.367960067833074778e+00 1.101784288181866600e+01
2.395407358720871738e+00 1.085646556792924500e+01
2.423172794237594019e+00 1.069717256558435814e+01
2.451260062033334020e+00 1.053993175438166574e+01
2.479672892502154724e+00 1.038471181834189494e+01
2.508415059277536496e+00 1.023148288173785225e+01
2.537490379733563284e+00 1.008021620223902381e+01
2.566902715491944598e+00 9.930883663122253679e+00
2.596655972934865719e+00 9.783457749175934026e+00
2.626754103723832223e+00 9.637911531940712706e+00
2.657201105324501267e+00 9.494218655295362908e+00
2.688001021537603119e+00 9.352353321379643702e+00
2.719157943036010661e+00 9.212290276844067094e+00
2.750676007908059884e+00 9.074004799417979328e+00
2.782559402207119170e+00 8.937472684788154709e+00
2.814812360507575661e+00 8.802670233778655984e+00
2.847439166467243155e+00 8.669574239824386908e+00
2.880444153396288787e+00 8.538161976731586833e+00
2.913831704832780201e+00 8.408411186716035601e+00
2.947606255124850971e+00 8.280300068713511763e+00
2.981772290019666816e+00 8.153807266954542499e+00
3.016334347259191695e+00 8.028911859796640016e+00
3.051297017182866167e+00 7.905593348808698906e+00
3.086664943337265488e+00 7.783831659002478531e+00
3.122442823092849373e+00 7.663607614052732941e+00
3.158635408267811417e+00 7.544903083669197486e+00
3.195247505759207129e+00 7.427700296817710601e+00
3.232283978181375250e+00 7.311981780762208949e+00
3.269749744511758038e+00 7.197730353892495714e+00
3.307649780744232881e+00 7.084929118707739448e+00
3.345989120549966334e+00 6.973561454952365679e+00
3.384772855945975767e+00 6.863611012900541652e+00
3.424006137971419506e+00 6.755061706787420128e+00
3.463694177371722915e+00 6.647897708383101012e+00
3.503842245290665680e+00 6.542103440706665829e+00
3.544455673970426268e+00 6.437663571878247559e+00
3.585539857459808299e+00 6.334563009105289133e+00
3.627100252330640817e+00 6.232786892801001954e+00
3.669142378402487914e+00 6.132320590832703644e+00
3.711671819475755196e+00 6.033149692896533800e+00
3.754694224073326314e+00 5.935260005017443774e+00
3.798215306190726892e+00 5.838637544171110250e+00
3.842240846055053005e+00 5.743268533144044952e+00
3.886776690892660646e+00 5.649139609072297397e+00
3.931828755705757406e+00 5.556238236224150917e+00
3.977403024058025149e+00 5.464552134726595511e+00
4.023505548869283466e+00 5.374069148092816661e+00
4.070142453219429690e+00 5.284777240604806359e+00
4.117319931161670610e+00 5.196664494760294239e+00
4.165044248545179073e+00 5.109719108783579600e+00
4.213321743847276757e+00 5.023929394198817455e+00
4.262158829015312733e+00 4.939283773464768323e+00
4.311561990318218740e+00 4.855770777670382010e+00
4.361537789207996951e+00 4.773379044290074980e+00
4.412092863191181991e+00 4.692097314997297985e+00
4.463233926710382882e+00 4.611914433536424163e+00
4.514967772036088789e+00 4.532819343651214083e+00
4.567301270168734995e+00 4.454801087069271581e+00
4.620241371751302673e+00 4.377848801541530221e+00
4.673795107992455122e+00 4.301951718935981717e+00
4.727969591600383659e+00 4.227099163384717251e+00
4.782772017727470626e+00 4.153280549483247874e+00
4.838209664925944509e+00 4.080485439759341304e+00
4.894289896114520033e+00 4.008703901174491158e+00
4.951020159556341227e+00 3.937926234710996010e+00
5.008407989848203457e+00 3.868142780359005162e+00
5.066461008921252507e+00 3.799343916348587591e+00
5.125186927053318797e+00 3.731520059234730180e+00
5.184593543892900058e+00 3.664661663996956698e+00
5.244688749495107771e+00 3.598759224152629610e+00
5.305480525369564937e+00 3.533803271883855235e+00
5.366976945540468336e+00 3.469784378177406481e+00
5.429186177618927189e+00 3.406693152977046779e+00
5.492116483887774514e+00 3.344520245348000298e+00
5.555776222398865372e+00 3.283256343653048415e+00
5.620173848083176438e+00 3.222892175739846543e+00
5.685317913873744189e+00 3.163418509138754775e+00
5.751217071841596251e+00 3.104826151271057544e+00
5.817880074344919272e+00 3.047105949666899072e+00
5.885315775191436671e+00 2.990248792192713001e+00
5.953533130814357754e+00 2.934245607287389923e+00
6.022541201461917737e+00 2.879087376425505607e+00
6.092349152400691636e+00 2.824765368792024223e+00
6.162966255132924509e+00 2.771271103711751671e+00
6.234401888627847832e+00 2.718596114553380350e+00
6.306665540567391481e+00 2.666731941038959164e+00
6.379766808606270878e+00 2.615670130923662295e+00
6.453715401646691774e+00 2.565402241650756032e+00
6.528521141127827221e+00 2.515919841981904437e+00
6.604193962330286993e+00 2.467214513602223214e+00
6.680743915695598112e+00 2.419277852700092435e+00
6.758181168161097041e+00 2.372101471521412819e+00
6.836516004510227340e+00 2.325676999898120823e+00
6.915758828738503894e+00 2.279996086750809337e+00
6.995920165435354221e+00 2.235050401565203959e+00
7.077010661181871498e+00 2.190831635842475755e+00
7.159041085964872764e+00 2.147331504523110723e+00
7.242022334607302270e+00 2.104541747384267136e+00
7.325965428215218900e+00 2.062454130410382724e+00
7.410881515641548845e+00 2.021060447137253746e+00
7.496781874966857551e+00 1.980352521118557974e+00
7.583677914997172920e+00 1.940322355589361170e+00
7.671581176779286970e+00 1.900962264966008952e+00
7.760503335133557279e+00 1.862264594717272237e+00
7.850456200204484425e+00 1.824221687424504523e+00
7.941451719029317680e+00 1.786825885551377890e+00
8.033501977124714699e+00 1.750069534147467909e+00
8.126619200091928619e+00 1.713944983486037854e+00
8.220815755240526101e+00 1.678444591635973593e+00
8.316104153230948981e+00 1.643560726968356089e+00
8.412497049736094468e+00 1.609285770597880028e+00
8.510007247122224783e+00 1.575612118759391000e+00
8.608647696149226647e+00 1.542532185120021992e+00
8.708431497690707346e+00 1.510038403027124998e+00
8.809371904473977111e+00 1.478123227692655473e+00
8.911482322840175385e+00 1.446779138314214785e+00
9.014776314524892697e+00 1.415998640133397712e+00
9.119267598459275703e+00 1.385774266431877511e+00
9.224970052592155412e+00 1.356098580465710857e+00
9.331897715733223464e+00 1.326964177338506801e+00
9.440064789417590418e+00 1.298363735672512398e+00
9.549485639791939207e+00 1.270290186462933457e+00
9.660174799522621925e+00 1.242736535847976720e+00
9.772146969725703514e+00 1.215695801145405763e+00
9.885417021919554514e+00 1.189161013730617222e+00
9.999999999999984013e+00 1.163125221824674815e+00
