1.000000000000000048e-04 4.401764393528384289e+01
1.011591112223829728e-04 4.451123687069458867e+01
1.023316578330244966e-04 4.501035953600761275e+01
1.035177955630176363e-04 4.551507375692176538e+01
1.047176819485520245e-04 4.602544211428342180e+01
1.059314763518370031e-04 4.654152788950318609e+01
1.071593399822671198e-04 4.706339507157390045e+01
1.084014359178330883e-04 4.759110836497369235e+01
1.096579291267809898e-04 4.812473319766047553e+01
1.109289864895222780e-04 4.866433572915167360e+01
1.122147768207980425e-04 4.920998285864975230e+01
1.135154708920999033e-04 4.976174216927977056e+01
1.148312414543511137e-04 5.031968180556603443e+01
1.161622632608502026e-04 5.088387062943490236e+01
1.175087130904807752e-04 5.145437826265442993e+01
1.188707697711903445e-04 5.203127509509757687e+01
1.202486142037412301e-04 5.261463229309269707e+01
1.216424293857368039e-04 5.320452180786261920e+01
1.230524004359261579e-04 5.380101638405454167e+01
1.244787146187906256e-04 5.440418957198129846e+01
1.259215613694151213e-04 5.501411581803117201e+01
1.273811323186478520e-04 5.563087047877299085e+01
1.288576213185518003e-04 5.625452975106666287e+01
1.303512244681509209e-04 5.688517067760158596e+01
1.318621401394748729e-04 5.752287115621766844e+01
1.333905690039058638e-04 5.816770994932840466e+01
1.349367140588306701e-04 5.881976669344646069e+01
1.365007806546013845e-04 5.947912190881325500e+01
1.380829765218092534e-04 6.014585699327784596e+01
1.396835117988739897e-04 6.082005415913123159e+01
1.413025990599533870e-04 6.150179649675639126e+01
1.429404533431761061e-04 6.219116801363830405e+01
1.445972921792019735e-04 6.288825364438265808e+01
1.462733356201130139e-04 6.359313926081848223e+01
1.479688062686396383e-04 6.430591168220679776e+01
1.496839293077255632e-04 6.502665868555897077e+01
1.514189325304352289e-04 6.575546901543151534e+01
1.531740463702080011e-04 6.649243234178263151e+01
1.549495039314631917e-04 6.723763922806627136e+01
1.567455410205595065e-04 6.799118122177587509e+01
1.585623961771137158e-04 6.875315087414317361e+01
1.604003107056820173e-04 6.952364175093703125e+01
1.622595287078087273e-04 7.030274844337206730e+01
1.641402971144466632e-04 7.109056657913336608e+01
1.660428657187529853e-04 7.188719283351433376e+01
1.679674872092653496e-04 7.269272494716796018e+01
1.699144172034626271e-04 7.350726180188472370e+01
1.718839142817145805e-04 7.433090340810144880e+01
1.738762400216250798e-04 7.516375087572862412e+01
1.758916590327733002e-04 7.600590642544243281e+01
1.779304389918577567e-04 7.685747340069843858e+01
1.799928506782476725e-04 7.771855627987160631e+01
1.820791680099462630e-04 7.858926068852720448e+01
1.841896680799711133e-04 7.946969341178389357e+01
1.863246311931559835e-04 8.035996233412461720e+01
1.884843409033795745e-04 8.126017629337509618e+01
1.906690840512252356e-04 8.217044526675844907e+01
1.928791508020778235e-04 8.309088042605559110e+01
1.951148346846616683e-04 8.402159415022919120e+01
1.973764326300255834e-04 8.496270003817782879e+01
1.996642450109793916e-04 8.591431292162012312e+01
2.019785756819878484e-04 8.687654887810843718e+01
2.043197320195270865e-04 8.784952524333148460e+01
2.066880249629082160e-04 8.883336060383030031e+01
2.090837690555750453e-04 8.982817480819424816e+01
2.115072824868795298e-04 9.083408900111730588e+01
2.139588871343421834e-04 9.185122563806432083e+01
2.164389086064020889e-04 9.287970849903230430e+01
2.189476762856621176e-04 9.391966270245792714e+01
2.214855233726359721e-04 9.497121471926283220e+01
2.240527869300018495e-04 9.603449238703478841e+01
2.266498079273692845e-04 9.710962489506208328e+01
2.292769312865648918e-04 9.819674265601588559e+01
2.319345059274427814e-04 9.929597742191143084e+01
2.346228848142263134e-04 1.004074623575220784e+02
2.373424250023866691e-04 1.015313320550347811e+02
2.400934876860652035e-04 1.026677225487668608e+02
2.428764382460451090e-04 1.038167713300290558e+02
2.456916462982790305e-04 1.049786173621344716e+02
2.485394857429798965e-04 1.061534010948750648e+02
2.514203348142797370e-04 1.073412644156362603e+02
2.543345761304648903e-04 1.085423506082368874e+02
2.572825967447932359e-04 1.097568044690668927e+02
2.602647881969005024e-04 1.109847723346511117e+02
2.632815465648020731e-04 1.122264020972971963e+02
2.663332725174980963e-04 1.134818432208937793e+02
2.694203713681882413e-04 1.147512467568593451e+02
2.725432531281028249e-04 1.160347653602341467e+02
2.757023325609583289e-04 1.173325532816479182e+02
2.788980292380439777e-04 1.186447661279527068e+02
2.821307675939471824e-04 1.199715609663362557e+02
2.854009769829237591e-04 1.213130965086753292e+02
2.887090917359235484e-04 1.226695331305502634e+02
2.920555512182745244e-04 1.240410328876473756e+02
2.954407998880380793e-04 1.254277595323071353e+02
2.988652873550383024e-04 1.268298785302208103e+02
3.023294684405777215e-04 1.282475570772525373e+02
3.058338032378432473e-04 1.296809640392427241e+02
3.093787571730137595e-04 1.311302697894893754e+02
3.129648010670751349e-04 1.325956464161444046e+02
3.165924111983521496e-04 1.340772677888268731e+02
3.202620693657651165e-04 1.355753095757365827e+02
3.239742629528196056e-04 1.370899492609217702e+02
3.277294849923383015e-04 1.386213661616811521e+02
3.315282342319423692e-04 1.401697414461170013e+02
3.353710152002930081e-04 1.417352581402873000e+02
3.392583382740992667e-04 1.433181008681138167e+02
3.431907197459043682e-04 1.449184558270061984e+02
3.471686818926560223e-04 1.465365110927405681e+02
3.511927530450728672e-04 1.481724566524887905e+02
3.552634676578139803e-04 1.498264844224652848e+02
3.593813663804626239e-04 1.514987882656987495e+02
3.635469961293318715e-04 1.531895640099532443e+02
3.677609101601031711e-04 1.548990094657731902e+02
3.720236681413067385e-04 1.566273243477237429e+02
3.763358362286533740e-04 1.583747097927374341e+02
3.806979871402285448e-04 1.601413687206139116e+02
3.851107002325569739e-04 1.619275060653902472e+02
3.895745615775502574e-04 1.637333287933201404e+02
3.940901640403448279e-04 1.655590459205827756e+02
3.986581073580439810e-04 1.674048685311122995e+02
4.032789982193706307e-04 1.692710097945504231e+02
4.079534503452450522e-04 1.711576849812910268e+02
4.126820845702952557e-04 1.730651111514991669e+02
4.174655289253135972e-04 1.749935068575112211e+02
4.223044187206673248e-04 1.769430926958014538e+02
4.271993966306778055e-04 1.789140913921135621e+02
4.321511127789762923e-04 1.809067278187919214e+02
4.371602248248503283e-04 1.829212290122173954e+02
4.422273980505898373e-04 1.849578241903273863e+02
4.473533054498464575e-04 1.870167447702181676e+02
4.525386278170167947e-04 1.890982243400119955e+02
4.577840538376617388e-04 1.912024981637148073e+02
4.630902801799738800e-04 1.933298033589784097e+02
4.684580115873046222e-04 1.954803792630825967e+02
4.738879609717652546e-04 1.976544674561642410e+02
4.793808495089108153e-04 1.998523117781081169e+02
4.849374067335234439e-04 2.020741583455018144e+02
4.905583706365046568e-04 2.043202555686472124e+02
4.962444877628915604e-04 2.065908541685845421e+02
5.019965133110080614e-04 2.088862068395066558e+02
5.078152112327671743e-04 2.112065673862646236e+02
5.137013543351340219e-04 2.135521916442553447e+02
5.196557243827659538e-04 2.159233377446410316e+02
5.256791122018420349e-04 2.183202661294189113e+02
5.317723177850967571e-04 2.207432395665011313e+02
5.379361503980699009e-04 2.231925231648006900e+02
5.441714286865889172e-04 2.256683843893066523e+02
5.504789807854969502e-04 2.281710930455415678e+02
5.568596444286410272e-04 2.307009204189466800e+02
5.633142670601353798e-04 2.332581391162579223e+02
5.698437059469137721e-04 2.358430240151528210e+02
5.764488282925875340e-04 2.384558523311584395e+02
5.831305113526219844e-04 2.410969036301687538e+02
5.898896425508494586e-04 2.437664598409303949e+02
5.967271195973311917e-04 2.464648052674300516e+02
6.036438506075865983e-04 2.491922266012361433e+02
6.106407542232038244e-04 2.519490127618010149e+02
6.177187597338490302e-04 2.547354539706227285e+02
6.248788072006889295e-04 2.575518423812442848e+02
6.321218475812450180e-04 2.603984725049846816e+02
6.394488428556939106e-04 2.632756412217703428e+02
6.468607661546322196e-04 2.661836477898627322e+02
6.543586018883232108e-04 2.691227938554575871e+02
6.619433458774390093e-04 2.720933834621327492e+02
6.696160054853217717e-04 2.750957230513461127e+02
6.773775997517746681e-04 2.781301203496772700e+02
6.852291595284059830e-04 2.811968832102491547e+02
6.931717276155402148e-04 2.842963215039858937e+02
7.012063589007179638e-04 2.874287473778317121e+02
7.093341204987991394e-04 2.905944752588851543e+02
7.175560918936924699e-04 2.937938218582884815e+02
7.258733650817247602e-04 2.970271061748460397e+02
7.342870447166760257e-04 3.002946494983928005e+02
7.427982482564913450e-04 3.035967753307955945e+02
7.514081061116963198e-04 3.069338084118571714e+02
7.601177617955326210e-04 3.103060749962035061e+02
7.689283720758308604e-04 3.137139035418329627e+02
7.778411071286484360e-04 3.171576247238810424e+02
7.868571506936848170e-04 3.206375714340137506e+02
7.959777002314981234e-04 3.241540787794871221e+02
8.052039670825472846e-04 3.277074840818199846e+02
8.145371766280737639e-04 3.312981268751063340e+02
8.239785684528515806e-04 3.349263481861299283e+02
8.335293965098190729e-04 3.385924886369836599e+02
8.431909292866253619e-04 3.422968903299129124e+02
8.529644499741018170e-04 3.460398973949730248e+02
8.628512566366892044e-04 3.498218559819338225e+02
8.728526623848374341e-04 3.536431142517263311e+02
8.829699955494085860e-04 3.575040223673595392e+02
8.932045998580961195e-04 3.614049324843744557e+02
9.035578346138924653e-04 3.653461986985894328e+02
9.140310748756226740e-04 3.693281757239237209e+02
9.246257116405735008e-04 3.733512185594570951e+02
9.353431520292382036e-04 3.774156839265237409e+02
9.461848194721997124e-04 3.815219303432237439e+02
9.571521538991858893e-04 3.856703181081203411e+02
9.682466119303117331e-04 3.898612092833299130e+02
9.794696670695391023e-04 3.940949676769741359e+02
9.908228099003791103e-04 3.983719588250139623e+02
1.002307548283864732e-03 4.026925496014383157e+02
1.013925407558814544e-03 4.070571060582590803e+02
1.025677930744421434e-03 4.114659947624024880e+02
1.037566678745185456e-03 4.159195837539302261e+02
1.049593230558226948e-03 4.204182425231836646e+02
1.061759183482999420e-03 4.249623419841735199e+02
1.074066153333433013e-03 4.295522544472326558e+02
1.086515774652537783e-03 4.341883535908459635e+02
1.099109700929496542e-03 4.388710144278803114e+02
1.111849604819270662e-03 4.436006125501739348e+02
1.124737178364751356e-03 4.483775232817234837e+02
1.137774133221490730e-03 4.532021229084195966e+02
1.150962200885031431e-03 4.580747888233504455e+02
1.164303132920876341e-03 4.629958994910941783e+02
1.177798701197118681e-03 4.679658344111444990e+02
1.191450698119775244e-03 4.729849740804078237e+02
1.205260936870841855e-03 4.780536999548291988e+02
1.219231251649110278e-03 4.831723941910493636e+02
1.233363497913775222e-03 4.883414368322696646e+02
1.247659552630868939e-03 4.935612064604039233e+02
1.262121314522546408e-03 4.988320821729756744e+02
1.276750704319265127e-03 5.041544435800223027e+02
1.291549665014883131e-03 5.095286707542299496e+02
1.306520162124720367e-03 5.149551441800646217e+02
1.321664183946604648e-03 5.204342447017946824e+02
1.336983741824946011e-03 5.259663534704334324e+02
1.352480870417874584e-03 5.315518511105128709e+02
1.368157627967470829e-03 5.371911154782544600e+02
1.384016096573131068e-03 5.428845237229380700e+02
1.400058382468096939e-03 5.486324528863077603e+02
1.416286616299197981e-03 5.544352798394849060e+02
1.432702953409829925e-03 5.602933812186759042e+02
1.449309574126215940e-03 5.662071333597057219e+02
1.466108684046983808e-03 5.721769122313295384e+02
1.483102514336103470e-03 5.782030932713129232e+02
1.500293322019217047e-03 5.842860480613078380e+02
1.517683390283404692e-03 5.904261433016747560e+02
1.535275028780421847e-03 5.966237444651362694e+02
1.553070573933459063e-03 6.028792159641709532e+02
1.571072389247449340e-03 6.091929210690893797e+02
1.589282865622977398e-03 6.155652218247205383e+02
1.607704421673822760e-03 6.219964789657714164e+02
1.626339504048191073e-03 6.284870518307991460e+02
1.645190587753661863e-03 6.350372973647994286e+02
1.664260176485902803e-03 6.416475644790468778e+02
1.683550802961201673e-03 6.483181973484248601e+02
1.703065029252843121e-03 6.550495379556696207e+02
1.722805447131393322e-03 6.618419259988170325e+02
1.742774678408918554e-03 6.686956987871270712e+02
1.762975375287204483e-03 6.756111911355885695e+02
1.783410220710006724e-03 6.825887352578511127e+02
1.804081928719382128e-03 6.896286606323138813e+02
1.824993244816151307e-03 6.967312893682592403e+02
1.846146946324546618e-03 7.038969306122986609e+02
1.867545842761074654e-03 7.111258885862143870e+02
1.889192776207665675e-03 7.184184636903989940e+02
1.911090621689137074e-03 7.257749523734809145e+02
1.933242287555043959e-03 7.331956470003359527e+02
1.955650715865948734e-03 7.406808357184779652e+02
1.978318882784163655e-03 7.482308023228196134e+02
2.001249798969035980e-03 7.558458255142662665e+02
2.024446509976802599e-03 7.635261706052234558e+02
2.047912096665084614e-03 7.712720911698610280e+02
2.071649675602067840e-03 7.790838350584712089e+02
2.095662399480431679e-03 7.869616443940573163e+02
2.119953457536069303e-03 7.949057554136178396e+02
2.144526075971666789e-03 8.029163983079245099e+02
2.169383518385183292e-03 8.109937970596117793e+02
2.194529086203312468e-03 8.191381692797267533e+02
2.219966119119953351e-03 8.273497232047553780e+02
2.245697995539773072e-03 8.356286490744697630e+02
2.271728133026903931e-03 8.439751269421211646e+02
2.298059988758849835e-03 8.523893291363312983e+02
2.324697059985647227e-03 8.608714200763224653e+02
2.351642884494347698e-03 8.694215560857072660e+02
2.378901041078892130e-03 8.780398852047622995e+02
2.406475150015422761e-03 8.867265470012747528e+02
2.434368873543109931e-03 8.954816721900767789e+02
2.462585916350545565e-03 9.043053753976614644e+02
2.491130026067787072e-03 9.131977525633595860e+02
2.520004993764090716e-03 9.221588891017750029e+02
2.549214654451422042e-03 9.311888602877276071e+02
2.578762887593799742e-03 9.402877310460899025e+02
2.608653617622546696e-03 9.494555557404818273e+02
2.638890814457508453e-03 9.586923779607915321e+02
2.669478494034319832e-03 9.679982303096919622e+02
2.700420718837771242e-03 9.773731331418512127e+02
2.731721598441374903e-03 9.868170876028893872e+02
2.763385290053167829e-03 9.963300793792113836e+02
2.795415999067855668e-03 1.005912081810114046e+03
2.827817979625339880e-03 1.015563055676853537e+03
2.860595535175740160e-03 1.025282948975480622e+03
2.893753019050949830e-03 1.035071696689142755e+03
2.927294835042814833e-03 1.044929220559779878e+03
2.961225437988033050e-03 1.054855428812133368e+03
2.995549334359811234e-03 1.064850205731016558e+03
3.030271082866395349e-03 1.074913398169527682e+03
3.065395295056525492e-03 1.085044834390624374e+03
3.100926635931925118e-03 1.095244326862731896e+03
3.136869824566874444e-03 1.105511672007057086e+03
3.173229634734975584e-03 1.115846649945090576e+03
3.210010895543170123e-03 1.126249024246521685e+03
3.247218492073126669e-03 1.136718541677514622e+03
3.284857366030041314e-03 1.147254932324020956e+03
3.322932516398970689e-03 1.157857914722532541e+03
3.361449000108763119e-03 1.168527194587486292e+03
3.400411932703704086e-03 1.179262460344587225e+03
3.439826489022923713e-03 1.190063382773933881e+03
3.479697903887689868e-03 1.200929614769625232e+03
3.520031472796677097e-03 1.211860791100654978e+03
3.560832552629275994e-03 1.222856528173205561e+03
3.602106562357069216e-03 1.233916423794445791e+03
3.643858983763542669e-03 1.245040025631310982e+03
3.686095362172155891e-03 1.256226732129948232e+03
3.728821307182831907e-03 1.267475883441041788e+03
3.772042493416996253e-03 1.278786793161153582e+03
3.815764661271247096e-03 1.290158748012531987e+03
3.859993617679764906e-03 1.301591007527251577e+03
3.904735236885557934e-03 1.313082803736018832e+03
3.949995461220641955e-03 1.324633340861817260e+03
3.995780301895267457e-03 1.336241800734356275e+03
4.042095839796303568e-03 1.347907575033813373e+03
4.088948226294858955e-03 1.359630355541934023e+03
4.136343684063272831e-03 1.371409847210655926e+03
4.184288507901578850e-03 1.383245746425323432e+03
4.232789065573546415e-03 1.395137740967194077e+03
4.281851798652410411e-03 1.407085509977017637e+03
4.331483223376396928e-03 1.419088723919830045e+03
4.381689931514188077e-03 1.431147044550835062e+03
4.432478591240393562e-03 1.443259920988967906e+03
4.483855948021185124e-03 1.455425201304232132e+03
4.535828825510184945e-03 1.467639921219357802e+03
4.588404126454754574e-03 1.479901017814391707e+03
4.641588833612774606e-03 1.492205332701908446e+03
4.695390010680057340e-03 1.504549611249585496e+03
4.749814803228498243e-03 1.516930501871923980e+03
4.804870439655126689e-03 1.529344555394201507e+03
4.860564232142133151e-03 1.541788229869102452e+03
4.916903577628024651e-03 1.554259311926362216e+03
4.973895958790060245e-03 1.566758894619534658e+03
5.031548945038048955e-03 1.579288607877535469e+03
5.089870193519678392e-03 1.591850151761235566e+03
5.148867450137491197e-03 1.604445297028337791e+03
5.208548550577657595e-03 1.617075885715581080e+03
5.268921421350668960e-03 1.629743831740383712e+03
5.329994080844086858e-03 1.642451121523296024e+03
5.391774640387498457e-03 1.655199632302458213e+03
5.454271305329828380e-03 1.667988338511913753e+03
5.517492376129119747e-03 1.680813767447795499e+03
5.581446249454959617e-03 1.693672279265505495e+03
5.646141419303662458e-03 1.706560134515785194e+03
5.711586478126426739e-03 1.719473493647428995e+03
5.777790117970500218e-03 1.732408416593114907e+03
5.844761131633627142e-03 1.745360862441956215e+03
5.912508413831872763e-03 1.758326689202133593e+03
5.981040962380937930e-03 1.771302081812928463e+03
6.050367879391214433e-03 1.784284981497029321e+03
6.120498372476694711e-03 1.797273791371903144e+03
6.191441755977841743e-03 1.810266894113523676e+03
6.263207452198682815e-03 1.823262652119385621e+03
6.335804992658246836e-03 1.836259407685971155e+03
6.409244019356445839e-03 1.849255483196148134e+03
6.483534286054717238e-03 1.862249181316158229e+03
6.558685659571428586e-03 1.875238777303170082e+03
6.634708121092339726e-03 1.888222165576458565e+03
6.711611767496278476e-03 1.901196705918446469e+03
6.789406812696106158e-03 1.914159677817329111e+03
6.868103588995296514e-03 1.927108317309154700e+03
6.947712548460231209e-03 1.940039817322391627e+03
7.028244264308346374e-03 1.952951328055247814e+03
7.109709432312428558e-03 1.965839957386782089e+03
7.192118872221184116e-03 1.978702771321771479e+03
7.275483529196219955e-03 1.991536799001467443e+03
7.359814475265760887e-03 2.004339065775797735e+03
7.445122910795134823e-03 2.017106575779289415e+03
7.531420165974363201e-03 2.029836295028193035e+03
7.618717702322989373e-03 2.042525151912889669e+03
7.707027114212296713e-03 2.055170037842408419e+03
7.796360130405225256e-03 2.067767807924208228e+03
7.886728615614147300e-03 2.080315281679634154e+03
7.978144572076614760e-03 2.092809243610670819e+03
8.070620141149495441e-03 2.105246382881367026e+03
8.164167604921463567e-03 2.117623203607307005e+03
8.258799387844257406e-03 2.129936149988194757e+03
8.354528058382861000e-03 2.142181629382584106e+03
8.451366330684714073e-03 2.154356013325757885e+03
8.549327066268371661e-03 2.166455638592677133e+03
8.648423275731715806e-03 2.178476808306400926e+03
8.748668120479906676e-03 2.190415793092312924e+03
8.850074914473426979e-03 2.202268825327721970e+03
8.952657125996391421e-03 2.214031986799098377e+03
9.056428379445279064e-03 2.225701225803948546e+03
9.161402457138508384e-03 2.237272455258318587e+03
9.267593301146874116e-03 2.248741557332920365e+03
9.375015015145274355e-03 2.260104385000914590e+03
9.483681866285915280e-03 2.271356763640289500e+03
9.593608287093137454e-03 2.282494492690575044e+03
9.704808877380292215e-03 2.293513347364054880e+03
9.817298406188829443e-03 2.304409034841198718e+03
9.931091813749784100e-03 2.315177035685099327e+03
1.004620421346811773e-02 2.325812749407403771e+03
1.016265089392994099e-02 2.336311553186170840e+03
1.028044732093308204e-02 2.346668804041381463e+03
1.039960913954119000e-02 2.356879841072272939e+03
1.052015217616157974e-02 2.366939987758494681e+03
1.064209244064722934e-02 2.376844554324834917e+03
1.076544612842314681e-02 2.386588837666120526e+03
1.089022962263729542e-02 2.396168000183884487e+03
1.101645949633655273e-02 2.405577013258553052e+03
1.114415251466786827e-02 2.414810825969332654e+03
1.127332563710485222e-02 2.423864382168962038e+03
1.140399601970031561e-02 2.432732623470744784e+03
1.153618101736477233e-02 2.441410492305801654e+03
1.166989818617145645e-02 2.449892935048780600e+03
1.180516528568804208e-02 2.458174905210683846e+03
1.194200028133531391e-02 2.466251335469738478e+03
1.208042134677327073e-02 2.474116904614133091e+03
1.222044686631487166e-02 2.481766169132664345e+03
1.236209543736768203e-02 2.489193699967017437e+03
1.250538587290389754e-02 2.496394087463323103e+03
1.265033720395902610e-02 2.503361945351994109e+03
1.279696868215939552e-02 2.510091914798739708e+03
1.294529978227914289e-02 2.516578668523675333e+03
1.309535020482666470e-02 2.522816914740871198e+03
1.324713987866115404e-02 2.528801297474943112e+03
1.340068896363949026e-02 2.534526237971896535e+03
1.355601785329367710e-02 2.539986161127303149e+03
1.371314717753943473e-02 2.545175541828431506e+03
1.387209780541619544e-02 2.550088909873608827e+03
1.403289084785870784e-02 2.554720854952852278e+03
1.419554766050099524e-02 2.559066031684919835e+03
1.436008984651259215e-02 2.563119164706358788e+03
1.452653925946778904e-02 2.566875041588076783e+03
1.469491800624815429e-02 2.570328305154996087e+03
1.486524844997855720e-02 2.573473484859868677e+03
1.503755321299736145e-02 2.576305192488057855e+03
1.521185517986103040e-02 2.578818134669657866e+03
1.538817750038344936e-02 2.581007118737632027e+03
1.556654359271059974e-02 2.582867058615542646e+03
1.574697714643085236e-02 2.584392980728174280e+03
1.592950212572120244e-02 2.585580029927420583e+03
1.611414277253018015e-02 2.586423432332938319e+03
1.630092360979739502e-02 2.586918342054588720e+03
1.648986944471062324e-02 2.587059990118132646e+03
1.668100537200057146e-02 2.586843750016279500e+03
1.687435677727374198e-02 2.586265144034773130e+03
1.706994934038405520e-02 2.585319849548087404e+03
1.726780903884354151e-02 2.584003705283436830e+03
1.746796215127244256e-02 2.582312717543128201e+03
1.767043526088944369e-02 2.580243065753269548e+03
1.787525525904233581e-02 2.577791074527585351e+03
1.808244934877948837e-02 2.574953202322529251e+03
1.829204504846291754e-02 2.571726095602557962e+03
1.850407019542300510e-02 2.568106599183230628e+03
1.871855294965576663e-02 2.564091762138847571e+03
1.893552179756293266e-02 2.559678843599668653e+03
1.915500555573526609e-02 2.554865318427865077e+03
1.937703337477986176e-02 2.549648882761203367e+03
1.960163474319183419e-02 2.544027484981123507e+03
1.982883949127068474e-02 2.537999534196173499e+03
2.005867779508231641e-02 2.531563794593612784e+03
2.029118018046676200e-02 2.524719269036699188e+03
2.052637752709248961e-02 2.517465202073531600e+03
2.076430107255772262e-02 2.509801083846130950e+03
2.100498241653913495e-02 2.501726653790817636e+03
2.124845352498879944e-02 2.493241904120086929e+03
2.149474673437978475e-02 2.484347083554710480e+03
2.174389475600078253e-02 2.475042966739551048e+03
2.199593068030071888e-02 2.465331294128409809e+03
2.225088798128367282e-02 2.455214170415550598e+03
2.250880052095458397e-02 2.444693947041769661e+03
2.276970255381677299e-02 2.433773222410513426e+03
2.303362873142129202e-02 2.422454841849251352e+03
2.330061410696921201e-02 2.410741897312575475e+03
2.357069413996725274e-02 2.398637726824115362e+03
2.384390470093718586e-02 2.386145969688586320e+03
2.412028207618003781e-02 2.373271603880658859e+03
2.439986297259547771e-02 2.360020820145394737e+03
2.468268452255688306e-02 2.346400036218356036e+03
2.496878428884323833e-02 2.332415854370861325e+03
2.525820026962782502e-02 2.318075055991504996e+03
2.555097090352503181e-02 2.303384596011099802e+03
2.584713507469561106e-02 2.288351597177597796e+03
2.614673211801089858e-02 2.272983344187448438e+03
2.644980182427715890e-02 2.257287749708744286e+03
2.675638444552042375e-02 2.241275166915802856e+03
2.706652070033239293e-02 2.224956713092345581e+03
2.738025177927854228e-02 2.208343537061134157e+03
2.769761935036888292e-02 2.191446808149952176e+03
2.801866556459190957e-02 2.174277705548551239e+03
2.834343306151305975e-02 2.156847407877502974e+03
2.867196497493766996e-02 2.139167082979128281e+03
2.900430493863987227e-02 2.121247908894065404e+03
2.934049709215783702e-02 2.103102941126242968e+03
2.968058608665600367e-02 2.084748099815926707e+03
3.002461709085545161e-02 2.066199338462964533e+03
3.037263579703308389e-02 2.047472363329404288e+03
3.072468842709001266e-02 2.028582620884453263e+03
3.108082173869059980e-02 2.009545286158084764e+03
3.144108303147261779e-02 1.990375251992097219e+03
3.180552015332915178e-02 1.971087119175019325e+03
3.217418150676367578e-02 1.951695523717614378e+03
3.254711605531845214e-02 1.932217928500074095e+03
3.292437333007763867e-02 1.912673056320873229e+03
3.330600343624585263e-02 1.893079112279162018e+03
3.369205705980264642e-02 1.873453758823112821e+03
3.408258547423447665e-02 1.853814110820416772e+03
3.447764054734461098e-02 1.834176732132224515e+03
3.487727474814172890e-02 1.814557633624349137e+03
3.528154115380878475e-02 1.794972274992049734e+03
3.569049345675226470e-02 1.775437424491163938e+03
3.610418597173332272e-02 1.755974345753862508e+03
3.652267364308171838e-02 1.736604323174130741e+03
3.694601205199299354e-02 1.717347755432992926e+03
3.737425742391059513e-02 1.698224166803891876e+03
3.780746663599345719e-02 1.679252220754875907e+03
3.824569722466996530e-02 1.660449735676827913e+03
3.868900739327971183e-02 1.641833702570724427e+03
3.913745601980380545e-02 1.623420165617383873e+03
3.959110266468453265e-02 1.605221495770981619e+03
4.005000757873606460e-02 1.587246714285645339e+03
4.051423171114643812e-02 1.569504248079602348e+03
4.098383671757255958e-02 1.552002057216922822e+03
4.145888496832907111e-02 1.534747651085537655e+03
4.193943955667183560e-02 1.517748104892220681e+03
4.242556430717771970e-02 1.501010076425919578e+03
4.291732378422153521e-02 1.484539823044445711e+03
4.341478330055086043e-02 1.468345263978823596e+03
4.391800892596080946e-02 1.452444284081972228e+03
4.442706749606879085e-02 1.436857196776757291e+03
4.494202662119135827e-02 1.421603339398310027e+03
4.546295469532394412e-02 1.406701125349582298e+03
4.598992090522435044e-02 1.392168100143383981e+03
4.652299523960182898e-02 1.378020999515247922e+03
4.706224849841277036e-02 1.364275809408317855e+03
4.760775230226364785e-02 1.350946067307598696e+03
4.815957910192344982e-02 1.338022868484825949e+03
4.871780218794626721e-02 1.325482840323368464e+03
4.928249570040506289e-02 1.313303179898812687e+03
4.985373463873887800e-02 1.301461897710684980e+03
5.043159487171355176e-02 1.289937771718734894e+03
5.101615314749827212e-02 1.278710304809669651e+03
5.160748710385902605e-02 1.267759686851183915e+03
5.220567527846971256e-02 1.257068768400215959e+03
5.281079711934324322e-02 1.246626952233945076e+03
5.342293299538347640e-02 1.236425082054950735e+03
5.404216420705911655e-02 1.226454276558252332e+03
5.466857299720174340e-02 1.216705917809615130e+03
5.530224256192894927e-02 1.207171640188835681e+03
5.594325706169369500e-02 1.197843303682704800e+03
5.659170163246236840e-02 1.188705845906238665e+03
5.724766239702173964e-02 1.179726397153993503e+03
5.791122647641750582e-02 1.170870184193626756e+03
5.858248200152529894e-02 1.162103447911881403e+03
5.926151812475548286e-02 1.153393413637549429e+03
5.994842503189401484e-02 1.144708270911278532e+03
6.064329395408056544e-02 1.136017077260877159e+03
6.134621717992497919e-02 1.127289029907361055e+03
6.205728806776493467e-02 1.118493858341280657e+03
6.277660105806494306e-02 1.109602298735073191e+03
6.350425168595953684e-02 1.100586120764115321e+03
6.424033659394184914e-02 1.091418156656232895e+03
6.498495354469883967e-02 1.082071943951056710e+03
6.573820143409576933e-02 1.072518584494988545e+03
6.650018030431112392e-02 1.062728595037096966e+03
6.727099135712333311e-02 1.052673942197130373e+03
6.805073696735199074e-02 1.042328135031721558e+03
6.883952069645490890e-02 1.031666308007889711e+03
6.963744730628212976e-02 1.020667455830161202e+03
7.044462277299029518e-02 1.009318024417152287e+03
7.126115430111740201e-02 9.976069244697944214e+02
7.208715033782125969e-02 9.855245973047366306e+02
7.292272058728306583e-02 9.730630718238215877e+02
7.376797602527726538e-02 9.602178169548492406e+02
7.462302891391099646e-02 9.469963357004721729e+02
7.548799281653424675e-02 9.334109183993424494e+02
7.636298261282230271e-02 9.194746644841638954e+02
7.724811451403391926e-02 9.052014528695954141e+02
7.814350607844536278e-02 8.906086619558196844e+02
7.904927622696410194e-02 8.757282684123230183e+02
7.996554525892338172e-02 8.605962535169708190e+02
8.089243486805931804e-02 8.452477213782210583e+02
8.183006815867380213e-02 8.297168439786661338e+02
8.277856966198465782e-02 8.140422380089744365e+02
8.373806535266484219e-02 7.982723072110251223e+02
8.470868266557393667e-02 7.824543571977886813e+02
8.569055051268339995e-02 7.666330255592341700e+02
8.668379930019762258e-02 7.508516826982008752e+02
8.768856094587416938e-02 7.351622745711802054e+02
8.870496889654395922e-02 7.196184067331309961e+02
8.973315814583508743e-02 7.042695445951687816e+02
9.077326525210215047e-02 6.891615725987580845e+02
9.182542835656276603e-02 6.743457260743531378e+02
9.288978720164486891e-02 6.598769272633926448e+02
9.396648314954682280e-02 6.458053244635985948e+02
9.505565920101186062e-02 6.321762976830935941e+02
9.615746001432085022e-02 6.190307807760622154e+02
9.727203192450530056e-02 6.064050296684232535e+02
9.839952296278213495e-02 5.943311894197722722e+02
9.954008287621508855e-02 5.828382893811642589e+02
1.006938631476026330e-01 5.719526850056028024e+02
1.018610170155973965e-01 5.616947854968850606e+02
1.030416994950586612e-01 5.520607417894763103e+02
1.042360673976400476e-01 5.430384340066859750e+02
1.054442793526167294e-01 5.346167187534489358e+02
1.066664958279537889e-01 5.267850445687323599e+02
1.079028791516182112e-01 5.195159001086611852e+02
1.091535935331389984e-01 5.127600333202717593e+02
1.104188050854159470e-01 5.064696331769055746e+02
1.116986818467821246e-01 5.005996813538775427e+02
1.129933938033220592e-01 4.951007422695304854e+02
1.143031129114477906e-01 4.899079864289037118e+02
1.156280131207374218e-01 4.849566443356591776e+02
1.169682703970383736e-01 4.801846566796968432e+02
1.183240627458377325e-01 4.755297188597739364e+02
1.196955702359041446e-01 4.709238613443442887e+02
1.210829750232038649e-01 4.663002135568301583e+02
1.224864613750929060e-01 4.615945345293912965e+02
1.239062156947914467e-01 4.567455874947833081e+02
1.253424265461398623e-01 4.516955989738419248e+02
1.267952846786432330e-01 4.463899061806462782e+02
1.282649830528058976e-01 4.407777385561582264e+02
1.297517168657586206e-01 4.348234025510028573e+02
1.312556835771841179e-01 4.285050931702259049e+02
1.327770829355428006e-01 4.218044373001475833e+02
1.343161170046014707e-01 4.147123700256054804e+02
1.358729901902707704e-01 4.072484870967174970e+02
1.374479092677535763e-01 3.994403384597540594e+02
1.390410834090068104e-01 3.913170610711180757e+02
1.406527242105235220e-01 3.829257899671179644e+02
1.422830457214351030e-01 3.743268147095250242e+02
1.439322644719404909e-01 3.655778864417612226e+02
1.456005995020647481e-01 3.567421924532129651e+02
1.472882723907500968e-01 3.478937708983585821e+02
1.489955072852852114e-01 3.391020821794577387e+02
1.507225309310754602e-01 3.304357463895695446e+02
1.524695727017571223e-01 3.219715141048006330e+02
1.542368646296626011e-01 3.137807569720582137e+02
1.560246414366366907e-01 3.059278813592680990e+02
1.578331405652114716e-01 2.984723457033621798e+02
1.596626022101423625e-01 2.914676732019165115e+02
1.615132693503088801e-01 2.849535859221290366e+02
1.633853877809858524e-01 2.789431895398360552e+02
1.652792061464892492e-01 2.734445630884018215e+02
1.671949759731987672e-01 2.684479514293226998e+02
1.691329517029645513e-01 2.639131323666268827e+02
1.710933907269012455e-01 2.597992492391079509e+02
1.730765534195721767e-01 2.560516983764238717e+02
1.750827031735721628e-01 2.526032895330508836e+02
1.771121064345085594e-01 2.493889371862105406e+02
1.791650327363897566e-01 2.463386609100096507e+02
1.812417547374234328e-01 2.433825716785236182e+02
1.833425482562288100e-01 2.404520368767036871e+02
1.854676923084695728e-01 2.374776406925520291e+02
1.876174691439118081e-01 2.343933791469114851e+02
1.897921642839097145e-01 2.311407711148934538e+02
1.919920665593281006e-01 2.276674027241355418e+02
1.942174681489023391e-01 2.239359343608495578e+02
1.964686646180442142e-01 2.199324787366952307e+02
1.987459549580979923e-01 2.156535935641252593e+02
2.010496416260496022e-01 2.111281144978991620e+02
2.033800305846977796e-01 2.063959334331490254e+02
2.057374313432909774e-01 2.015129148433475166e+02
2.081221569986336506e-01 1.965455738688952749e+02
2.105345242766701597e-01 1.915610546457800183e+02
2.129748535745517590e-01 1.866290525320509346e+02
2.154434690031879762e-01 1.818139103581485472e+02
2.179406984302951489e-01 1.771750709230006464e+02
2.204668735239406208e-01 1.727643726396245540e+02
2.230223297965933937e-01 1.686211919137882660e+02
2.256074066496857322e-01 1.647759907588081489e+02
2.282224474186894947e-01 1.612391663995317685e+02
2.308677994187165183e-01 1.580110379975172918e+02
2.335438139906475252e-01 1.550710594106873828e+02
2.362508465477944353e-01 1.523893130860697056e+02
2.389892566231045512e-01 1.499201962800982812e+02
2.417594079169126942e-01 1.476119258792492985e+02
2.445616683452441209e-01 1.454039442645974134e+02
2.473964100886809347e-01 1.432345452639129633e+02
2.502640096417915183e-01 1.410433947308821132e+02
2.531648478631349786e-01 1.387771539391579836e+02
2.560993100258455168e-01 1.363975124909675571e+02
2.590677858688005264e-01 1.338814750227692798e+02
2.620706696483847131e-01 1.312271331871258155e+02
2.651083601908534870e-01 1.284481739545617245e+02
2.681812609453009255e-01 1.255721018839931844e+02
2.712897800372461865e-01 1.226353392745129725e+02
2.744343303228360953e-01 1.196788445573764932e+02
2.776153294436795038e-01 1.167475232348109984e+02
2.808331998823167530e-01 1.138858966780514095e+02
2.840883690183299559e-01 1.111368767301634648e+02
2.873812691851060364e-01 1.085346224085904936e+02
2.907123377272573528e-01 1.061026361541330090e+02
2.940820170587059579e-01 1.038469950696445636e+02
2.974907547214434844e-01 1.017594922154990229e+02
3.009390034449713203e-01 9.981901974639654895e+01
3.044272212064296212e-01 9.799567057469153042e+01
3.079558712914221008e-01 9.625530219112569341e+01
3.115254223555483648e-01 9.456142375232727204e+01
3.151363484866475662e-01 9.287806740019082952e+01
3.187891292677637600e-01 9.117374482124047574e+01
3.224842498408434510e-01 8.942512429140248287e+01
3.262222009711663318e-01 8.762222811371100306e+01
3.300034791125279754e-01 8.576810299326771769e+01
3.338285864731757036e-01 8.387734456103969194e+01
3.376980310825088427e-01 8.197245477932212054e+01
3.416123268585519734e-01 8.007942996948307268e+01
3.455719936762132183e-01 7.822491838536770103e+01
3.495775574363269023e-01 7.643350265867459825e+01
3.536295501355037896e-01 7.472378571007169512e+01
3.577285099367869536e-01 7.310520362102390379e+01
3.618749812411271027e-01 7.157704630621032038e+01
3.660695147596894072e-01 7.012956349174996262e+01
3.703126675869919948e-01 6.874749052925528758e+01
3.746050032748987069e-01 6.741296599919319021e+01
3.789470919074662825e-01 6.610702375535601050e+01
3.833395101766597923e-01 6.481113939091066811e+01
3.877828414589447603e-01 6.351000461263501506e+01
3.922776758927711827e-01 6.219581734398575179e+01
3.968246104569475019e-01 6.087072622029828040e+01
4.014242490499316252e-01 5.954478418870996137e+01
4.060772025700360999e-01 5.823112782121423692e+01
4.107840889965636011e-01 5.694192666905406952e+01
4.155455334718866078e-01 5.568739771373054026e+01
4.203621683844705470e-01 5.447646057981526013e+01
4.252346334528675498e-01 5.331530388821108346e+01
4.301635758106789886e-01 5.220364257762226856e+01
4.351496500925045585e-01 5.113364789453626713e+01
4.401935185208863954e-01 5.009432158402407964e+01
4.452958509942646081e-01 4.907665725106129173e+01
4.504573251759450558e-01 4.807425306219557370e+01
4.556786265841057948e-01 4.708115849007511855e+01
4.609604486828429160e-01 4.609289336937482062e+01
4.663034929742719270e-01 4.511055910323005946e+01
4.717084690917007217e-01 4.414106056162311376e+01
4.771760948938736924e-01 4.319165087680958237e+01
4.827070965603176278e-01 4.226619541874424613e+01
4.883022086877874535e-01 4.136701875252264671e+01
4.939621743878316318e-01 4.049642015132184270e+01
4.996877453854872697e-01 3.965387426824874950e+01
5.054796821191230860e-01 3.883442744171765071e+01
5.113387538414317923e-01 3.803259621538924762e+01
5.172657387216013092e-01 3.724550877502930035e+01
5.232614239486657048e-01 3.647124853585583537e+01
5.293266058360548421e-01 3.570763869958022951e+01
5.354620899273596635e-01 3.495510267853698849e+01
5.416686911033142815e-01 3.421720129284976508e+01
5.479472336900278462e-01 3.349664521656575289e+01
5.542985515684663023e-01 3.279366970107203372e+01
5.607234882852017988e-01 3.210871822365305661e+01
5.672228971644530660e-01 3.144234605262321836e+01
5.737976414214123189e-01 3.079238137817978327e+01
5.804485942768968787e-01 3.015567493920163500e+01
5.871766390733248464e-01 2.953155459920977677e+01
5.939826693920350342e-01 2.891983271520605214e+01
6.008675891719672535e-01 2.831913246066046597e+01
6.078323128297217215e-01 2.772998956109062263e+01
6.148777653810012511e-01 2.715455036967599156e+01
6.220048825634703071e-01 2.659256653044014485e+01
6.292146109610337046e-01 2.604372595320953465e+01
6.365079081295554886e-01 2.550769360835370136e+01
6.438857427240405329e-01 2.498373000115195808e+01
6.513490946272790794e-01 2.447113810669460676e+01
6.588989550799940753e-01 2.396928347738683129e+01
6.665363268124905316e-01 2.347788819080131972e+01
6.742622241778335468e-01 2.299692372604027568e+01
6.820776732865669878e-01 2.252635654981339641e+01
6.899837121430004716e-01 2.206614147248644286e+01
6.979813907830648700e-01 2.161615860989173399e+01
7.060717714137764167e-01 2.117617711527539370e+01
7.142559285543118586e-01 2.074596116068422091e+01
7.225349491787196321e-01 2.032528074131115758e+01
7.309099328602896017e-01 1.991391152624317229e+01
7.393819919175852462e-01 1.951163471315506825e+01
7.479522515621810363e-01 1.911823688684271971e+01
7.566218500481046716e-01 1.873350988148973428e+01
7.653919388230141507e-01 1.835725064656863381e+01
7.742636826811252204e-01 1.798926111627633162e+01
7.832382599179181781e-01 1.762934808240912332e+01
7.923168624866241405e-01 1.727732307058414563e+01
8.015006961565395160e-01 1.693300221971647090e+01
8.107909806731679048e-01 1.659620616509872448e+01
8.201889499202184020e-01 1.626676160284898742e+01
8.296958520834889494e-01 1.594450474748582280e+01
8.393129498166350677e-01 1.562927650038666982e+01
8.490415204088734846e-01 1.532092121317988642e+01
8.588828559546241026e-01 1.501928661832320877e+01
8.688382635251177266e-01 1.472422376085361329e+01
8.789090653419935339e-01 1.443558693129586246e+01
8.890965989529141522e-01 1.415323359972082429e+01
8.994022174092030086e-01 1.387702435094076314e+01
9.098272894455547988e-01 1.360682282083021022e+01
9.203731996618214062e-01 1.334249563376125458e+01
9.310413487069052474e-01 1.308391234114076340e+01
9.418331534647932379e-01 1.283094536103701522e+01
9.527500472427273825e-01 1.258346991888419630e+01
9.637934799615772707e-01 1.234136398925207700e+01
9.749649183484077053e-01 1.210450823866744052e+01
9.862658461312796554e-01 1.187278596947588838e+01
9.976977642363179521e-01 1.164608306472928767e+01
1.009262190987045615e+00 1.142428793408856258e+01
1.020960662306044986e+00 1.120729102984891057e+01
1.032794731918950104e+00 1.099498197787614195e+01
1.044765971560803308e+00 1.078725154826342347e+01
1.056875971184801477e+00 1.058399319997945121e+01
1.069126339173473994e+00 1.038510302018632103e+01
1.081518702552286326e+00 1.019047965638277375e+01
1.094054707205741162e+00 1.000002425036672626e+01
1.106736018095972218e+00 9.813640373965387909e+00
1.119564319483875581e+00 9.631233966486004050e+00
1.132541315152809203e+00 9.452713273837630936e+00
1.145668728634869460e+00 9.277988789279762116e+00
1.158948303439808925e+00 9.106973195751745465e+00
1.172381803286597357e+00 8.939581309739985215e+00
1.185971012337668551e+00 8.775730026640198744e+00
1.199717735435881671e+00 8.615338267574147224e+00
1.213623798344238169e+00 8.458326927620372970e+00
1.227691047988357376e+00 8.304618825420831740e+00
1.241921352701781833e+00 8.154138654124341912e+00
1.256316602474119026e+00 8.006812933631996643e+00
1.270878709202055257e+00 7.862569910919887661e+00
1.285609606943292516e+00 7.721338382716867343e+00
1.300511252173406351e+00 7.583047764374960309e+00
1.315585624045702007e+00 7.447629237343937447e+00
1.330834724654073264e+00 7.315015751269446476e+00
1.346260579298908633e+00 7.185141974842437662e+00
1.361865236756078401e+00 7.057944248111578389e+00
1.377650769549050969e+00 6.933360536211653269e+00
1.393619274224140003e+00 6.811330384463889942e+00
1.409772871628964586e+00 6.691794874805118809e+00
1.426113707194127000e+00 6.574696583502697145e+00
1.442643951218154141e+00 6.459979540116964181e+00
1.459365799155753374e+00 6.347589187670004129e+00
1.476281471909387077e+00 6.237472343984922674e+00
1.493393216124249800e+00 6.129577164157417712e+00
1.510703304486652465e+00 6.023853104125758584e+00
1.528214036025868250e+00 5.920250885303877553e+00
1.545927736419473675e+00 5.818722460245735917e+00
1.563846758302243289e+00 5.719220979307798380e+00
1.581973481578597518e+00 5.621700754954751744e+00
1.600310313738698254e+00 5.526116686540246015e+00
1.618859690178196420e+00 5.432423677404981888e+00
1.637624074521683681e+00 5.340577675124898782e+00
1.656605958949910251e+00 5.250535788732030085e+00
1.675807864530764357e+00 5.162256254998430549e+00
1.695232341554117506e+00 5.075698405784557110e+00
1.714881969870537537e+00 4.990822636416033298e+00
1.734759359233926546e+00 4.907590375053914045e+00
1.754867149648146718e+00 4.825964053024948797e+00
1.775208011717630985e+00 4.745907076079147302e+00
1.795784647002092393e+00 4.667383796543951746e+00
1.816599788375324875e+00 4.590359486344391726e+00
1.837656200388168903e+00 4.514800310860569432e+00
1.858956679635682452e+00 4.440673303594383725e+00
1.880504055128578100e+00 4.367946341618291761e+00
1.902301188668940934e+00 4.296588121780661851e+00
1.924350975230327832e+00 4.226568137641941725e+00
1.946656343342259454e+00 4.157856657117739552e+00
1.969220255479166903e+00 4.090424700805759706e+00
1.992045708453865194e+00 4.024243894852880032e+00
2.015135733815553110e+00 3.959285984699693728e+00
2.038493398252459343e+00 3.895523275477519753e+00
2.062121803999140468e+00 3.832928800421503190e+00
2.086024089248501578e+00 3.771476299772098084e+00
2.110203428568589779e+00 3.711140200309852588e+00
2.134663033324239123e+00 3.651895595540137318e+00
2.159406152103561904e+00 3.593718226505280722e+00
2.184436071149423508e+00 3.536584463202066431e+00
2.209756114795899062e+00 3.480471286584550406e+00
2.235369645909789149e+00 3.425356271131748453e+00
2.261280066337272743e+00 3.371217567960826056e+00
2.287490817355697814e+00 3.318033888467574410e+00
2.314005380130648604e+00 3.265784488476063618e+00
2.340827276178290006e+00 3.214449152880111349e+00
2.367960067833074778e+00 3.164008180760175648e+00
2.395407358720871738e+00 3.114442370959647377e+00
2.423172794237594019e+00 3.065733008104684298e+00
2.451260062033334020e+00 3.017861849053388834e+00
2.479672892502154724e+00 2.970811091499463430e+00
2.508415059277536496e+00 2.924563161896560182e+00
2.537490379733563284e+00 2.879100791765218936e+00
2.566902715491944598e+00 2.834407155076902995e+00
2.596655972934865719e+00 2.790465858405070776e+00
2.626754103723832223e+00 2.747260928727214058e+00
2.657201105324501267e+00 2.704776801604665604e+00
2.688001021537603119e+00 2.662998309727587998e+00
2.719157943036010661e+00 2.621910671812730964e+00
2.750676007908059884e+00 2.581499481841804666e+00
2.782559402207119170e+00 2.541750698629207772e+00
2.814812360507575661e+00 2.502650635707695415e+00
2.847439166467243155e+00 2.464185951521665530e+00
2.880444153396288787e+00 2.426343639917434736e+00
2.913831704832780201e+00 2.389111020920653861e+00
2.947606255124850971e+00 2.352475731791333402e+00
2.981772290019666816e+00 2.316425718347150386e+00
3.016334347259191695e+00 2.280949226546176600e+00
3.051297017182866167e+00 2.246034794320413308e+00
3.086664943337265488e+00 2.211671242932301773e+00
3.122442823092849373e+00 2.177847637232869449e+00
3.158635408267811417e+00 2.144553267763696702e+00
3.195247505759207129e+00 2.111777688129717667e+00
3.232283978181375250e+00 2.079510711314209725e+00
3.269749744511758038e+00 2.047742402668062400e+00
3.307649780744232881e+00 2.016463073104811432e+00
3.345989120549966334e+00 1.985663272494579523e+00
3.384772855945975767e+00 1.955333783250463808e+00
3.424006137971419506e+00 1.925465614101015799e+00
3.463694177371722915e+00 1.896049994042880105e+00
3.503842245290665680e+00 1.867078366467511019e+00
3.544455673970426268e+00 1.838542383456528873e+00
3.585539857459808299e+00 1.810433900240173699e+00
3.627100252330640817e+00 1.782744969813496061e+00
3.669142378402487914e+00 1.755467837705372736e+00
3.711671819475755196e+00 1.728594936895362144e+00
3.754694224073326314e+00 1.702118882873631334e+00
3.798215306190726892e+00 1.676032468839432799e+00
3.842240846055053005e+00 1.650328661040582734e+00
3.886776690892660646e+00 1.625000606704981587e+00
3.931828755705757406e+00 1.600041654105318401e+00
3.977403024058025149e+00 1.575445315362610899e+00
4.023505548869283466e+00 1.551205254843308401e+00
4.070142453219429690e+00 1.527315285224233543e+00
4.117319931161670610e+00 1.503769363663834735e+00
4.165044248545179073e+00 1.480561588076727109e+00
4.213321743847276757e+00 1.457686193508051176e+00
4.262158829015312733e+00 1.435137548604790370e+00
4.311561990318218740e+00 1.412910152181092727e+00
4.361537789207996951e+00 1.390998629874554027e+00
4.412092863191181991e+00 1.369397730890926423e+00
4.463233926710382882e+00 1.348102324834421939e+00
4.514967772036088789e+00 1.327107398621169665e+00
4.567301270168734995e+00 1.306408053473169462e+00
4.620241371751302673e+00 1.285999501990485960e+00
4.673795107992455122e+00 1.265877065299293447e+00
4.727969591600383659e+00 1.246036170273491006e+00
4.782772017727470626e+00 1.226472346827800708e+00
4.838209664925944509e+00 1.207181235945739228e+00
4.894289896114520033e+00 1.188158651844172020e+00
4.951020159556341227e+00 1.169400531599425808e+00
5.008407989848203457e+00 1.150902897965006000e+00
5.066461008921252507e+00 1.132661857097162716e+00
5.125186927053318797e+00 1.114673596483348739e+00
5.184593543892900058e+00 1.096934382921396445e+00
5.244688749495107771e+00 1.079440560547942463e+00
5.305480525369564937e+00 1.062188548914993591e+00
5.366976945540468336e+00 1.045174841113058584e+00
5.429186177618927189e+00 1.028396001939835713e+00
5.492116483887774514e+00 1.011848666113067008e+00
5.555776222398865372e+00 9.955295365265800500e-01
5.620173848083176438e+00 9.794353825481606490e-01
5.685317913873744189e+00 9.635630383583667635e-01
5.751217071841596251e+00 9.479094013290425558e-01
5.817880074344919272e+00 9.324714304406590548e-01
5.885315775191436671e+00 9.172461447373968513e-01
5.953533130814357754e+00 9.022306218189944937e-01
6.022541201461917737e+00 8.874219998577791424e-01
6.092349152400691636e+00 8.728175433126169613e-01
6.162966255132924509e+00 8.584146315466062438e-01
6.234401888627847832e+00 8.442106902299013615e-01
6.306665540567391481e+00 8.302031876463106252e-01
6.379766808606270878e+00 8.163896336995439817e-01
6.453715401646691774e+00 8.027675789422281660e-01
6.528521141127827221e+00 7.893346136272439972e-01
6.604193962330286993e+00 7.760883667808419206e-01
6.680743915695598112e+00 7.630265052971417772e-01
6.758181168161097041e+00 7.501467330534876687e-01
6.836516004510227340e+00 7.374467900462310377e-01
6.915758828738503894e+00 7.249244515465281813e-01
6.995920165435354221e+00 7.125775272757198797e-01
7.077010661181871498e+00 7.004038605998482714e-01
7.159041085964872764e+00 6.884013277429884559e-01
7.242022334607302270e+00 6.765678370189119883e-01
7.325965428215218900e+00 6.649013280807494208e-01
7.410881515641548845e+00 6.533997711883153814e-01
7.496781874966857551e+00 6.420611668179256881e-01
7.583677914997172920e+00 6.308835870700413295e-01
7.671581176779286970e+00 6.198652126596646550e-01
7.760503335133557279e+00 6.090042531130612780e-01
7.850456200204484425e+00 5.982989360794840339e-01
7.941451719029317680e+00 5.877475070265961721e-01
8.033501977124714699e+00 5.773482289435206694e-01
8.126619200091928619e+00 5.670993820513401396e-01
8.220815755240526101e+00 5.569992635208896870e-01
8.316104153230948981e+00 5.470461871977776447e-01
8.412497049736094468e+00 5.372384833344090449e-01
8.510007247122224783e+00 5.275744983289588630e-01
8.608647696149226647e+00 5.180525944710980824e-01
8.708431497690707346e+00 5.086711496943785438e-01
8.809371904473977111e+00 4.994285573351518459e-01
8.911482322840175385e+00 4.903232258978606484e-01
9.014776314524892697e+00 4.813535788266074533e-01
9.119267598459275703e+00 4.725180542828917862e-01
9.224970052592155412e+00 4.638151049293295913e-01
9.331897715733223464e+00 4.552431977193184265e-01
9.440064789417590418e+00 4.468008284279323949e-01
9.549485639791939207e+00 4.384865712183710351e-01
9.660174799522621925e+00 4.302990262364967400e-01
9.772146969725703514e+00 4.222368000415788747e-01
9.885417021919554514e+00 4.142985056977795399e-01
9.999999999999984013e+00 4.064827628658047032e-01
