1.000000000000000048e-04 2.887926544680487950e+02
1.011591112223829728e-04 2.920307087626942462e+02
1.023316578330244966e-04 2.953050290175936539e+02
1.035177955630176363e-04 2.986160201158692189e+02
1.047176819485520245e-04 3.019640916504175721e+02
1.059314763518370031e-04 3.053496577722143570e+02
1.071593399822671198e-04 3.087731372381122696e+02
1.084014359178330883e-04 3.122349534617403037e+02
1.096579291267809898e-04 3.157355345650021832e+02
1.109289864895222780e-04 3.192753134301046885e+02
1.122147768207980425e-04 3.228547277519832619e+02
1.135154708920999033e-04 3.264742198385067127e+02
1.148312414543511137e-04 3.301342361470759670e+02
1.161622632608502026e-04 3.338352279220516152e+02
1.175087130904807752e-04 3.375776513836700019e+02
1.188707697711903445e-04 3.413619677821080245e+02
1.202486142037412301e-04 3.451886434521450155e+02
1.216424293857368039e-04 3.490581498683929453e+02
1.230524004359261579e-04 3.529709637011252426e+02
1.244787146187906256e-04 3.569275668938583408e+02
1.259215613694151213e-04 3.609284471977952649e+02
1.273811323186478520e-04 3.649740982604169517e+02
1.288576213185518003e-04 3.690650192233028974e+02
1.303512244681509209e-04 3.732017147607965057e+02
1.318621401394748729e-04 3.773846951408424388e+02
1.333905690039058638e-04 3.816144762864960853e+02
1.349367140588306701e-04 3.858915798380871820e+02
1.365007806546013845e-04 3.902165332160770390e+02
1.380829765218092534e-04 3.945898694188438753e+02
1.396835117988739897e-04 3.990121258632016747e+02
1.413025990599533870e-04 4.034838453494630244e+02
1.429404533431761061e-04 4.080055766123500689e+02
1.445972921792019735e-04 4.125778743848882755e+02
1.462733356201130139e-04 4.172012994625037550e+02
1.479688062686396383e-04 4.218764187678233384e+02
1.496839293077255632e-04 4.266038054161099353e+02
1.514189325304352289e-04 4.313840387873936493e+02
1.531740463702080011e-04 4.362177050903977147e+02
1.549495039314631917e-04 4.411053978316055009e+02
1.567455410205595065e-04 4.460477171307165349e+02
1.585623961771137158e-04 4.510452697063241203e+02
1.604003107056820173e-04 4.560986689474325999e+02
1.622595287078087273e-04 4.612085349857493384e+02
1.641402971144466632e-04 4.663754947687124286e+02
1.660428657187529853e-04 4.716001821333275643e+02
1.679674872092653496e-04 4.768832377397982327e+02
1.699144172034626271e-04 4.822253077488940676e+02
1.718839142817145805e-04 4.876270444187597377e+02
1.738762400216250798e-04 4.930891070672782348e+02
1.758916590327733002e-04 4.986121621594821818e+02
1.779304389918577567e-04 5.041968833827797880e+02
1.799928506782476725e-04 5.098439517229612647e+02
1.820791680099462630e-04 5.155540555409450008e+02
1.841896680799711133e-04 5.213278906503988992e+02
1.863246311931559835e-04 5.271661605562234172e+02
1.884843409033795745e-04 5.330695768831950545e+02
1.906690840512252356e-04 5.390388590741976031e+02
1.928791508020778235e-04 5.450747343779353287e+02
1.951148346846616683e-04 5.511779379313890104e+02
1.973764326300255834e-04 5.573492128431612400e+02
1.996642450109793916e-04 5.635893102776335581e+02
2.019785756819878484e-04 5.698989895399986381e+02
2.043197320195270865e-04 5.762790181127593314e+02
2.066880249629082160e-04 5.827301705397542264e+02
2.090837690555750453e-04 5.892532283840236005e+02
2.115072824868795298e-04 5.958489815159498448e+02
2.139588871343421834e-04 6.025182282597181711e+02
2.164389086064020889e-04 6.092617754801769934e+02
2.189476762856621176e-04 6.160804386705495972e+02
2.214855233726359721e-04 6.229750420410134666e+02
2.240527869300018495e-04 6.299464186080780337e+02
2.266498079273692845e-04 6.369954102339976316e+02
2.292769312865648918e-04 6.441228674699005978e+02
2.319345059274427814e-04 6.513296498238381673e+02
2.346228848142263134e-04 6.586166259555558327e+02
2.373424250023866691e-04 6.659846737698511561e+02
2.400934876860652035e-04 6.734346805106617921e+02
2.428764382460451090e-04 6.809675428560746013e+02
2.456916462982790305e-04 6.885841670142077646e+02
2.485394857429798965e-04 6.962854688111829091e+02
2.514203348142797370e-04 7.040723729494688996e+02
2.543345761304648903e-04 7.119458123661779609e+02
2.572825967447932359e-04 7.199067296475775493e+02
2.602647881969005024e-04 7.279560772841496146e+02
2.632815465648020731e-04 7.360948177687469069e+02
2.663332725174980963e-04 7.443239236956893592e+02
2.694203713681882413e-04 7.526443778606993646e+02
2.725432531281028249e-04 7.610571733617867949e+02
2.757023325609583289e-04 7.695633135551439636e+02
2.788980292380439777e-04 7.781638106218836128e+02
2.821307675939471824e-04 7.868596861974522199e+02
2.854009769829237591e-04 7.956519724829929601e+02
2.887090917359235484e-04 8.045417123636468659e+02
2.920555512182745244e-04 8.135299595112334146e+02
2.954407998880380793e-04 8.226177784877349950e+02
2.988652873550383024e-04 8.318062448497078094e+02
3.023294684405777215e-04 8.410964452534047950e+02
3.058338032378432473e-04 8.504894770540250875e+02
3.093787571730137595e-04 8.599864472330086755e+02
3.129648010670751349e-04 8.695884737543289020e+02
3.165924111983521496e-04 8.792966859962323269e+02
3.202620693657651165e-04 8.891122248577577238e+02
3.239742629528196056e-04 8.990362428661911736e+02
3.277294849923383015e-04 9.090699042852534149e+02
3.315282342319423692e-04 9.192143852242570574e+02
3.353710152002930081e-04 9.294708736792559876e+02
3.392583382740992667e-04 9.398405678318338232e+02
3.431907197459043682e-04 9.503246758846413513e+02
3.471686818926560223e-04 9.609244180433988731e+02
3.511927530450728672e-04 9.716410267263692049e+02
3.552634676578139803e-04 9.824757466734463378e+02
3.593813663804626239e-04 9.934298350559479331e+02
3.635469961293318715e-04 1.004504561587282524e+03
3.677609101601031711e-04 1.015701208634243130e+03
3.720236681413067385e-04 1.027021070706282217e+03
3.763358362286533740e-04 1.038465451356116318e+03
3.806979871402285448e-04 1.050035665491204554e+03
3.851107002325569739e-04 1.061733040855424861e+03
3.895745615775502574e-04 1.073558918139406387e+03
3.940901640403448279e-04 1.085514651089138397e+03
3.986581073580439810e-04 1.097601606615162609e+03
4.032789982193706307e-04 1.109821164902437204e+03
4.079534503452450522e-04 1.122174719506961083e+03
4.126820845702952557e-04 1.134663675951474261e+03
4.174655289253135972e-04 1.147289450383055964e+03
4.223044187206673248e-04 1.160053472141978773e+03
4.271993966306778055e-04 1.172957184181316052e+03
4.321511127789762923e-04 1.186002043174544497e+03
4.371602248248503283e-04 1.199189519623686465e+03
4.422273980505898373e-04 1.212521097967903643e+03
4.473533054498464575e-04 1.225998276692611171e+03
4.525386278170167947e-04 1.239622568080811106e+03
4.577840538376617388e-04 1.253395494314130246e+03
4.630902801799738800e-04 1.267318588833447620e+03
4.684580115873046222e-04 1.281393399170302928e+03
4.738879609717652546e-04 1.295621487098888110e+03
4.793808495089108153e-04 1.310004428738421211e+03
4.849374067335234439e-04 1.324543814655748520e+03
4.905583706365046568e-04 1.339241249968147486e+03
4.962444877628915604e-04 1.354098354446296298e+03
5.019965133110080614e-04 1.369116761222432388e+03
5.078152112327671743e-04 1.384298113434271272e+03
5.137013543351340219e-04 1.399644067879326485e+03
5.196557243827659538e-04 1.415156296094129630e+03
5.256791122018420349e-04 1.430836484449576574e+03
5.317723177850967571e-04 1.446686334246183378e+03
5.379361503980699009e-04 1.462707561809439312e+03
5.441714286865889172e-04 1.478901898585142362e+03
5.504789807854969502e-04 1.495271091062930964e+03
5.568596444286410272e-04 1.511816895961992259e+03
5.633142670601353798e-04 1.528541079353058876e+03
5.698437059469137721e-04 1.545445421993644004e+03
5.764488282925875340e-04 1.562531719713880193e+03
5.831305113526219844e-04 1.579801783497404131e+03
5.898896425508494586e-04 1.597257439561990623e+03
5.967271195973311917e-04 1.614900529439691354e+03
6.036438506075865983e-04 1.632732910056575065e+03
6.106407542232038244e-04 1.650756453190170760e+03
6.177187597338490302e-04 1.668973042156475913e+03
6.248788072006889295e-04 1.687384574123050925e+03
6.321218475812450180e-04 1.705992961683002250e+03
6.394488428556939106e-04 1.724800132928394760e+03
6.468607661546322196e-04 1.743808031519346514e+03
6.543586018883232108e-04 1.763018616752542584e+03
6.619433458774390093e-04 1.782433863628870540e+03
6.696160054853217717e-04 1.802055762876775589e+03
6.773775997517746681e-04 1.821886315473158902e+03
6.852291595284059830e-04 1.841927526938443862e+03
6.931717276155402148e-04 1.862181416706273467e+03
7.012063589007179638e-04 1.882650019420552098e+03
7.093341204987991394e-04 1.903335384976631076e+03
7.175560918936924699e-04 1.924239578561068129e+03
7.258733650817247602e-04 1.945364680690161094e+03
7.342870447166760257e-04 1.966712787246919333e+03
7.427982482564913450e-04 1.988286009296959946e+03
7.514081061116963198e-04 2.010086470507126023e+03
7.601177617955326210e-04 2.032116307913081073e+03
7.689283720758308604e-04 2.054377673788087577e+03
7.778411071286484360e-04 2.076872735704311253e+03
7.868571506936848170e-04 2.099603676554721460e+03
7.959777002314981234e-04 2.122572694573312219e+03
8.052039670825472846e-04 2.145782003353667733e+03
8.145371766280737639e-04 2.169233831865139564e+03
8.239785684528515806e-04 2.192930419958183393e+03
8.335293965098190729e-04 2.216874006473334703e+03
8.431909292866253619e-04 2.241066841112417933e+03
8.529644499741018170e-04 2.265511187908401553e+03
8.628512566366892044e-04 2.290209325204017205e+03
8.728526623848374341e-04 2.315163545628157408e+03
8.829699955494085860e-04 2.340376156069343324e+03
8.932045998580961195e-04 2.365849477646774176e+03
9.035578346138924653e-04 2.391585845422380316e+03
9.140310748756226740e-04 2.417587600400305291e+03
9.246257116405735008e-04 2.443857087536125164e+03
9.353431520292382036e-04 2.470396664496632638e+03
9.461848194721997124e-04 2.497208702143502705e+03
9.571521538991858893e-04 2.524295584465768570e+03
9.682466119303117331e-04 2.551659708508985659e+03
9.794696670695391023e-04 2.579303484300969103e+03
9.908228099003791103e-04 2.607229334774109702e+03
1.002307548283864732e-03 2.635439692794992425e+03
1.013925407558814544e-03 2.663936984410767764e+03
1.025677930744421434e-03 2.692723639330592960e+03
1.037566678745185456e-03 2.721802098458562796e+03
1.049593230558226948e-03 2.751174813787250059e+03
1.061759183482999420e-03 2.780844248263806548e+03
1.074066153333433013e-03 2.810812875651691684e+03
1.086515774652537783e-03 2.841083180387965058e+03
1.099109700929496542e-03 2.871657657365692558e+03
1.111849604819270662e-03 2.902538801259843240e+03
1.124737178364751356e-03 2.933729094536357024e+03
1.137774133221490730e-03 2.965231025578623758e+03
1.150962200885031431e-03 2.997047091095527321e+03
1.164303132920876341e-03 3.029179795912033114e+03
1.177798701197118681e-03 3.061631652754310835e+03
1.191450698119775244e-03 3.094405182029378466e+03
1.205260936870841855e-03 3.127502911599111030e+03
1.219231251649110278e-03 3.160927374350147147e+03
1.233363497913775222e-03 3.194681080114260567e+03
1.247659552630868939e-03 3.228766522387091300e+03
1.262121314522546408e-03 3.263186198345741104e+03
1.276750704319265127e-03 3.297942608994998864e+03
1.291549665014883131e-03 3.333038258848285750e+03
1.306520162124720367e-03 3.368475655601485414e+03
1.321664183946604648e-03 3.404257309800022540e+03
1.336983741824946011e-03 3.440385734498565398e+03
1.352480870417874584e-03 3.476863437217192313e+03
1.368157627967470829e-03 3.513692897986357366e+03
1.384016096573131068e-03 3.550876589907872585e+03
1.400058382468096939e-03 3.588416985275532170e+03
1.416286616299197981e-03 3.626316555154010985e+03
1.432702953409829925e-03 3.664577768950343852e+03
1.449309574126215940e-03 3.703203093976717810e+03
1.466108684046983808e-03 3.742194995005766941e+03
1.483102514336103470e-03 3.781555932945442692e+03
1.500293322019217047e-03 3.821288334815446433e+03
1.517683390283404692e-03 3.861394584610377933e+03
1.535275028780421847e-03 3.901877056646240362e+03
1.553070573933459063e-03 3.942738117255358247e+03
1.571072389247449340e-03 3.983980124220335711e+03
1.589282865622977398e-03 4.025605426198714213e+03
1.607704421673822760e-03 4.067616362138153363e+03
1.626339504048191073e-03 4.110015260682452208e+03
1.645190587753661863e-03 4.152804435243958324e+03
1.664260176485902803e-03 4.195986157014196579e+03
1.683550802961201673e-03 4.239562670437917404e+03
1.703065029252843121e-03 4.283536205105177942e+03
1.722805447131393322e-03 4.327908975111326981e+03
1.742774678408918554e-03 4.372683178359740850e+03
1.762975375287204483e-03 4.417860995854593966e+03
1.783410220710006724e-03 4.463444590983270245e+03
1.804081928719382128e-03 4.509436108611187592e+03
1.824993244816151307e-03 4.555837642647748908e+03
1.846146946324546618e-03 4.602651196890959909e+03
1.867545842761074654e-03 4.649878741380824977e+03
1.889192776207665675e-03 4.697522220165552426e+03
1.911090621689137074e-03 4.745583550423441920e+03
1.933242287555043959e-03 4.794064621573554177e+03
1.955650715865948734e-03 4.842967294375803249e+03
1.978318882784163655e-03 4.892293400020110312e+03
2.001249798969035980e-03 4.942044736397003362e+03
2.024446509976802599e-03 4.992223029291216335e+03
2.047912096665084614e-03 5.042829939753559302e+03
2.071649675602067840e-03 5.093867091734744463e+03
2.095662399480431679e-03 5.145336071770195304e+03
2.119953457536069303e-03 5.197238427940832480e+03
2.144526075971666789e-03 5.249575668823283195e+03
2.169383518385183292e-03 5.302349262429482224e+03
2.194529086203312468e-03 5.355560635136030214e+03
2.219966119119953351e-03 5.409211154249918764e+03
2.245697995539773072e-03 5.463302078195636568e+03
2.271728133026903931e-03 5.517834601387669863e+03
2.298059988758849835e-03 5.572809868283037758e+03
2.324697059985647227e-03 5.628228972181496829e+03
2.351642884494347698e-03 5.684092954016111435e+03
2.378901041078892130e-03 5.740402801134236142e+03
2.406475150015422761e-03 5.797159446068822035e+03
2.434368873543109931e-03 5.854363763653406750e+03
2.462585916350545565e-03 5.912016508675477780e+03
2.491130026067787072e-03 5.970118293755666855e+03
2.520004993764090716e-03 6.028669660578873845e+03
2.549214654451422042e-03 6.087671083659754913e+03
2.578762887593799742e-03 6.147122968948433481e+03
2.608653617622546696e-03 6.207025652428085778e+03
2.638890814457508453e-03 6.267379398705564199e+03
2.669478494034319832e-03 6.328184399594705610e+03
2.700420718837771242e-03 6.389440774278557910e+03
2.731721598441374903e-03 6.451148578100503073e+03
2.763385290053167829e-03 6.513307795119557341e+03
2.795415999067855668e-03 6.575918331624895472e+03
2.827817979625339880e-03 6.638980014679741544e+03
2.860595535175740160e-03 6.702492590684239076e+03
2.893753019050949830e-03 6.766455723934358502e+03
2.927294835042814833e-03 6.830868995177007491e+03
2.961225437988033050e-03 6.895731899293771676e+03
2.995549334359811234e-03 6.961043656868353537e+03
3.030271082866395349e-03 7.026802969464542912e+03
3.065395295056525492e-03 7.093008367997589630e+03
3.100926635931925118e-03 7.159658266770677074e+03
3.136869824566874444e-03 7.226750961595871559e+03
3.173229634734975584e-03 7.294284627918162187e+03
3.210010895543170123e-03 7.362257318943432438e+03
3.247218492073126669e-03 7.430666963771285737e+03
3.284857366030041314e-03 7.499511429983999733e+03
3.322932516398970689e-03 7.568789448224498301e+03
3.361449000108763119e-03 7.638500434197488175e+03
3.400411932703704086e-03 7.708643760643310088e+03
3.439826489022923713e-03 7.779218736683787029e+03
3.479697903887689868e-03 7.850224607036716407e+03
3.520031472796677097e-03 7.921660551233033402e+03
3.560832552629275994e-03 7.993525682836796477e+03
3.602106562357069216e-03 8.065819048667386596e+03
3.643858983763542669e-03 8.138538268236722615e+03
3.686095362172155891e-03 8.211675239563403011e+03
3.728821307182831907e-03 8.285220097642033579e+03
3.772042493416996253e-03 8.359162602229596814e+03
3.815764661271247096e-03 8.433492133003879644e+03
3.859993617679764906e-03 8.508197684856942942e+03
3.904735236885557934e-03 8.583267863331615445e+03
3.949995461220641955e-03 8.658690880209776878e+03
3.995780301895267457e-03 8.734454867114913213e+03
4.042095839796303568e-03 8.810560803477374066e+03
4.088948226294858955e-03 8.887027546327182790e+03
4.136343684063272831e-03 8.963875883680821062e+03
4.184288507901578850e-03 9.041127337084009923e+03
4.232789065573546415e-03 9.118804171382720597e+03
4.281851798652410411e-03 9.196929405031898568e+03
4.331483223376396928e-03 9.275526820973927897e+03
4.381689931514188077e-03 9.354620978118386120e+03
4.432478591240393562e-03 9.434226587447745260e+03
4.483855948021185124e-03 9.514276092957501533e+03
4.535828825510184945e-03 9.594660803348308036e+03
4.588404126454754574e-03 9.675268122221372323e+03
4.641588833612774606e-03 9.755981726268397324e+03
4.695390010680057340e-03 9.836681547496193161e+03
4.749814803228498243e-03 9.917243769852504556e+03
4.804870439655126689e-03 9.997540841011552402e+03
4.860564232142133151e-03 1.007744178798405483e+04
4.916903577628024651e-03 1.015688837698243333e+04
4.973895958790060245e-03 1.023600094658763010e+04
5.031548945038048955e-03 1.031492998432568493e+04
5.089870193519678392e-03 1.039383106496954861e+04
5.148867450137491197e-03 1.047286483618587408e+04
5.208548550577657595e-03 1.055219702835916360e+04
5.268921421350668960e-03 1.063199849002184237e+04
5.329994080844086858e-03 1.071244525032926322e+04
5.391774640387498457e-03 1.079370906291602114e+04
5.454271305329828380e-03 1.087581123511372789e+04
5.517492376129119747e-03 1.095864662920110459e+04
5.581446249454959617e-03 1.104210304996242667e+04
5.646141419303662458e-03 1.112606473916673349e+04
5.711586478126426739e-03 1.121041231474287633e+04
5.777790117970500218e-03 1.129502272246975190e+04
5.844761131633627142e-03 1.137976920087631879e+04
5.912508413831872763e-03 1.146452126005723039e+04
5.981040962380937930e-03 1.154916812471532103e+04
6.050367879391214433e-03 1.163369702612853325e+04
6.120498372476694711e-03 1.171812231007752780e+04
6.191441755977841743e-03 1.180245901173950188e+04
6.263207452198682815e-03 1.188672285547391584e+04
6.335804992658246836e-03 1.197093025502414457e+04
6.409244019356445839e-03 1.205509831388200473e+04
6.483534286054717238e-03 1.213924482583853387e+04
6.558685659571428586e-03 1.222338789434569117e+04
6.634708121092339726e-03 1.230752885919567052e+04
6.711611767496278476e-03 1.239164486442816451e+04
6.789406812696106158e-03 1.247571078558207955e+04
6.868103588995296514e-03 1.255970099538407703e+04
6.947712548460231209e-03 1.264358936606756652e+04
7.028244264308346374e-03 1.272734927218409211e+04
7.109709432312428558e-03 1.281095359392061073e+04
7.192118872221184116e-03 1.289437472093415272e+04
7.275483529196219955e-03 1.297758540916129277e+04
7.359814475265760887e-03 1.306056491042816924e+04
7.445122910795134823e-03 1.314329559540351329e+04
7.531420165974363201e-03 1.322575966890866403e+04
7.618717702322989373e-03 1.330793915170673608e+04
7.707027114212296713e-03 1.338981588447740069e+04
7.796360130405225256e-03 1.347137153195869359e+04
7.886728615614147300e-03 1.355258758725609187e+04
7.978144572076614760e-03 1.363344537265955296e+04
8.070620141149495441e-03 1.371392483272143545e+04
8.164167604921463567e-03 1.379400274433011327e+04
8.258799387844257406e-03 1.387365518605811121e+04
8.354528058382861000e-03 1.395285798307612458e+04
8.451366330684714073e-03 1.403158671412909098e+04
8.549327066268371661e-03 1.410981671883373929e+04
8.648423275731715806e-03 1.418752310529634451e+04
8.748668120479906676e-03 1.426468075805652006e+04
8.850074914473426979e-03 1.434126432900934742e+04
8.952657125996391421e-03 1.441724796253510976e+04
9.056428379445279064e-03 1.449260534393979469e+04
9.161402457138508384e-03 1.456730995023724972e+04
9.267593301146874116e-03 1.464133506784877500e+04
9.375015015145274355e-03 1.471465380280854333e+04
9.483681866285915280e-03 1.478723909131748769e+04
9.593608287093137454e-03 1.485906371064512496e+04
9.704808877380292215e-03 1.493010029037987442e+04
9.817298406188829443e-03 1.500032097589246405e+04
9.931091813749784100e-03 1.506969621500693393e+04
1.004620421346811773e-02 1.513819586829576292e+04
1.016265089392994099e-02 1.520578965562113626e+04
1.028044732093308204e-02 1.527244717061249685e+04
1.039960913954119000e-02 1.533813789554904906e+04
1.052015217616157974e-02 1.540283121666320221e+04
1.064209244064722934e-02 1.546649643986130286e+04
1.076544612842314681e-02 1.552910279177508346e+04
1.089022962263729542e-02 1.559061869111314081e+04
1.101645949633655273e-02 1.565101140978787953e+04
1.114415251466786827e-02 1.571024809150781402e+04
1.127332563710485222e-02 1.576829585634312389e+04
1.140399601970031561e-02 1.582512182041501364e+04
1.153618101736477233e-02 1.588069311603673668e+04
1.166989818617145645e-02 1.593497691229651173e+04
1.180516528568804208e-02 1.598794043607259846e+04
1.194200028133531391e-02 1.603955078474147376e+04
1.208042134677327073e-02 1.608977336819498123e+04
1.222044686631487166e-02 1.613857278845215660e+04
1.236209543736768203e-02 1.618591375346061977e+04
1.250538587290389754e-02 1.623176110981166312e+04
1.265033720395902610e-02 1.627607986894119495e+04
1.279696868215939552e-02 1.631883523378936115e+04
1.294529978227914289e-02 1.635999262589683894e+04
1.309535020482666470e-02 1.639951771133817965e+04
1.324713987866115404e-02 1.643737575742468835e+04
1.340068896363949026e-02 1.647353060925284808e+04
1.355601785329367710e-02 1.650794615290146612e+04
1.371314717753943473e-02 1.654058661525296338e+04
1.387209780541619544e-02 1.657141659625265311e+04
1.403289084785870784e-02 1.660040110155456205e+04
1.419554766050099524e-02 1.662750557552250393e+04
1.436008984651259215e-02 1.665269593455604991e+04
1.452653925946778904e-02 1.667593852342502942e+04
1.469491800624815429e-02 1.669719880303687023e+04
1.486524844997855720e-02 1.671644155046271771e+04
1.503755321299736145e-02 1.673363209799553806e+04
1.521185517986103040e-02 1.674873641340652102e+04
1.538817750038344936e-02 1.676172113810148221e+04
1.556654359271059974e-02 1.677255362544554373e+04
1.574697714643085236e-02 1.678120197921414001e+04
1.592950212572120244e-02 1.678763509211860583e+04
1.611414277253018015e-02 1.679182240336529867e+04
1.630092360979739502e-02 1.679373289921497781e+04
1.648986944471062324e-02 1.679333608425319835e+04
1.668100537200057146e-02 1.679060240868164692e+04
1.687435677727374198e-02 1.678550330933725490e+04
1.706994934038405520e-02 1.677801125048620088e+04
1.726780903884354151e-02 1.676809976438100784e+04
1.746796215127244256e-02 1.675574349151716888e+04
1.767043526088944369e-02 1.674091821755791898e+04
1.787525525904233581e-02 1.672360075044904079e+04
1.808244934877948837e-02 1.670376887657186671e+04
1.829204504846291754e-02 1.668140162910262734e+04
1.850407019542300510e-02 1.665647934715071096e+04
1.871855294965576663e-02 1.662898371353232142e+04
1.893552179756293266e-02 1.659889779179031029e+04
1.915500555573526609e-02 1.656620606238880646e+04
1.937703337477986176e-02 1.653089445801212059e+04
1.960163474319183419e-02 1.649295057325506423e+04
1.982883949127068474e-02 1.645236509163415030e+04
2.005867779508231641e-02 1.640913105773728239e+04
2.029118018046676200e-02 1.636324307606829097e+04
2.052637752709248961e-02 1.631469732907920661e+04
2.076430107255772262e-02 1.626349160141918219e+04
2.100498241653913495e-02 1.620962530279727434e+04
2.124845352498879944e-02 1.615309948940038703e+04
2.149474673437978475e-02 1.609391688699849146e+04
2.174389475600078253e-02 1.603208368985954985e+04
2.199593068030071888e-02 1.596761249792082526e+04
2.225088798128367282e-02 1.590051829268785332e+04
2.250880052095458397e-02 1.583081765005146917e+04
2.276970255381677299e-02 1.575852874005992999e+04
2.303362873142129202e-02 1.568367132503608991e+04
2.330061410696921201e-02 1.560626675602129035e+04
2.357069413996725274e-02 1.552633796752897797e+04
2.384390470093718586e-02 1.544390984067830323e+04
2.412028207618003781e-02 1.535901605241665675e+04
2.439986297259547771e-02 1.527169823902722783e+04
2.468268452255688306e-02 1.518199948268876869e+04
2.496878428884323833e-02 1.508996402985971326e+04
2.525820026962782502e-02 1.499563725437682115e+04
2.555097090352503181e-02 1.489906561960197541e+04
2.584713507469561106e-02 1.480029663965912187e+04
2.614673211801089858e-02 1.469937883980908191e+04
2.644980182427715890e-02 1.459636480422281238e+04
2.675638444552042375e-02 1.449132303047198002e+04
2.706652070033239293e-02 1.438432695533467449e+04
2.738025177927854228e-02 1.427545016049860533e+04
2.769761935036888292e-02 1.416476629997319651e+04
2.801866556459190957e-02 1.405234903018306068e+04
2.834343306151305975e-02 1.393827194156977203e+04
2.867196497493766996e-02 1.382260849176669581e+04
2.900430493863987227e-02 1.370543214157068905e+04
2.934049709215783702e-02 1.358682848844308137e+04
2.968058608665600367e-02 1.346690167438251046e+04
3.002461709085545161e-02 1.334575598214441379e+04
3.037263579703308389e-02 1.322349401251548989e+04
3.072468842709001266e-02 1.310021660388904274e+04
3.108082173869059980e-02 1.297602275789817577e+04
3.144108303147261779e-02 1.285100957102122993e+04
3.180552015332915178e-02 1.272527217206345813e+04
3.217418150676367578e-02 1.259890583193949169e+04
3.254711605531845214e-02 1.247202394842813010e+04
3.292437333007763867e-02 1.234474794484331687e+04
3.330600343624585263e-02 1.221719581774756989e+04
3.369205705980264642e-02 1.208948197908760812e+04
3.408258547423447665e-02 1.196171722747478634e+04
3.447764054734461098e-02 1.183400872926774719e+04
3.487727474814172890e-02 1.170646000901628940e+04
3.528154115380878475e-02 1.157917096432687686e+04
3.569049345675226470e-02 1.145224967382768045e+04
3.610418597173332272e-02 1.132583262276843561e+04
3.652267364308171838e-02 1.120005629709991445e+04
3.694601205199299354e-02 1.107505143449745992e+04
3.737425742391059513e-02 1.095094310192086959e+04
3.780746663599345719e-02 1.082785078779796822e+04
3.824569722466996530e-02 1.070588850772668047e+04
3.868900739327971183e-02 1.058516492261753410e+04
3.913745601980380545e-02 1.046578256644723115e+04
3.959110266468453265e-02 1.034782015163717551e+04
4.005000757873606460e-02 1.023133467714811013e+04
4.051423171114643812e-02 1.011637931882977682e+04
4.098383671757255958e-02 1.000300425790282861e+04
4.145888496832907111e-02 9.891256786693007598e+03
4.193943955667183560e-02 9.781181416270432237e+03
4.242556430717771970e-02 9.672819985686764994e+03
4.291732378422153521e-02 9.566211772524444314e+03
4.341478330055086043e-02 9.461406395106650962e+03
4.391800892596080946e-02 9.358515744298123536e+03
4.442706749606879085e-02 9.257666839677416647e+03
4.494202662119135827e-02 9.158980540218664828e+03
4.546295469532394412e-02 9.062571875959856698e+03
4.598992090522435044e-02 8.968550403435347107e+03
4.652299523960182898e-02 8.877020573539501129e+03
4.706224849841277036e-02 8.788082110605706475e+03
4.760775230226364785e-02 8.701819189877134704e+03
4.815957910192344982e-02 8.618173100573238116e+03
4.871780218794626721e-02 8.536993058915610163e+03
4.928249570040506289e-02 8.458131988515127887e+03
4.985373463873887800e-02 8.381448069226596999e+03
5.043159487171355176e-02 8.306804441139880510e+03
5.101615314749827212e-02 8.234068930706622268e+03
5.160748710385902605e-02 8.163113806343757460e+03
5.220567527846971256e-02 8.093828328123130632e+03
5.281079711934324322e-02 8.026143489764634069e+03
5.342293299538347640e-02 7.959999501933829379e+03
5.404216420705911655e-02 7.895338373978242089e+03
5.466857299720174340e-02 7.832103837862250657e+03
5.530224256192894927e-02 7.770241275844758093e+03
5.594325706169369500e-02 7.709697550408868665e+03
5.659170163246236840e-02 7.650376269524911550e+03
5.724766239702173964e-02 7.592069686084125351e+03
5.791122647641750582e-02 7.534558247707359442e+03
5.858248200152529894e-02 7.477628855875921545e+03
5.926151812475548286e-02 7.421074677640608570e+03
5.994842503189401484e-02 7.364695015808460994e+03
6.064329395408056544e-02 7.308294876627187477e+03
6.134621717992497919e-02 7.251681891230215115e+03
6.205728806776493467e-02 7.194667976443814950e+03
6.277660105806494306e-02 7.137071354559604515e+03
6.350425168595953684e-02 7.078716700783400483e+03
6.424033659394184914e-02 7.019435313081348795e+03
6.498495354469883967e-02 6.959063085213116210e+03
6.573820143409576933e-02 6.897422636553573284e+03
6.650018030431112392e-02 6.834333857638898735e+03
6.727099135712333311e-02 6.769625502765465171e+03
6.805073696735199074e-02 6.703135725683696364e+03
6.883952069645490890e-02 6.634712564831542295e+03
6.963744730628212976e-02 6.564228807356320431e+03
7.044462277299029518e-02 6.491605919781864031e+03
7.126115430111740201e-02 6.416780651777990897e+03
7.208715033782125969e-02 6.339698723660477299e+03
7.292272058728306583e-02 6.260315139387416821e+03
7.376797602527726538e-02 6.178606056971822909e+03
7.462302891391099646e-02 6.094624071666096825e+03
7.548799281653424675e-02 6.008451582676781982e+03
7.636298261282230271e-02 5.920175178374705865e+03
7.724811451403391926e-02 5.829885433811827170e+03
7.814350607844536278e-02 5.737694007550148854e+03
7.904927622696410194e-02 5.643803496255419304e+03
7.996554525892338172e-02 5.548440934170738728e+03
8.089243486805931804e-02 5.451827147429028628e+03
8.183006815867380213e-02 5.354176446969770041e+03
8.277856966198465782e-02 5.255729752177402588e+03
8.373806535266484219e-02 5.156787617870551003e+03
8.470868266557393667e-02 5.057643430722771882e+03
8.569055051268339995e-02 4.958573822884832225e+03
8.668379930019762258e-02 4.859847106861076099e+03
8.768856094587416938e-02 4.761782270768280796e+03
8.870496889654395922e-02 4.664707881352447657e+03
8.973315814583508743e-02 4.568927517310009534e+03
9.077326525210215047e-02 4.474723020169617484e+03
9.182542835656276603e-02 4.382405200020999473e+03
9.288978720164486891e-02 4.292304751007938648e+03
9.396648314954682280e-02 4.204724564790659315e+03
9.505565920101186062e-02 4.119939864376712649e+03
9.615746001432085022e-02 4.038199732676825079e+03
9.727203192450530056e-02 3.959719535961897691e+03
9.839952296278213495e-02 3.884685822698609172e+03
9.954008287621508855e-02 3.813267912577509378e+03
1.006938631476026330e-01 3.745620572098493540e+03
1.018610170155973965e-01 3.681863117902811155e+03
1.030416994950586612e-01 3.621963625902240892e+03
1.042360673976400476e-01 3.565838844843061906e+03
1.054442793526167294e-01 3.513412145141635847e+03
1.066664958279537889e-01 3.464611067289858966e+03
1.079028791516182112e-01 3.419261315674844809e+03
1.091535935331389984e-01 3.377057414831534970e+03
1.104188050854159470e-01 3.337702223389364008e+03
1.116986818467821246e-01 3.300915131972406471e+03
1.129933938033220592e-01 3.266390231709839554e+03
1.143031129114477906e-01 3.233732517048966201e+03
1.156280131207374218e-01 3.202547351090614484e+03
1.169682703970383736e-01 3.172455865166708008e+03
1.183240627458377325e-01 3.143078928900927167e+03
1.196955702359041446e-01 3.114007783356031268e+03
1.210829750232038649e-01 3.084840490379420771e+03
1.224864613750929060e-01 3.055190197815790270e+03
1.239062156947914467e-01 3.024689945663167691e+03
1.253424265461398623e-01 2.992997951729633314e+03
1.267952846786432330e-01 2.959790425126252558e+03
1.282649830528058976e-01 2.924765601709858856e+03
1.297517168657586206e-01 2.887715171293029016e+03
1.312556835771841179e-01 2.848516554484306198e+03
1.327770829355428006e-01 2.807065603457263023e+03
1.343161170046014707e-01 2.763312585031672370e+03
1.358729901902707704e-01 2.717382061595197229e+03
1.374479092677535763e-01 2.669445477981646491e+03
1.390410834090068104e-01 2.619681751903041913e+03
1.406527242105235220e-01 2.568376126983017457e+03
1.422830457214351030e-01 2.515892164162101835e+03
1.439322644719404909e-01 2.462578062578857953e+03
1.456005995020647481e-01 2.408811754868565458e+03
1.472882723907500968e-01 2.355032396077529484e+03
1.489955072852852114e-01 2.301653952593736449e+03
1.507225309310754602e-01 2.249083970366480116e+03
1.524695727017571223e-01 2.197770786961562862e+03
1.542368646296626011e-01 2.148134348672281249e+03
1.560246414366366907e-01 2.100554036290831391e+03
1.578331405652114716e-01 2.055370625032358021e+03
1.596626022101423625e-01 2.012892884718814230e+03
1.615132693503088801e-01 1.973350108702763009e+03
1.633853877809858524e-01 1.936809073410716110e+03
1.652792061464892492e-01 1.903307776105305720e+03
1.671949759731987672e-01 1.872781409982332434e+03
1.691329517029645513e-01 1.844986438727218456e+03
1.710933907269012455e-01 1.819674319690402854e+03
1.730765534195721767e-01 1.796519341876364706e+03
1.750827031735721628e-01 1.775124431940657587e+03
1.771121064345085594e-01 1.755103577542723997e+03
1.791650327363897566e-01 1.736046536184543811e+03
1.812417547374234328e-01 1.717543999312238384e+03
1.833425482562288100e-01 1.699195021409740320e+03
1.854676923084695728e-01 1.680598002395356161e+03
1.876174691439118081e-01 1.661370089131342411e+03
1.897921642839097145e-01 1.641175883717646457e+03
1.919920665593281006e-01 1.619715543133915389e+03
1.942174681489023391e-01 1.596776763161853296e+03
1.964686646180442142e-01 1.572286556176731665e+03
1.987459549580979923e-01 1.546229967047270748e+03
2.010496416260496022e-01 1.518779467127387534e+03
2.033800305846977796e-01 1.490171131908108464e+03
2.057374313432909774e-01 1.460730338728307288e+03
2.081221569986336506e-01 1.430843864723182378e+03
2.105345242766701597e-01 1.400899801832238381e+03
2.129748535745517590e-01 1.371297042527619169e+03
2.154434690031879762e-01 1.342404722791294262e+03
2.179406984302951489e-01 1.314557986128267430e+03
2.204668735239406208e-01 1.288050842131756099e+03
2.230223297965933937e-01 1.263100952897656043e+03
2.256074066496857322e-01 1.239876585011161978e+03
2.282224474186894947e-01 1.218429663543006200e+03
2.308677994187165183e-01 1.198754718830395404e+03
2.335438139906475252e-01 1.180729261504502574e+03
2.362508465477944353e-01 1.164177296893698440e+03
2.389892566231045512e-01 1.148836888603735133e+03
2.417594079169126942e-01 1.134411162858846865e+03
2.445616683452441209e-01 1.120557153600224638e+03
2.473964100886809347e-01 1.106925779308898200e+03
2.502640096417915183e-01 1.093179291362393769e+03
2.531648478631349786e-01 1.079019487526730472e+03
2.560993100258455168e-01 1.064235333455295404e+03
2.590677858688005264e-01 1.048701436863264462e+03
2.620706696483847131e-01 1.032412001992608566e+03
2.651083601908534870e-01 1.015447376530253905e+03
2.681812609453009255e-01 9.979650099798666361e+02
2.712897800372461865e-01 9.801702086442408017e+02
2.744343303228360953e-01 9.622928760072389878e+02
2.776153294436795038e-01 9.445818032384730714e+02
2.808331998823167530e-01 9.272825894068535035e+02
2.840883690183299559e-01 9.106298808253724246e+02
2.873812691851060364e-01 8.948079852365042370e+02
2.907123377272573528e-01 8.799417211729748942e+02
2.940820170587059579e-01 8.660593156961475643e+02
2.974907547214434844e-01 8.531112013531823095e+02
3.009390034449713203e-01 8.409773016034250759e+02
3.044272212064296212e-01 8.294913578994603540e+02
3.079558712914221008e-01 8.184652173592581903e+02
3.115254223555483648e-01 8.076995089352061541e+02
3.151363484866475662e-01 7.969995266990981690e+02
3.187891292677637600e-01 7.861959841422537920e+02
3.224842498408434510e-01 7.751649822581211993e+02
3.262222009711663318e-01 7.638555941945650147e+02
3.300034791125279754e-01 7.522868580930610278e+02
3.338285864731757036e-01 7.405395002688105706e+02
3.376980310825088427e-01 7.287354404903043132e+02
3.416123268585519734e-01 7.170140268644520347e+02
3.455719936762132183e-01 7.055167011114648403e+02
3.495775574363269023e-01 6.943722841262028851e+02
3.536295501355037896e-01 6.836769435199732925e+02
3.577285099367869536e-01 6.734774740310248262e+02
3.618749812411271027e-01 6.637669555434322319e+02
3.660695147596894072e-01 6.544915609678059809e+02
3.703126675869919948e-01 6.455689517421569690e+02
3.746050032748987069e-01 6.369045312845114495e+02
3.789470919074662825e-01 6.283989928114785926e+02
3.833395101766597923e-01 6.199562151798970717e+02
3.877828414589447603e-01 6.114978525744733133e+02
3.922776758927711827e-01 6.029851509533817762e+02
3.968246104569475019e-01 5.944304258227266473e+02
4.014242490499316252e-01 5.858862762492457250e+02
4.060772025700360999e-01 5.774202354163112432e+02
4.107840889965636011e-01 5.690939776789437019e+02
4.155455334718866078e-01 5.609585964082041301e+02
4.203621683844705470e-01 5.530577472857726207e+02
4.252346334528675498e-01 5.454208323297539209e+02
4.301635758106789886e-01 5.380445280677308801e+02
4.351496500925045585e-01 5.308881826981505583e+02
4.401935185208863954e-01 5.238958795954583820e+02
4.452958509942646081e-01 5.170223520668080255e+02
4.504573251759450558e-01 5.102358474638934922e+02
4.556786265841057948e-01 5.035072215226803678e+02
4.609604486828429160e-01 4.968149412348340093e+02
4.663034929742719270e-01 4.901649142563418309e+02
4.717084690917007217e-01 4.835908360898295655e+02
4.771760948938736924e-01 4.771275275431188447e+02
4.827070965603176278e-01 4.707929755736493576e+02
4.883022086877874535e-01 4.645974732425972888e+02
4.939621743878316318e-01 4.585510356107917005e+02
4.996877453854872697e-01 4.526500104995594143e+02
5.054796821191230860e-01 4.468701990241532940e+02
5.113387538414317923e-01 4.411851816884320101e+02
5.172657387216013092e-01 4.355812147827679723e+02
5.232614239486657048e-01 4.300492680695418244e+02
5.293266058360548421e-01 4.245792254439961084e+02
5.354620899273596635e-01 4.191729802505552129e+02
5.416686911033142815e-01 4.138466819901755684e+02
5.479472336900278462e-01 4.086122535500597337e+02
5.542985515684663023e-01 4.034702210322996052e+02
5.607234882852017988e-01 3.984219329419423730e+02
5.672228971644530660e-01 3.934692824923616286e+02
5.737976414214123189e-01 3.886019159186982392e+02
5.804485942768968787e-01 3.838055682685944134e+02
5.871766390733248464e-01 3.790768833958883874e+02
5.939826693920350342e-01 3.744148943678855517e+02
6.008675891719672535e-01 3.698133135700863932e+02
6.078323128297217215e-01 3.652742491718155975e+02
6.148777653810012511e-01 3.608065631387329972e+02
6.220048825634703071e-01 3.564087499226474165e+02
6.292146109610337046e-01 3.520789341428515513e+02
6.365079081295554886e-01 3.478153246451169593e+02
6.438857427240405329e-01 3.436145858899541849e+02
6.513490946272790794e-01 3.394735084410820605e+02
6.588989550799940753e-01 3.353890973285793393e+02
6.665363268124905316e-01 3.313598173102670899e+02
6.742622241778335468e-01 3.273852003232304924e+02
6.820776732865669878e-01 3.234648004836562905e+02
6.899837121430004716e-01 3.195981635573895119e+02
6.979813907830648700e-01 3.157845422687840369e+02
7.060717714137764167e-01 3.120227175677875380e+02
7.142559285543118586e-01 3.083114575247010976e+02
7.225349491787196321e-01 3.046495644624798160e+02
7.309099328602896017e-01 3.010358740153737926e+02
7.393819919175852462e-01 2.974692542192756832e+02
7.479522515621810363e-01 2.939486046325778261e+02
7.566218500481046716e-01 2.904728554863624481e+02
7.653919388230141507e-01 2.870409668628159352e+02
7.742636826811252204e-01 2.836519279008282410e+02
7.832382599179181781e-01 2.803047560276787635e+02
7.923168624866241405e-01 2.769984962158950452e+02
8.015006961565395160e-01 2.737322202642599223e+02
8.107909806731679048e-01 2.705050261049563005e+02
8.201889499202184020e-01 2.673160482967957137e+02
8.296958520834889494e-01 2.641644817638354539e+02
8.393129498166350677e-01 2.610495506667583641e+02
8.490415204088734846e-01 2.579705002356939190e+02
8.588828559546241026e-01 2.549265962487268382e+02
8.688382635251177266e-01 2.519171245258299336e+02
8.789090653419935339e-01 2.489413904376720836e+02
8.890965989529141522e-01 2.459987184287376465e+02
8.994022174092030086e-01 2.430884515542549309e+02
9.098272894455547988e-01 2.402099510304077512e+02
9.203731996618214062e-01 2.373625957973584377e+02
9.310413487069052474e-01 2.345457820945906349e+02
9.418331534647932379e-01 2.317589230481376319e+02
9.527500472427273825e-01 2.290014482692429851e+02
9.637934799615772707e-01 2.262728034640294368e+02
9.749649183484077053e-01 2.235724500537759241e+02
9.862658461312796554e-01 2.208998648053870113e+02
9.976977642363179521e-01 2.182545394717030547e+02
1.009262190987045615e+00 2.156359804412459482e+02
1.020960662306044986e+00 2.130437101642127686e+02
1.032794731918950104e+00 2.104772785164502693e+02
1.044765971560803308e+00 2.079362545329441332e+02
1.056875971184801477e+00 2.054202195839239096e+02
1.069126339173473994e+00 2.029287670548796427e+02
1.081518702552286326e+00 2.004615020700731804e+02
1.094054707205741162e+00 1.980180412224980273e+02
1.106736018095972218e+00 1.955980123100158607e+02
1.119564319483875581e+00 1.932010540774585365e+02
1.132541315152809203e+00 1.908268159644770208e+02
1.145668728634869460e+00 1.884749578589106704e+02
1.158948303439808925e+00 1.861451498554838508e+02
1.172381803286597357e+00 1.838370720196311652e+02
1.185971012337668551e+00 1.815504141562339839e+02
1.199717735435881671e+00 1.792848755831359995e+02
1.213623798344238169e+00 1.770401649091941465e+02
1.227691047988357376e+00 1.748159998167623428e+02
1.241921352701781833e+00 1.726121068483819840e+02
1.256316602474119026e+00 1.704282211975593668e+02
1.270878709202055257e+00 1.682640872631210982e+02
1.285609606943292516e+00 1.661194747226325887e+02
1.300511252173406351e+00 1.639941771472077221e+02
1.315585624045702007e+00 1.618879949196118275e+02
1.330834724654073264e+00 1.598007343338863109e+02
1.346260579298908633e+00 1.577322074468359858e+02
1.361865236756078401e+00 1.556822319318379186e+02
1.377650769549050969e+00 1.536506309348923764e+02
1.393619274224140003e+00 1.516372329328653450e+02
1.409772871628964586e+00 1.496418715938498849e+02
1.426113707194127000e+00 1.476643856395801890e+02
1.442643951218154141e+00 1.457046187098688108e+02
1.459365799155753374e+00 1.437624192289785867e+02
1.476281471909387077e+00 1.418376402738997513e+02
1.493393216124249800e+00 1.399301394444880771e+02
1.510703304486652465e+00 1.380397787353923889e+02
1.528214036025868250e+00 1.361664244097543417e+02
1.545927736419473675e+00 1.343099468746283662e+02
1.563846758302243289e+00 1.324702205580807686e+02
1.581973481578597518e+00 1.306471238395419618e+02
1.600310313738698254e+00 1.288405473978889688e+02
1.618859690178196420e+00 1.270504028533504766e+02
1.637624074521683681e+00 1.252766061385935075e+02
1.656605958949910251e+00 1.235190750682494212e+02
1.675807864530764357e+00 1.217777292613123450e+02
1.695232341554117506e+00 1.200524900646148154e+02
1.714881969870537537e+00 1.183432804773897544e+02
1.734759359233926546e+00 1.166500250769006470e+02
1.754867149648146718e+00 1.149726499451491009e+02
1.775208011717630985e+00 1.133110825966515165e+02
1.795784647002092393e+00 1.116652519072894023e+02
1.816599788375324875e+00 1.100350880442278054e+02
1.837656200388168903e+00 1.084205223969055822e+02
1.858956679635682452e+00 1.068214875090977642e+02
1.880504055128578100e+00 1.052379170120475607e+02
1.902301188668940934e+00 1.036697455586833456e+02
1.924350975230327832e+00 1.021169087588997542e+02
1.946656343342259454e+00 1.005793431159286371e+02
1.969220255479166903e+00 9.905698596378947229e+01
1.992045708453865194e+00 9.754977991293110051e+01
2.015135733815553110e+00 9.605768947258010826e+01
2.038493398252459343e+00 9.458068459382823789e+01
2.062121803999140468e+00 9.311873387737908558e+01
2.086024089248501578e+00 9.167180456537943201e+01
2.110203428568589779e+00 9.023986253543455405e+01
2.134663033324239123e+00 8.882287229542578189e+01
2.159406152103561904e+00 8.742079697911493952e+01
2.184436071149423508e+00 8.603359834253542715e+01
2.209756114795899062e+00 8.466123676117398134e+01
2.235369645909789149e+00 8.330367122793519741e+01
2.261280066337272743e+00 8.196085935188658311e+01
2.287490817355697814e+00 8.063275735778741193e+01
2.314005380130648604e+00 7.931932008638803211e+01
2.340827276178290006e+00 7.802050099550098139e+01
2.367960067833074778e+00 7.673625216183975795e+01
2.395407358720871738e+00 7.546652428362075682e+01
2.423172794237594019e+00 7.421126668392059855e+01
2.451260062033334020e+00 7.297042731478381938e+01
2.479672892502154724e+00 7.174395438146085269e+01
2.508415059277536496e+00 7.053181399170556176e+01
2.537490379733563284e+00 6.933398217920975526e+01
2.566902715491944598e+00 6.815043161038192920e+01
2.596655972934865719e+00 6.698113141728852327e+01
2.626754103723832223e+00 6.582604727418875257e+01
2.657201105324501267e+00 6.468514147426029126e+01
2.688001021537603119e+00 6.355837300647156951e+01
2.719157943036010661e+00 6.244569763255807260e+01
2.750676007908059884e+00 6.134706796404716300e+01
2.782559402207119170e+00 6.026243353929618252e+01
2.814812360507575661e+00 5.919174090049879311e+01
2.847439166467243155e+00 5.813493367060920747e+01
2.880444153396288787e+00 5.709195263015487853e+01
2.913831704832780201e+00 5.606273579388472683e+01
2.947606255124850971e+00 5.504721848722015665e+01
2.981772290019666816e+00 5.404533342246918437e+01
3.016334347259191695e+00 5.305701077476066274e+01
3.051297017182866167e+00 5.208217825766799791e+01
3.086664943337265488e+00 5.112076137572143608e+01
3.122442823092849373e+00 5.017269136630028470e+01
3.158635408267811417e+00 4.923790769087575114e+01
3.195247505759207129e+00 4.831634703860022029e+01
3.232283978181375250e+00 4.740794257851634086e+01
3.269749744511758038e+00 4.651262408507509605e+01
3.307649780744232881e+00 4.563031806243481725e+01
3.345989120549966334e+00 4.476094786747523813e+01
3.384772855945975767e+00 4.390443383146468648e+01
3.424006137971419506e+00 4.306069338032478555e+01
3.463694177371722915e+00 4.222964115343746982e+01
3.503842245290665680e+00 4.141118912094267301e+01
3.544455673970426268e+00 4.060524669947768217e+01
3.585539857459808299e+00 3.981172086631733720e+01
3.627100252330640817e+00 3.903051627186347616e+01
3.669142378402487914e+00 3.826153535045540366e+01
3.711671819475755196e+00 3.750467842945263897e+01
3.754694224073326314e+00 3.675984383656935250e+01
3.798215306190726892e+00 3.602692800541472451e+01
3.842240846055053005e+00 3.530582557984329384e+01
3.886776690892660646e+00 3.459643063344605451e+01
3.931828755705757406e+00 3.389863892540721224e+01
3.977403024058025149e+00 3.321234499610872604e+01
4.023505548869283466e+00 3.253744159651653689e+01
4.070142453219429690e+00 3.187381979928216325e+01
4.117319931161670610e+00 3.122136910756623251e+01
4.165044248545179073e+00 3.057997756156822078e+01
4.213321743847276757e+00 2.994953184274772084e+01
4.262158829015312733e+00 2.932991737572114488e+01
4.311561990318218740e+00 2.872101842782798542e+01
4.361537789207996951e+00 2.812271820635890762e+01
4.412092863191181991e+00 2.753489895343959404e+01
4.463233926710382882e+00 2.695744203857120169e+01
4.514967772036088789e+00 2.639022804882618445e+01
4.567301270168734995e+00 2.583313687670337444e+01
4.620241371751302673e+00 2.528604780564749888e+01
4.673795107992455122e+00 2.474883959323988591e+01
4.727969591600383659e+00 2.422139055207101421e+01
4.782772017727470626e+00 2.370357862830464057e+01
4.838209664925944509e+00 2.319528148986776728e+01
4.894289896114520033e+00 2.269637667201392617e+01
4.951020159556341227e+00 2.220674159372101997e+01
5.008407989848203457e+00 2.172625358813487395e+01
5.066461008921252507e+00 2.125478997018751670e+01
5.125186927053318797e+00 2.079222810216664286e+01
5.184593543892900058e+00 2.033844545709213492e+01
5.244688749495107771e+00 1.989331967992209016e+01
5.305480525369564937e+00 1.945672864661520052e+01
5.366976945540468336e+00 1.902855052107443257e+01
5.429186177618927189e+00 1.860866381000192149e+01
5.492116483887774514e+00 1.819694741569080776e+01
5.555776222398865372e+00 1.779328068678709940e+01
5.620173848083176438e+00 1.739754346704891574e+01
5.685317913873744189e+00 1.700961614213674622e+01
5.751217071841596251e+00 1.662937968446523129e+01
5.817880074344919272e+00 1.625671569614993928e+01
5.885315775191436671e+00 1.589150645008279916e+01
5.953533130814357754e+00 1.553363492916929545e+01
6.022541201461917737e+00 1.518298484589600150e+01
6.092349152400691636e+00 1.483944033688239728e+01
6.162966255132924509e+00 1.450288605855053703e+01
6.234401888627847832e+00 1.417320756665612258e+01
6.306665540567391481e+00 1.385029135734935757e+01
6.379766808606270878e+00 1.353402489292942867e+01
6.453715401646691774e+00 1.322429662611890677e+01
6.528521141127827221e+00 1.292099602288987903e+01
6.604193962330286993e+00 1.262401358387771566e+01
6.680743915695598112e+00 1.233324086441740874e+01
6.758181168161097041e+00 1.204857049323568141e+01
6.836516004510227340e+00 1.176989618983446917e+01
6.915758828738503894e+00 1.149711278059937136e+01
6.995920165435354221e+00 1.123011621366723034e+01
7.077010661181871498e+00 1.096880357258702432e+01
7.159041085964872764e+00 1.071307308880770037e+01
7.242022334607302270e+00 1.046282415302626312e+01
7.325965428215218900e+00 1.021795732542924995e+01
7.410881515641548845e+00 9.978374344861219214e+00
7.496781874966857551e+00 9.743978135181258438e+00
7.583677914997172920e+00 9.514672584670114119e+00
7.671581176779286970e+00 9.290362356792622123e+00
7.760503335133557279e+00 9.070953331408055931e+00
7.850456200204484425e+00 8.856352662148973209e+00
7.941451719029317680e+00 8.646468776224566000e+00
8.033501977124714699e+00 8.441211373510329352e+00
8.126619200091928619e+00 8.240491424949984989e+00
8.220815755240526101e+00 8.044221170296061985e+00
8.316104153230948981e+00 7.852314115214574564e+00
8.412497049736094468e+00 7.664685027779370330e+00
8.510007247122224783e+00 7.481249934379989419e+00
8.608647696149226647e+00 7.301926115068338774e+00
8.708431497690707346e+00 7.126632098366915358e+00
8.809371904473977111e+00 6.955287655562766957e+00
8.911482322840175385e+00 6.787813794509220955e+00
9.014776314524892697e+00 6.624132752958126424e+00
9.119267598459275703e+00 6.464167991444601746e+00
9.224970052592155412e+00 6.307844185745070220e+00
9.331897715733223464e+00 6.155087218930063386e+00
9.440064789417590418e+00 6.005824095904998217e+00
9.549485639791939207e+00 5.859982677972300991e+00
9.660174799522621925e+00 5.717491953528822002e+00
9.772146969725703514e+00 5.578282129947560897e+00
9.885417021919554514e+00 5.442284621148099966e+00
9.999999999999984013e+00 5.309432034986397930e+00
