1.000000000000000048e-04 2.831192142020963942e+01
1.011591112223829728e-04 2.862940562274665979e+01
1.023316578330244966e-04 2.895044719294613600e+01
1.035177955630176363e-04 2.927508588863020123e+01
1.047176819485520245e-04 2.960336189485248326e+01
1.059314763518370031e-04 2.993531584309179649e+01
1.071593399822671198e-04 3.027098881636364069e+01
1.084014359178330883e-04 3.061042235420007529e+01
1.096579291267809898e-04 3.095365845768481705e+01
1.109289864895222780e-04 3.130073959454218624e+01
1.122147768207980425e-04 3.165170870428312355e+01
1.135154708920999033e-04 3.200660920227097961e+01
1.148312414543511137e-04 3.236548498266461849e+01
1.161622632608502026e-04 3.272838042634566591e+01
1.175087130904807752e-04 3.309534040689151624e+01
1.188707697711903445e-04 3.346641029600217365e+01
1.202486142037412301e-04 3.384163596898404336e+01
1.216424293857368039e-04 3.422106381029469446e+01
1.230524004359261579e-04 3.460474071914752159e+01
1.244787146187906256e-04 3.499271411559349332e+01
1.259215613694151213e-04 3.538503195562044112e+01
1.273811323186478520e-04 3.578174273755224988e+01
1.288576213185518003e-04 3.618289549886247158e+01
1.303512244681509209e-04 3.658853982169394925e+01
1.318621401394748729e-04 3.699872583886705257e+01
1.333905690039058638e-04 3.741350423995314145e+01
1.349367140588306701e-04 3.783292627741383995e+01
1.365007806546013845e-04 3.825704377280793977e+01
1.380829765218092534e-04 3.868590910244048331e+01
1.396835117988739897e-04 3.911957510872581167e+01
1.413025990599533870e-04 3.955809517646428475e+01
1.429404533431761061e-04 4.000152327699071719e+01
1.445972921792019735e-04 4.044991397453537729e+01
1.462733356201130139e-04 4.090332243262229639e+01
1.479688062686396383e-04 4.136180442052986450e+01
1.496839293077255632e-04 4.182541631982336838e+01
1.514189325304352289e-04 4.229421513168671254e+01
1.531740463702080011e-04 4.276825854434182617e+01
1.549495039314631917e-04 4.324760498885988369e+01
1.567455410205595065e-04 4.373231355398636566e+01
1.585623961771137158e-04 4.422244398285148037e+01
1.604003107056820173e-04 4.471805668015750967e+01
1.622595287078087273e-04 4.521921271944399479e+01
1.641402971144466632e-04 4.572597385042953277e+01
1.660428657187529853e-04 4.623840250643696237e+01
1.679674872092653496e-04 4.675656179620433051e+01
1.699144172034626271e-04 4.728051535584624077e+01
1.718839142817145805e-04 4.781032741447209133e+01
1.738762400216250798e-04 4.834606290048737520e+01
1.758916590327733002e-04 4.888778745049735619e+01
1.779304389918577567e-04 4.943556741684434996e+01
1.799928506782476725e-04 4.998946987522484875e+01
1.820791680099462630e-04 5.054956263238572944e+01
1.841896680799711133e-04 5.111591423390415656e+01
1.863246311931559835e-04 5.168859398546339889e+01
1.884843409033795745e-04 5.226767199007670683e+01
1.906690840512252356e-04 5.285321912412319989e+01
1.928791508020778235e-04 5.344530703765510538e+01
1.951148346846616683e-04 5.404400816265738428e+01
1.973764326300255834e-04 5.464939572139969926e+01
1.996642450109793916e-04 5.526154373486806293e+01
2.019785756819878484e-04 5.588052703128808218e+01
2.043197320195270865e-04 5.650642125360582924e+01
2.066880249629082160e-04 5.713930284064464615e+01
2.090837690555750453e-04 5.777924903292217351e+01
2.115072824868795298e-04 5.842633790900007540e+01
2.139588871343421834e-04 5.908064839575910554e+01
2.164389086064020889e-04 5.974226027738531286e+01
2.189476762856621176e-04 6.041125420444637228e+01
2.214855233726359721e-04 6.108771170306069820e+01
2.240527869300018495e-04 6.177171518415971008e+01
2.266498079273692845e-04 6.246334791964351041e+01
2.292769312865648918e-04 6.316269389001607948e+01
2.319345059274427814e-04 6.386983790878426248e+01
2.346228848142263134e-04 6.458486569857136317e+01
2.373424250023866691e-04 6.530786390056874779e+01
2.400934876860652035e-04 6.603892008399438396e+01
2.428764382460451090e-04 6.677812275563898936e+01
2.456916462982790305e-04 6.752556136951129417e+01
2.485394857429798965e-04 6.828132633668799656e+01
2.514203348142797370e-04 6.904550904632867514e+01
2.543345761304648903e-04 6.981820188546700479e+01
2.572825967447932359e-04 7.059949823150546422e+01
2.602647881969005024e-04 7.138949246027435436e+01
2.632815465648020731e-04 7.218827995628730321e+01
2.663332725174980963e-04 7.299595712309803730e+01
2.694203713681882413e-04 7.381262139375729703e+01
2.725432531281028249e-04 7.463837124136779266e+01
2.757023325609583289e-04 7.547330616723981223e+01
2.788980292380439777e-04 7.631752647462937489e+01
2.821307675939471824e-04 7.717113336073762753e+01
2.854009769829237591e-04 7.803422908303912209e+01
2.887090917359235484e-04 7.890691697234107949e+01
2.920555512182745244e-04 7.978930144338639252e+01
2.954407998880380793e-04 8.068148800554928357e+01
2.988652873550383024e-04 8.158358327362830664e+01
3.023294684405777215e-04 8.249569497872984414e+01
3.058338032378432473e-04 8.341793196058848991e+01
3.093787571730137595e-04 8.435040413521727487e+01
3.129648010670751349e-04 8.529322255204361625e+01
3.165924111983521496e-04 8.624649941707788514e+01
3.202620693657651165e-04 8.721034810417313565e+01
3.239742629528196056e-04 8.818488316638794799e+01
3.277294849923383015e-04 8.917022034744066161e+01
3.315282342319423692e-04 9.016647659326964970e+01
3.353710152002930081e-04 9.117377005409377944e+01
3.392583382740992667e-04 9.219221984326055974e+01
3.431907197459043682e-04 9.322194601054488317e+01
3.471686818926560223e-04 9.426306981501784321e+01
3.511927530450728672e-04 9.531571375051484551e+01
3.552634676578139803e-04 9.638000155706784255e+01
3.593813663804626239e-04 9.745605823242739518e+01
3.635469961293318715e-04 9.854401004367234407e+01
3.677609101601031711e-04 9.964398453890720475e+01
3.720236681413067385e-04 1.007561105181389109e+02
3.763358362286533740e-04 1.018805178341654596e+02
3.806979871402285448e-04 1.030173375488758154e+02
3.851107002325569739e-04 1.041667020350989930e+02
3.895745615775502574e-04 1.053287449884267488e+02
3.940901640403448279e-04 1.065036014389602030e+02
3.986581073580439810e-04 1.076914077631401341e+02
4.032789982193706307e-04 1.088923016956583325e+02
4.079534503452450522e-04 1.101064223399164916e+02
4.126820845702952557e-04 1.113339100125889587e+02
4.174655289253135972e-04 1.125749060950228255e+02
4.223044187206673248e-04 1.138295533169901717e+02
4.271993966306778055e-04 1.150979958029036965e+02
4.321511127789762923e-04 1.163803790835511336e+02
4.371602248248503283e-04 1.176768501079049827e+02
4.422273980505898373e-04 1.189875572549980660e+02
4.473533054498464575e-04 1.203126503458662881e+02
4.525386278170167947e-04 1.216522805942471877e+02
4.577840538376617388e-04 1.230065999324334740e+02
4.630902801799738800e-04 1.243757612373204893e+02
4.684580115873046222e-04 1.257599188082247537e+02
4.738879609717652546e-04 1.271592283861001675e+02
4.793808495089108153e-04 1.285738471642331433e+02
4.849374067335234439e-04 1.300039337989800572e+02
4.905583706365046568e-04 1.314496484205253637e+02
4.962444877628915604e-04 1.329111526436700501e+02
5.019965133110080614e-04 1.343886095097121824e+02
5.078152112327671743e-04 1.358821833263156407e+02
5.137013543351340219e-04 1.373920398538411405e+02
5.196557243827659538e-04 1.389183463644530434e+02
5.256791122018420349e-04 1.404612716526169720e+02
5.317723177850967571e-04 1.420209860456178603e+02
5.379361503980699009e-04 1.435976614140999459e+02
5.441714286865889172e-04 1.451914711826109112e+02
5.504789807854969502e-04 1.468025903124633373e+02
5.568596444286410272e-04 1.484311945199983711e+02
5.633142670601353798e-04 1.500774601299964388e+02
5.698437059469137721e-04 1.517415649318554642e+02
5.764488282925875340e-04 1.534236882371023682e+02
5.831305113526219844e-04 1.551240108877414627e+02
5.898896425508494586e-04 1.568427152645695628e+02
5.967271195973311917e-04 1.585799852954353923e+02
6.036438506075865983e-04 1.603360064634766786e+02
6.106407542232038244e-04 1.621109656861465567e+02
6.177187597338490302e-04 1.639050506187695362e+02
6.248788072006889295e-04 1.657184501267301755e+02
6.321218475812450180e-04 1.675513546042571420e+02
6.394488428556939106e-04 1.694039559815760754e+02
6.468607661546322196e-04 1.712764477312612996e+02
6.543586018883232108e-04 1.731690248744891107e+02
6.619433458774390093e-04 1.750818839872083004e+02
6.696160054853217717e-04 1.770152232017371432e+02
6.773775997517746681e-04 1.789692416439013414e+02
6.852291595284059830e-04 1.809441388468771947e+02
6.931717276155402148e-04 1.829401157113685770e+02
7.012063589007179638e-04 1.849573746377884049e+02
7.093341204987991394e-04 1.869961195295868492e+02
7.175560918936924699e-04 1.890565557964307004e+02
7.258733650817247602e-04 1.911388903572315598e+02
7.342870447166760257e-04 1.932433316429989532e+02
7.427982482564913450e-04 1.953700895116193408e+02
7.514081061116963198e-04 1.975193742039174651e+02
7.601177617955326210e-04 1.996913966398390983e+02
7.689283720758308604e-04 2.018863691557947107e+02
7.778411071286484360e-04 2.041045055193126814e+02
7.868571506936848170e-04 2.063460209284443181e+02
7.959777002314981234e-04 2.086111320109302483e+02
8.052039670825472846e-04 2.109000568231442969e+02
8.145371766280737639e-04 2.132130148487552503e+02
8.239785684528515806e-04 2.155502264666512815e+02
8.335293965098190729e-04 2.179119115486101919e+02
8.431909292866253619e-04 2.202982908522450032e+02
8.529644499741018170e-04 2.227095864257855169e+02
8.628512566366892044e-04 2.251460216021527287e+02
8.728526623848374341e-04 2.276078209927301543e+02
8.829699955494085860e-04 2.300952104807765863e+02
8.932045998580961195e-04 2.326084172145200739e+02
9.035578346138924653e-04 2.351476695749248620e+02
9.140310748756226740e-04 2.377131963914908397e+02
9.246257116405735008e-04 2.403052267436872853e+02
9.353431520292382036e-04 2.429239908103960772e+02
9.461848194721997124e-04 2.455697199125465886e+02
9.571521538991858893e-04 2.482426465019400723e+02
9.682466119303117331e-04 2.509430041496601120e+02
9.794696670695391023e-04 2.536710275340730334e+02
9.908228099003791103e-04 2.564269524283904502e+02
1.002307548283864732e-03 2.592110154094287395e+02
1.013925407558814544e-03 2.620234522380565068e+02
1.025677930744421434e-03 2.648644988636542053e+02
1.037566678745185456e-03 2.677343921445698243e+02
1.049593230558226948e-03 2.706333698324266379e+02
1.061759183482999420e-03 2.735616705537015605e+02
1.074066153333433013e-03 2.765195337907773592e+02
1.086515774652537783e-03 2.795071998624786147e+02
1.099109700929496542e-03 2.825249098980434042e+02
1.111849604819270662e-03 2.855729049174020702e+02
1.124737178364751356e-03 2.886514247985613224e+02
1.137774133221490730e-03 2.917607098185440009e+02
1.150962200885031431e-03 2.949010008511168053e+02
1.164303132920876341e-03 2.980725393407066690e+02
1.177798701197118681e-03 3.012755672757033381e+02
1.191450698119775244e-03 3.045103271611288278e+02
1.205260936870841855e-03 3.077770619906762590e+02
1.219231251649110278e-03 3.110760151629229995e+02
1.233363497913775222e-03 3.144074297532886249e+02
1.247659552630868939e-03 3.177715486587414944e+02
1.262121314522546408e-03 3.211686150758404210e+02
1.276750704319265127e-03 3.245988724795658413e+02
1.291549665014883131e-03 3.280625645899374376e+02
1.306520162124720367e-03 3.315599353379637932e+02
1.321664183946604648e-03 3.350912288308528559e+02
1.336983741824946011e-03 3.386566893165184524e+02
1.352480870417874584e-03 3.422565603916675627e+02
1.368157627967470829e-03 3.458910828439109082e+02
1.384016096573131068e-03 3.495604966680642178e+02
1.400058382468096939e-03 3.532650416648666010e+02
1.416286616299197981e-03 3.570049573974471286e+02
1.432702953409829925e-03 3.607804831469931628e+02
1.449309574126215940e-03 3.645918578676145216e+02
1.466108684046983808e-03 3.684393201403798344e+02
1.483102514336103470e-03 3.723231080966095874e+02
1.500293322019217047e-03 3.762434583554020833e+02
1.517683390283404692e-03 3.802006056775401248e+02
1.535275028780421847e-03 3.841947840773264033e+02
1.553070573933459063e-03 3.882262268473809286e+02
1.571072389247449340e-03 3.922951665052439694e+02
1.589282865622977398e-03 3.964018347391153156e+02
1.607704421673822760e-03 4.005464623527234380e+02
1.626339504048191073e-03 4.047292792092945319e+02
1.645190587753661863e-03 4.089505136237451666e+02
1.664260176485902803e-03 4.132103889441656861e+02
1.683550802961201673e-03 4.175091255437307041e+02
1.703065029252843121e-03 4.218469423567137824e+02
1.722805447131393322e-03 4.262240568182554057e+02
1.742774678408918554e-03 4.306406847970879426e+02
1.762975375287204483e-03 4.350970405273238839e+02
1.783410220710006724e-03 4.395933365392750147e+02
1.804081928719382128e-03 4.441297835787983104e+02
1.824993244816151307e-03 4.487065886623767597e+02
1.846146946324546618e-03 4.533239527343149575e+02
1.867545842761074654e-03 4.579820739697879048e+02
1.889192776207665675e-03 4.626811482053523150e+02
1.911090621689137074e-03 4.674213688580802000e+02
1.933242287555043959e-03 4.722029268436743337e+02
1.955650715865948734e-03 4.770260104935748586e+02
1.978318882784163655e-03 4.818908054710752822e+02
2.001249798969035980e-03 4.867974942146267381e+02
2.024446509976802599e-03 4.917462494876431265e+02
2.047912096665084614e-03 4.967372356884260398e+02
2.071649675602067840e-03 5.017706135658569337e+02
2.095662399480431679e-03 5.068465402395553951e+02
2.119953457536069303e-03 5.119651690991605051e+02
2.144526075971666789e-03 5.171266497026273328e+02
2.169383518385183292e-03 5.223311276734417561e+02
2.194529086203312468e-03 5.275787445969028795e+02
2.219966119119953351e-03 5.328696360548462962e+02
2.245697995539773072e-03 5.382039259765792849e+02
2.271728133026903931e-03 5.435817317624606630e+02
2.298059988758849835e-03 5.490031659013835679e+02
2.324697059985647227e-03 5.544683358532092825e+02
2.351642884494347698e-03 5.599773439302555289e+02
2.378901041078892130e-03 5.655302871778538929e+02
2.406475150015422761e-03 5.711272572539638759e+02
2.434368873543109931e-03 5.767683401642374292e+02
2.462585916350545565e-03 5.824536108107462269e+02
2.491130026067787072e-03 5.881831310488230429e+02
2.520004993764090716e-03 5.939569558861148835e+02
2.549214654451422042e-03 5.997751337973321597e+02
2.578762887593799742e-03 6.056377065889021196e+02
2.608653617622546696e-03 6.115447092628674000e+02
2.638890814457508453e-03 6.174961698800608474e+02
2.669478494034319832e-03 6.234921094226106106e+02
2.700420718837771242e-03 6.295325406121081642e+02
2.731721598441374903e-03 6.356174610420463296e+02
2.763385290053167829e-03 6.417468569946744310e+02
2.795415999067855668e-03 6.479207066221043760e+02
2.827817979625339880e-03 6.541389798129060864e+02
2.860595535175740160e-03 6.604016380428071216e+02
2.893753019050949830e-03 6.667086342250327107e+02
2.927294835042814833e-03 6.730599125602620916e+02
2.961225437988033050e-03 6.794554083685402475e+02
2.995549334359811234e-03 6.858950440922859570e+02
3.030271082866395349e-03 6.923787241411544073e+02
3.065395295056525492e-03 6.989063419374806472e+02
3.100926635931925118e-03 7.054777809070581043e+02
3.136869824566874444e-03 7.120929143196457289e+02
3.173229634734975584e-03 7.187516051296554451e+02
3.210010895543170123e-03 7.254537058170103592e+02
3.247218492073126669e-03 7.321990582283107187e+02
3.284857366030041314e-03 7.389874931869649117e+02
3.322932516398970689e-03 7.458188270093872916e+02
3.361449000108763119e-03 7.526928619796661906e+02
3.400411932703704086e-03 7.596093887994155693e+02
3.439826489022923713e-03 7.665681864990235681e+02
3.479697903887689868e-03 7.735690222783839545e+02
3.520031472796677097e-03 7.806116513484909092e+02
3.560832552629275994e-03 7.876958167740006047e+02
3.602106562357069216e-03 7.948212493168234687e+02
3.643858983763542669e-03 8.019876545980158653e+02
3.686095362172155891e-03 8.091946728987734332e+02
3.728821307182831907e-03 8.164419159363127392e+02
3.772042493416996253e-03 8.237289796641964585e+02
3.815764661271247096e-03 8.310554440846100306e+02
3.859993617679764906e-03 8.384208730630846276e+02
3.904735236885557934e-03 8.458248141457249858e+02
3.949995461220641955e-03 8.532667983791330926e+02
3.995780301895267457e-03 8.607463419646802549e+02
4.042095839796303568e-03 8.682630205976953448e+02
4.088948226294858955e-03 8.758164983098830589e+02
4.136343684063272831e-03 8.834064354513496937e+02
4.184288507901578850e-03 8.910324816503240299e+02
4.232789065573546415e-03 8.986942757273784537e+02
4.281851798652410411e-03 9.063914456113217284e+02
4.331483223376396928e-03 9.141236082568756274e+02
4.381689931514188077e-03 9.218903695641552076e+02
4.432478591240393562e-03 9.296912537162185117e+02
4.483855948021185124e-03 9.375252224750513506e+02
4.535828825510184945e-03 9.453909481592497741e+02
4.588404126454754574e-03 9.532870606583074959e+02
4.641588833612774606e-03 9.612121484729625536e+02
4.695390010680057340e-03 9.691647583848833847e+02
4.749814803228498243e-03 9.771433951477187065e+02
4.804870439655126689e-03 9.851465212004311525e+02
4.860564232142133151e-03 9.931725582228659732e+02
4.916903577628024651e-03 1.001220367878435468e+03
4.973895958790060245e-03 1.009289920865188492e+03
5.031548945038048955e-03 1.017381360052045693e+03
5.089870193519678392e-03 1.025494842580541444e+03
5.148867450137491197e-03 1.033630540039273455e+03
5.208548550577657595e-03 1.041788638637776785e+03
5.268921421350668960e-03 1.049969339379926168e+03
5.329994080844086858e-03 1.058172858236986031e+03
5.391774640387498457e-03 1.066399363257181221e+03
5.454271305329828380e-03 1.074648008259140170e+03
5.517492376129119747e-03 1.082917090351314982e+03
5.581446249454959617e-03 1.091204838504219651e+03
5.646141419303662458e-03 1.099509436918298434e+03
5.711586478126426739e-03 1.107829024862125380e+03
5.777790117970500218e-03 1.116161696540342518e+03
5.844761131633627142e-03 1.124505500992317138e+03
5.912508413831872763e-03 1.132858442022560439e+03
5.981040962380937930e-03 1.141218620302374120e+03
6.050367879391214433e-03 1.149584707898198303e+03
6.120498372476694711e-03 1.157955518587217057e+03
6.191441755977841743e-03 1.166329847764797933e+03
6.263207452198682815e-03 1.174706472537306809e+03
6.335804992658246836e-03 1.183084151826158632e+03
6.409244019356445839e-03 1.191461626481679104e+03
6.483534286054717238e-03 1.199837619406697058e+03
6.558685659571428586e-03 1.208210832669745514e+03
6.634708121092339726e-03 1.216579812427115030e+03
6.711611767496278476e-03 1.224942890180687527e+03
6.789406812696106158e-03 1.233298356575495518e+03
6.868103588995296514e-03 1.241644475568660255e+03
6.947712548460231209e-03 1.249979484650311178e+03
7.028244264308346374e-03 1.258301595084266864e+03
7.109709432312428558e-03 1.266608992169055000e+03
7.192118872221184116e-03 1.274899835519314138e+03
7.275483529196219955e-03 1.283172257598957685e+03
7.359814475265760887e-03 1.291424351332708284e+03
7.445122910795134823e-03 1.299654177468421494e+03
7.531420165974363201e-03 1.307859771771584747e+03
7.618717702322989373e-03 1.316039145464247895e+03
7.707027114212296713e-03 1.324190285640945831e+03
7.796360130405225256e-03 1.332311155707772514e+03
7.886728615614147300e-03 1.340399695844708731e+03
7.978144572076614760e-03 1.348453823383985309e+03
8.070620141149495441e-03 1.356471397732380865e+03
8.164167604921463567e-03 1.364450168178208514e+03
8.258799387844257406e-03 1.372387846821485027e+03
8.354528058382861000e-03 1.380282122070875857e+03
8.451366330684714073e-03 1.388130659297826242e+03
8.549327066268371661e-03 1.395931101519657432e+03
8.648423275731715806e-03 1.403681070111901363e+03
8.748668120479906676e-03 1.411378165549920368e+03
8.850074914473426979e-03 1.419019963634703799e+03
8.952657125996391421e-03 1.426603942009643561e+03
9.056428379445279064e-03 1.434127491328680208e+03
9.161402457138508384e-03 1.441587979399626875e+03
9.267593301146874116e-03 1.448982754200114414e+03
9.375015015145274355e-03 1.456309144873205923e+03
9.483681866285915280e-03 1.463564462758144145e+03
9.593608287093137454e-03 1.470746002456167162e+03
9.704808877380292215e-03 1.477851042931343500e+03
9.817298406188829443e-03 1.484876819145268200e+03
9.931091813749784100e-03 1.491820419384195930e+03
1.004620421346811773e-02 1.498678879485927155e+03
1.016265089392994099e-02 1.505449220844335741e+03
1.028044732093308204e-02 1.512128451809599483e+03
1.039960913954119000e-02 1.518713569128471818e+03
1.052015217616157974e-02 1.525201559425521737e+03
1.064209244064722934e-02 1.531589400725446012e+03
1.076544612842314681e-02 1.537874062413494585e+03
1.089022962263729542e-02 1.544052427671047326e+03
1.101645949633655273e-02 1.550121257291835036e+03
1.114415251466786827e-02 1.556077297710636913e+03
1.127332563710485222e-02 1.561917291944509543e+03
1.140399601970031561e-02 1.567637981515071260e+03
1.153618101736477233e-02 1.573236108415785793e+03
1.166989818617145645e-02 1.578708417123529671e+03
1.180516528568804208e-02 1.584051656653285818e+03
1.194200028133531391e-02 1.589262562426157956e+03
1.208042134677327073e-02 1.594337705281935087e+03
1.222044686631487166e-02 1.599273576705131745e+03
1.236209543736768203e-02 1.604066677396465593e+03
1.250538587290389754e-02 1.608713520465471220e+03
1.265033720395902610e-02 1.613210633993599231e+03
1.279696868215939552e-02 1.617554563643118172e+03
1.294529978227914289e-02 1.621741875310051910e+03
1.309535020482666470e-02 1.625769157661967483e+03
1.324713987866115404e-02 1.629632958143631186e+03
1.340068896363949026e-02 1.633329681159452775e+03
1.355601785329367710e-02 1.636855733461229647e+03
1.371314717753943473e-02 1.640207553911459854e+03
1.387209780541619544e-02 1.643381616651272452e+03
1.403289084785870784e-02 1.646374434307733736e+03
1.419554766050099524e-02 1.649182561237696746e+03
1.436008984651259215e-02 1.651802596805178837e+03
1.452653925946778904e-02 1.654231180838585715e+03
1.469491800624815429e-02 1.656464860211787254e+03
1.486524844997855720e-02 1.658500109005447030e+03
1.503755321299736145e-02 1.660333454246523388e+03
1.521185517986103040e-02 1.661961483955247331e+03
1.538817750038344936e-02 1.663380850917402313e+03
1.556654359271059974e-02 1.664588276475732982e+03
1.574697714643085236e-02 1.665580554336212344e+03
1.592950212572120244e-02 1.666354554384246512e+03
1.611414277253018015e-02 1.666907198175861367e+03
1.630092360979739502e-02 1.667235358089473266e+03
1.648986944471062324e-02 1.667335955150362452e+03
1.668100537200057146e-02 1.667206002045764990e+03
1.687435677727374198e-02 1.666842607205063132e+03
1.706994934038405520e-02 1.666242978860877429e+03
1.726780903884354151e-02 1.665404429089676796e+03
1.746796215127244256e-02 1.664324377826204909e+03
1.767043526088944369e-02 1.663000356458581109e+03
1.787525525904233581e-02 1.661429990639368953e+03
1.808244934877948837e-02 1.659610993392239607e+03
1.829204504846291754e-02 1.657541198877056786e+03
1.850407019542300510e-02 1.655218568954617695e+03
1.871855294965576663e-02 1.652641196996438339e+03
1.893552179756293266e-02 1.649807311623514352e+03
1.915500555573526609e-02 1.646715280367258856e+03
1.937703337477986176e-02 1.643363613245375973e+03
1.960163474319183419e-02 1.639750982447809747e+03
1.982883949127068474e-02 1.635876354513492061e+03
2.005867779508231641e-02 1.631738923443876502e+03
2.029118018046676200e-02 1.627338036996891560e+03
2.052637752709248961e-02 1.622673198648918287e+03
2.076430107255772262e-02 1.617744070125292410e+03
2.100498241653913495e-02 1.612550473796460210e+03
2.124845352498879944e-02 1.607092394933624064e+03
2.149474673437978475e-02 1.601369984124846496e+03
2.174389475600078253e-02 1.595383730430853348e+03
2.199593068030071888e-02 1.589134744099127374e+03
2.225088798128367282e-02 1.582624369997296299e+03
2.250880052095458397e-02 1.575854112123733557e+03
2.276970255381677299e-02 1.568825633762260395e+03
2.303362873142129202e-02 1.561540757472440191e+03
2.330061410696921201e-02 1.554001464913484142e+03
2.357069413996725274e-02 1.546209896499636216e+03
2.384390470093718586e-02 1.538168386924455717e+03
2.412028207618003781e-02 1.529880132393262102e+03
2.439986297259547771e-02 1.521349109685409530e+03
2.468268452255688306e-02 1.512579442155168636e+03
2.496878428884323833e-02 1.503575372436550879e+03
2.525820026962782502e-02 1.494341258967597469e+03
2.555097090352503181e-02 1.484881572413104550e+03
2.584713507469561106e-02 1.475200891989866477e+03
2.614673211801089858e-02 1.465303901698786149e+03
2.644980182427715890e-02 1.455195690232135348e+03
2.675638444552042375e-02 1.444882917418029820e+03
2.706652070033239293e-02 1.434372735451741619e+03
2.738025177927854228e-02 1.423672317473165776e+03
2.769761935036888292e-02 1.412788850466380609e+03
2.801866556459190957e-02 1.401729528409369095e+03
2.834343306151305975e-02 1.390501545558967791e+03
2.867196497493766996e-02 1.379112089877496146e+03
2.900430493863987227e-02 1.367568356559425183e+03
2.934049709215783702e-02 1.355878751637855657e+03
2.968058608665600367e-02 1.344053528340914454e+03
3.002461709085545161e-02 1.332102962141518447e+03
3.037263579703308389e-02 1.320037169884164314e+03
3.072468842709001266e-02 1.307866101682485578e+03
3.108082173869059980e-02 1.295599533401066992e+03
3.144108303147261779e-02 1.283247059714155512e+03
3.180552015332915178e-02 1.270818087732726099e+03
3.217418150676367578e-02 1.258322048158195230e+03
3.254711605531845214e-02 1.245770196500630846e+03
3.292437333007763867e-02 1.233174602080303430e+03
3.330600343624585263e-02 1.220547001067642213e+03
3.369205705980264642e-02 1.207898780357915939e+03
3.408258547423447665e-02 1.195240974363179703e+03
3.447764054734461098e-02 1.182584262773139244e+03
3.487727474814172890e-02 1.169938969242160283e+03
3.528154115380878475e-02 1.157315062537361655e+03
3.569049345675226470e-02 1.144723357360628825e+03
3.610418597173332272e-02 1.132177572108295635e+03
3.652267364308171838e-02 1.119691439540536749e+03
3.694601205199299354e-02 1.107278121411515031e+03
3.737425742391059513e-02 1.094950215718870140e+03
3.780746663599345719e-02 1.082719765436174157e+03
3.824569722466996530e-02 1.070598268618271277e+03
3.868900739327971183e-02 1.058596689771962929e+03
3.913745601980380545e-02 1.046725383091978529e+03
3.959110266468453265e-02 1.034992339917187792e+03
4.005000757873606460e-02 1.023403396707890238e+03
4.051423171114643812e-02 1.011964006240033655e+03
4.098383671757255958e-02 1.000679319585178632e+03
4.145888496832907111e-02 9.895541965466392185e+02
4.193943955667183560e-02 9.785932163019691643e+02
4.242556430717771970e-02 9.678006882203914074e+02
4.291732378422153521e-02 9.571806628259300851e+02
4.341478330055086043e-02 9.467382659070174213e+02
4.391800892596080946e-02 9.364850702965653682e+02
4.442706749606879085e-02 9.264342199981987278e+02
4.494202662119135827e-02 9.165982276349774338e+02
4.546295469532394412e-02 9.069890081701303188e+02
4.598992090522435044e-02 8.976179151485803231e+02
4.652299523960182898e-02 8.884957782841040625e+02
4.706224849841277036e-02 8.796329422632076103e+02
4.760775230226364785e-02 8.710381705882524557e+02
4.815957910192344982e-02 8.627057424487866228e+02
4.871780218794626721e-02 8.546205991526338721e+02
4.928249570040506289e-02 8.467680488812089834e+02
4.985373463873887800e-02 8.391339240226703851e+02
5.043159487171355176e-02 8.317045515404662410e+02
5.101615314749827212e-02 8.244667255501663021e+02
5.160748710385902605e-02 8.174076828507759274e+02
5.220567527846971256e-02 8.105163752849872481e+02
5.281079711934324322e-02 8.037859784634363223e+02
5.342293299538347640e-02 7.972105967516597502e+02
5.404216420705911655e-02 7.907845116497283016e+02
5.466857299720174340e-02 7.845021743052669763e+02
5.530224256192894927e-02 7.783581983896767724e+02
5.594325706169369500e-02 7.723473428529239300e+02
5.659170163246236840e-02 7.664598901067907946e+02
5.724766239702173964e-02 7.606746077242956972e+02
5.791122647641750582e-02 7.549690314770018631e+02
5.858248200152529894e-02 7.493213517951098765e+02
5.926151812475548286e-02 7.437103945339365509e+02
5.994842503189401484e-02 7.381156078553073030e+02
6.064329395408056544e-02 7.325169966173342573e+02
6.134621717992497919e-02 7.268946227376594607e+02
6.205728806776493467e-02 7.212288743115769876e+02
6.277660105806494306e-02 7.155007906013856882e+02
6.350425168595953684e-02 7.096920796445469932e+02
6.424033659394184914e-02 7.037851371357728567e+02
6.498495354469883967e-02 6.977628120837047163e+02
6.573820143409576933e-02 6.916063477839850293e+02
6.650018030431112392e-02 6.852965945279221387e+02
6.727099135712333311e-02 6.788153432050708034e+02
6.805073696735199074e-02 6.721453857562694338e+02
6.883952069645490890e-02 6.652705692817925183e+02
6.963744730628212976e-02 6.581772278125293951e+02
7.044462277299029518e-02 6.508564823013736031e+02
7.126115430111740201e-02 6.433010494420499299e+02
7.208715033782125969e-02 6.355046446891276446e+02
7.292272058728306583e-02 6.274620197837972455e+02
7.376797602527726538e-02 6.191701589056697230e+02
7.462302891391099646e-02 6.106338250285760978e+02
7.548799281653424675e-02 6.018608836536101308e+02
7.636298261282230271e-02 5.928597358645757822e+02
7.724811451403391926e-02 5.836392994680509219e+02
7.814350607844536278e-02 5.742107689289022119e+02
7.904927622696410194e-02 5.645947952864876243e+02
7.996554525892338172e-02 5.548146311325238003e+02
8.089243486805931804e-02 5.448929716533692726e+02
8.183006815867380213e-02 5.348519186396817986e+02
8.277856966198465782e-02 5.247164729345876140e+02
8.373806535266484219e-02 5.145180030318147146e+02
8.470868266557393667e-02 5.042871717767353061e+02
8.569055051268339995e-02 4.940529156149467553e+02
8.668379930019762258e-02 4.838433562263938370e+02
8.768856094587416938e-02 4.736922095439409759e+02
8.870496889654395922e-02 4.636342778893575769e+02
8.973315814583508743e-02 4.537016709915891965e+02
9.077326525210215047e-02 4.439241717676655981e+02
9.182542835656276603e-02 4.343350952705317809e+02
9.288978720164486891e-02 4.249701922526390945e+02
9.396648314954682280e-02 4.158620945123685146e+02
9.505565920101186062e-02 4.070403172891711847e+02
9.615746001432085022e-02 3.985314748612523772e+02
9.727203192450530056e-02 3.903592155301620323e+02
9.839952296278213495e-02 3.825445699199541423e+02
9.954008287621508855e-02 3.751065212535277738e+02
1.006938631476026330e-01 3.680622931027734239e+02
1.018610170155973965e-01 3.614252369921607624e+02
1.030416994950586612e-01 3.551929926517602212e+02
1.042360673976400476e-01 3.493578399623813766e+02
1.054442793526167294e-01 3.439126851052413372e+02
1.066664958279537889e-01 3.388508126817000061e+02
1.079028791516182112e-01 3.341544725080708531e+02
1.091535935331389984e-01 3.297917755759812053e+02
1.104188050854159470e-01 3.257317739165664534e+02
1.116986818467821246e-01 3.219453388767669253e+02
1.129933938033220592e-01 3.184004396635298804e+02
1.143031129114477906e-01 3.150549553508195118e+02
1.156280131207374218e-01 3.118667964587444885e+02
1.169682703970383736e-01 3.087956396978014482e+02
1.183240627458377325e-01 3.058009729767553608e+02
1.196955702359041446e-01 3.028385093447809027e+02
1.210829750232038649e-01 2.998646630645813502e+02
1.224864613750929060e-01 2.968375619221426405e+02
1.239062156947914467e-01 2.937172424887835973e+02
1.253424265461398623e-01 2.904659012023543028e+02
1.267952846786432330e-01 2.870477599108868958e+02
1.282649830528058976e-01 2.834295879383814167e+02
1.297517168657586206e-01 2.795879269691380955e+02
1.312556835771841179e-01 2.755083293193243890e+02
1.327770829355428006e-01 2.711786147748235294e+02
1.343161170046014707e-01 2.665927003568371561e+02
1.358729901902707704e-01 2.617631904641864935e+02
1.374479092677535763e-01 2.567079024376616303e+02
1.390410834090068104e-01 2.514457265249795057e+02
1.406527242105235220e-01 2.460073472088228073e+02
1.422830457214351030e-01 2.404320660924032609e+02
1.439322644719404909e-01 2.347575397087045417e+02
1.456005995020647481e-01 2.290250252292379400e+02
1.472882723907500968e-01 2.232829310310160338e+02
1.489955072852852114e-01 2.175766542936405870e+02
1.507225309310754602e-01 2.119510640264068115e+02
1.524695727017571223e-01 2.064564382214958300e+02
1.542368646296626011e-01 2.011394953827719121e+02
1.560246414366366907e-01 1.960424003509928639e+02
1.578331405652114716e-01 1.912042239410553464e+02
1.596626022101423625e-01 1.866601196588712526e+02
1.615132693503088801e-01 1.824361882257841785e+02
1.633853877809858524e-01 1.785411876917388838e+02
1.652792061464892492e-01 1.749805790221074062e+02
1.671949759731987672e-01 1.717481338211691195e+02
1.691329517029645513e-01 1.688176882834518722e+02
1.710933907269012455e-01 1.661626791624746033e+02
1.730765534195721767e-01 1.637474896168301086e+02
1.750827031735721628e-01 1.615282175277980343e+02
1.771121064345085594e-01 1.594623380708508193e+02
1.791650327363897566e-01 1.575040083961908977e+02
1.812417547374234328e-01 1.556074088636162287e+02
1.833425482562288100e-01 1.537275110961444966e+02
1.854676923084695728e-01 1.518187006219062312e+02
1.876174691439118081e-01 1.498375903274538814e+02
1.897921642839097145e-01 1.477456121267329081e+02
1.919920665593281006e-01 1.455081370980456654e+02
1.942174681489023391e-01 1.431004413504627735e+02
1.964686646180442142e-01 1.405131859138658683e+02
1.987459549580979923e-01 1.377439421479824659e+02
2.010496416260496022e-01 1.348115191961262553e+02
2.033800305846977796e-01 1.317420255480221840e+02
2.057374313432909774e-01 1.285721607839271883e+02
2.081221569986336506e-01 1.253456694677835088e+02
2.105345242766701597e-01 1.221067457885465615e+02
2.129748535745517590e-01 1.189013105553150069e+02
2.154434690031879762e-01 1.157717568896273121e+02
2.179406984302951489e-01 1.127573417580266266e+02
2.204668735239406208e-01 1.098922851088650532e+02
2.230223297965933937e-01 1.072026695147538362e+02
2.256074066496857322e-01 1.047086837941168085e+02
2.282224474186894947e-01 1.024173125264526050e+02
2.308677994187165183e-01 1.003289006060350630e+02
2.335438139906475252e-01 9.843004042854873603e+01
2.362508465477944353e-01 9.670115043528565479e+01
2.389892566231045512e-01 9.511222356923155985e+01
2.417594079169126942e-01 9.362915256567627864e+01
2.445616683452441209e-01 9.221198329657680404e+01
2.473964100886809347e-01 9.081997334011413159e+01
2.502640096417915183e-01 8.941318421722998266e+01
2.531648478631349786e-01 8.795626772846668473e+01
2.560993100258455168e-01 8.642375201091822134e+01
2.590677858688005264e-01 8.480029741059070147e+01
2.620706696483847131e-01 8.308450887845442878e+01
2.651083601908534870e-01 8.128535701319067641e+01
2.681812609453009255e-01 7.942099168450926072e+01
2.712897800372461865e-01 7.751550661059921765e+01
2.744343303228360953e-01 7.559602197212082331e+01
2.776153294436795038e-01 7.369233073509242615e+01
2.808331998823167530e-01 7.183399747984752537e+01
2.840883690183299559e-01 7.004955501520815631e+01
2.873812691851060364e-01 6.836173511337489117e+01
2.907123377272573528e-01 6.678620852975991795e+01
2.940820170587059579e-01 6.532713695645401231e+01
2.974907547214434844e-01 6.397916615067514101e+01
3.009390034449713203e-01 6.272834053626728945e+01
3.044272212064296212e-01 6.155485641945647046e+01
3.079558712914221008e-01 6.043606640009980424e+01
3.115254223555483648e-01 5.934770888648067455e+01
3.151363484866475662e-01 5.826583292901800348e+01
3.187891292677637600e-01 5.716944374534647721e+01
3.224842498408434510e-01 5.604295161707302952e+01
3.262222009711663318e-01 5.487963909565712584e+01
3.300034791125279754e-01 5.368148111622401331e+01
3.338285864731757036e-01 5.245817342923108129e+01
3.376980310825088427e-01 5.122470802814024893e+01
3.416123268585519734e-01 4.999843190505898605e+01
3.455719936762132183e-01 4.879715063773056016e+01
3.495775574363269023e-01 4.763731811379348358e+01
3.536295501355037896e-01 4.653141754819289844e+01
3.577285099367869536e-01 4.548580086186434812e+01
3.618749812411271027e-01 4.450005227193960167e+01
3.660695147596894072e-01 4.356772454211550638e+01
3.703126675869919948e-01 4.267861222341708327e+01
3.746050032748987069e-01 4.182080556350101830e+01
3.789470919074662825e-01 4.098162303923470517e+01
3.833395101766597923e-01 4.014863378349986078e+01
3.877828414589447603e-01 3.931157219465848129e+01
3.922776758927711827e-01 3.846518205811296554e+01
3.968246104569475019e-01 3.761087911287692265e+01
4.014242490499316252e-01 3.675539850621547799e+01
4.060772025700360999e-01 3.590756117734247965e+01
4.107840889965636011e-01 3.507555942105129532e+01
4.155455334718866078e-01 3.426628034887869489e+01
4.203621683844705470e-01 3.348573402345512307e+01
4.252346334528675498e-01 3.273813431454395584e+01
4.301635758106789886e-01 3.202330034405550663e+01
4.351496500925045585e-01 3.133601141494284903e+01
4.401935185208863954e-01 3.066887854225190324e+01
4.452958509942646081e-01 3.001583565828459044e+01
4.504573251759450558e-01 2.937258129714707877e+01
4.556786265841057948e-01 2.873509274944679248e+01
4.609604486828429160e-01 2.810034695106914526e+01
4.663034929742719270e-01 2.746909271409080233e+01
4.717084690917007217e-01 2.684598551844420555e+01
4.771760948938736924e-01 2.623594526862246212e+01
4.827070965603176278e-01 2.564159680986542966e+01
4.883022086877874535e-01 2.506452081437562285e+01
4.939621743878316318e-01 2.450631290912331295e+01
4.996877453854872697e-01 2.396661961128322105e+01
5.054796821191230860e-01 2.344211370332612532e+01
5.113387538414317923e-01 2.292908103656952434e+01
5.172657387216013092e-01 2.242558825372492137e+01
5.232614239486657048e-01 2.193033336196928929e+01
5.293266058360548421e-01 2.144185953345922258e+01
5.354620899273596635e-01 2.096044983758237024e+01
5.416686911033142815e-01 2.048851993466223576e+01
5.479472336900278462e-01 2.002794336343539072e+01
5.542985515684663023e-01 1.957888268873604432e+01
5.607234882852017988e-01 1.914165396863825563e+01
5.672228971644530660e-01 1.871664553501580386e+01
5.737976414214123189e-01 1.830239233299339929e+01
5.804485942768968787e-01 1.789676402892048657e+01
5.871766390733248464e-01 1.749930235220291408e+01
5.939826693920350342e-01 1.710988539799994967e+01
6.008675891719672535e-01 1.672758755402967523e+01
6.078323128297217215e-01 1.635277170422248005e+01
6.148777653810012511e-01 1.598692840923725100e+01
6.220048825634703071e-01 1.562988618364985172e+01
6.292146109610337046e-01 1.528145121355819747e+01
6.365079081295554886e-01 1.494139719533492716e+01
6.438857427240405329e-01 1.460922418567163383e+01
6.513490946272790794e-01 1.428446316022268014e+01
6.588989550799940753e-01 1.396668958277480499e+01
6.665363268124905316e-01 1.365572336983842838e+01
6.742622241778335468e-01 1.335155393711494654e+01
6.820776732865669878e-01 1.305416600741086697e+01
6.899837121430004716e-01 1.276353515952134288e+01
6.979813907830648700e-01 1.247958564363812783e+01
7.060717714137764167e-01 1.220216660602460301e+01
7.142559285543118586e-01 1.193112364780619217e+01
7.225349491787196321e-01 1.166630610723177597e+01
7.309099328602896017e-01 1.140756696737288856e+01
7.393819919175852462e-01 1.115476276614206341e+01
7.479522515621810363e-01 1.090775350857195392e+01
7.566218500481046716e-01 1.066640258129810093e+01
7.653919388230141507e-01 1.043057666918823578e+01
7.742636826811252204e-01 1.020014567406416717e+01
7.832382599179181781e-01 9.974982635462158242e+00
7.923168624866241405e-01 9.754963653380633204e+00
8.015006961565395160e-01 9.539967812964167848e+00
8.107909806731679048e-01 9.329877111474567997e+00
8.201889499202184020e-01 9.124577930327333775e+00
8.296958520834889494e-01 8.923964222530260670e+00
8.393129498166350677e-01 8.727933066663270623e+00
8.490415204088734846e-01 8.536383560945994375e+00
8.588828559546241026e-01 8.349216794145098319e+00
8.688382635251177266e-01 8.166335816467288566e+00
8.789090653419935339e-01 7.987645610458303125e+00
8.890965989529141522e-01 7.813053061931008791e+00
8.994022174092030086e-01 7.642466930941266945e+00
9.098272894455547988e-01 7.475797822831047768e+00
9.203731996618214062e-01 7.312958159357485499e+00
9.310413487069052474e-01 7.153862149924817615e+00
9.418331534647932379e-01 6.998425762935421623e+00
9.527500472427273825e-01 6.846566697276418090e+00
9.637934799615772707e-01 6.698204353955489410e+00
9.749649183484077053e-01 6.553259807900666090e+00
9.862658461312796554e-01 6.411655779937345478e+00
9.976977642363179521e-01 6.273316608953829920e+00
1.009262190987045615e+00 6.138168224268919282e+00
1.020960662306044986e+00 6.006137985264743406e+00
1.032794731918950104e+00 5.877153788983501492e+00
1.044765971560803308e+00 5.751144676742679707e+00
1.056875971184801477e+00 5.628041300680326486e+00
1.069126339173473994e+00 5.507775892418375285e+00
1.081518702552286326e+00 5.390282229541471182e+00
1.094054707205741162e+00 5.275495602681977481e+00
1.106736018095972218e+00 5.163352783204794960e+00
1.119564319483875581e+00 5.053791991484646751e+00
1.132541315152809203e+00 4.946752865769476593e+00
1.145668728634869460e+00 4.842176431622420729e+00
1.158948303439808925e+00 4.740005071935295966e+00
1.172381803286597357e+00 4.640182497506602388e+00
1.185971012337668551e+00 4.542653718176685729e+00
1.199717735435881671e+00 4.447365014512681292e+00
1.213623798344238169e+00 4.354263910035935048e+00
1.227691047988357376e+00 4.263299143984949247e+00
1.241921352701781833e+00 4.174420644605631558e+00
1.256316602474119026e+00 4.087579502962155331e+00
1.270878709202055257e+00 4.002727933946244043e+00
1.285609606943292516e+00 3.919818968692714733e+00
1.300511252173406351e+00 3.838806462172898115e+00
1.315585624045702007e+00 3.759645368250498887e+00
1.330834724654073264e+00 3.682291726412074695e+00
1.346260579298908633e+00 3.606702635862188977e+00
1.361865236756078401e+00 3.532836230214940088e+00
1.377650769549050969e+00 3.460651652768792275e+00
1.393619274224140003e+00 3.390109032352834006e+00
1.409772871628964586e+00 3.321169459731457607e+00
1.426113707194127000e+00 3.253794964556184777e+00
1.442643951218154141e+00 3.187948492852266114e+00
1.459365799155753374e+00 3.123593885028913331e+00
1.476281471909387077e+00 3.060695854401448646e+00
1.493393216124249800e+00 2.999219966214540012e+00
1.510703304486652465e+00 2.939132617155377769e+00
1.528214036025868250e+00 2.880401015346051974e+00
1.545927736419473675e+00 2.822993160804917245e+00
1.563846758302243289e+00 2.766877826366092918e+00
1.581973481578597518e+00 2.712024537573977767e+00
1.600310313738698254e+00 2.658403314191383870e+00
1.618859690178196420e+00 2.605984412403558714e+00
1.637624074521683681e+00 2.554738784403665530e+00
1.656605958949910251e+00 2.504638125515064928e+00
1.675807864530764357e+00 2.455654854309674118e+00
1.695232341554117506e+00 2.407762093278123849e+00
1.714881969870537537e+00 2.360933650035961229e+00
1.734759359233926546e+00 2.315143999050404577e+00
1.754867149648146718e+00 2.270368263873024706e+00
1.775208011717630985e+00 2.226582199863713196e+00
1.795784647002092393e+00 2.183762177392047032e+00
1.816599788375324875e+00 2.141885165502307231e+00
1.837656200388168903e+00 2.100928716029164978e+00
1.858956679635682452e+00 2.060870948150931969e+00
1.880504055128578100e+00 2.021690533368198484e+00
1.902301188668940934e+00 1.983366680895655820e+00
1.924350975230327832e+00 1.945879123455292126e+00
1.946656343342259454e+00 1.909208103459730355e+00
1.969220255479166903e+00 1.873334359574554853e+00
1.992045708453865194e+00 1.838239031012075753e+00
2.015135733815553110e+00 1.803903341415615591e+00
2.038493398252459343e+00 1.770308891380748761e+00
2.062121803999140468e+00 1.737437769357474293e+00
2.086024089248501578e+00 1.705272537712291925e+00
2.110203428568589779e+00 1.673796219191503898e+00
2.134663033324239123e+00 1.642992283797710895e+00
2.159406152103561904e+00 1.612844636066193438e+00
2.184436071149423508e+00 1.583337602728127624e+00
2.209756114795899062e+00 1.554455920748244013e+00
2.235369645909789149e+00 1.526184725724882396e+00
2.261280066337272743e+00 1.498509540640767135e+00
2.287490817355697814e+00 1.471416264953229192e+00
2.314005380130648604e+00 1.444891164013085927e+00
2.340827276178290006e+00 1.418920858801567597e+00
2.367960067833074778e+00 1.393492315975246809e+00
2.395407358720871738e+00 1.368592838209068185e+00
2.423172794237594019e+00 1.344210054828080647e+00
2.451260062033334020e+00 1.320331912718675671e+00
2.479672892502154724e+00 1.296946648486591691e+00
2.508415059277536496e+00 1.274042572864977130e+00
2.537490379733563284e+00 1.251608156751270684e+00
2.566902715491944598e+00 1.229632179078744780e+00
2.596655972934865719e+00 1.208103720472784470e+00
2.626754103723832223e+00 1.187012154341333225e+00
2.657201105324501267e+00 1.166347138250757087e+00
2.688001021537603119e+00 1.146098605577352547e+00
2.719157943036010661e+00 1.126256757425015742e+00
2.750676007908059884e+00 1.106812054799928724e+00
2.782559402207119170e+00 1.087755211033501146e+00
2.814812360507575661e+00 1.069077184445187845e+00
2.847439166467243155e+00 1.050769171236820565e+00
2.880444153396288787e+00 1.032822598610905862e+00
2.913831704832780201e+00 1.015229118104954198e+00
2.947606255124850971e+00 9.979805991348809080e-01
2.981772290019666816e+00 9.810691227401707737e-01
3.016334347259191695e+00 9.644869755242018172e-01
3.051297017182866167e+00 9.482266437830866312e-01
3.086664943337265488e+00 9.322808059256405544e-01
3.122442823092849373e+00 9.166422428537341904e-01
3.158635408267811417e+00 9.013038059028285476e-01
3.195247505759207129e+00 8.862585291958628986e-01
3.232283978181375250e+00 8.714996332644857624e-01
3.269749744511758038e+00 8.570205195402447185e-01
3.307649780744232881e+00 8.428147650238357880e-01
3.345989120549966334e+00 8.288761171262913896e-01
3.384772855945975767e+00 8.151984886760451632e-01
3.424006137971419506e+00 8.017759530860476547e-01
3.463694177371722915e+00 7.886027396755026508e-01
3.503842245290665680e+00 7.756732291407328894e-01
3.544455673970426268e+00 7.629819491701185230e-01
3.585539857459808299e+00 7.505235701980539353e-01
3.627100252330640817e+00 7.382929012932123447e-01
3.669142378402487914e+00 7.262848861764779063e-01
3.711671819475755196e+00 7.144945993640992032e-01
3.754694224073326314e+00 7.029172424318179679e-01
3.798215306190726892e+00 6.915481403958122497e-01
3.842240846055053005e+00 6.803827381950877662e-01
3.886776690892660646e+00 6.694165765890934816e-01
3.931828755705757406e+00 6.586452483289814142e-01
3.977403024058025149e+00 6.480644497379577373e-01
4.023505548869283466e+00 6.376699899219185896e-01
4.070142453219429690e+00 6.274577875162585805e-01
4.117319931161670610e+00 6.174238675356519268e-01
4.165044248545179073e+00 6.075643583233415468e-01
4.213321743847276757e+00 5.978754885963765142e-01
4.262158829015312733e+00 5.883535845835684563e-01
4.311561990318218740e+00 5.789950672529733389e-01
4.361537789207996951e+00 5.697964496257744704e-01
4.412092863191181991e+00 5.607543341737168952e-01
4.463233926710382882e+00 5.518654102970959041e-01
4.514967772036088789e+00 5.431264518807286112e-01
4.567301270168734995e+00 5.345343149251019499e-01
4.620241371751302673e+00 5.260859352502744724e-01
4.673795107992455122e+00 5.177783262699965361e-01
4.727969591600383659e+00 5.096085768337326183e-01
4.782772017727470626e+00 5.015738491342559557e-01
4.838209664925944509e+00 4.936713741736120653e-01
4.894289896114520033e+00 4.858984345907000901e-01
4.951020159556341227e+00 4.782523739908985383e-01
5.008407989848203457e+00 4.707306032448154154e-01
5.066461008921252507e+00 4.633305986582268998e-01
5.125186927053318797e+00 4.560499001629668703e-01
5.184593543892900058e+00 4.488861095622496133e-01
5.244688749495107771e+00 4.418368888286430818e-01
5.305480525369564937e+00 4.348999584528878137e-01
5.366976945540468336e+00 4.280730958418960674e-01
5.429186177618927189e+00 4.213541337643063045e-01
5.492116483887774514e+00 4.147409588419790905e-01
5.555776222398865372e+00 4.082315100859737478e-01
5.620173848083176438e+00 4.018237774754846448e-01
5.685317913873744189e+00 3.955158005783605546e-01
5.751217071841596251e+00 3.893056672118297978e-01
5.817880074344919272e+00 3.831915121421122783e-01
5.885315775191436671e+00 3.771715158216741304e-01
5.953533130814357754e+00 3.712439031628768094e-01
6.022541201461917737e+00 3.654069424697400370e-01
6.092349152400691636e+00 3.596589466484382269e-01
6.162966255132924509e+00 3.539982717408923785e-01
6.234401888627847832e+00 3.484233134687797495e-01
6.306665540567391481e+00 3.429325060898130162e-01
6.379766808606270878e+00 3.375243213777083251e-01
6.453715401646691774e+00 3.321972676307077821e-01
6.528521141127827221e+00 3.269498887077376126e-01
6.604193962330286993e+00 3.217807630913467332e-01
6.680743915695598112e+00 3.166885029765781900e-01
6.758181168161097041e+00 3.116717533849607258e-01
6.836516004510227340e+00 3.067291913028188932e-01
6.915758828738503894e+00 3.018595248431840128e-01
6.995920165435354221e+00 2.970614924305193805e-01
7.077010661181871498e+00 2.923338620076095795e-01
7.159041085964872764e+00 2.876754302638805383e-01
7.242022334607302270e+00 2.830850218845292199e-01
7.325965428215218900e+00 2.785614888197960326e-01
7.410881515641548845e+00 2.741037095737963725e-01
7.496781874966857551e+00 2.697105885650407098e-01
7.583677914997172920e+00 2.653810622915974693e-01
7.671581176779286970e+00 2.611141048508830442e-01
7.760503335133557279e+00 2.569087145072446177e-01
7.850456200204484425e+00 2.527639114400642706e-01
7.941451719029317680e+00 2.486787371871251040e-01
8.033501977124714699e+00 2.446522541021961539e-01
8.126619200091928619e+00 2.406835448264571797e-01
8.220815755240526101e+00 2.367717117733327548e-01
8.316104153230948981e+00 2.329158766263839941e-01
8.412497049736094468e+00 2.291151798498812786e-01
8.510007247122224783e+00 2.253687802116936811e-01
8.608647696149226647e+00 2.216758543181761576e-01
8.708431497690707346e+00 2.180355961606930681e-01
8.809371904473977111e+00 2.144472166734704976e-01
8.911482322840175385e+00 2.109099433024671233e-01
9.014776314524892697e+00 2.074230195849636194e-01
9.119267598459275703e+00 2.039857047395720602e-01
9.224970052592155412e+00 2.005972732663871549e-01
9.331897715733223464e+00 1.972570145570091138e-01
9.440064789417590418e+00 1.939642366903883697e-01
9.549485639791939207e+00 1.907182802326875259e-01
9.660174799522621925e+00 1.875185031988481354e-01
9.772146969725703514e+00 1.843642752145074892e-01
9.885417021919554514e+00 1.812549772362572198e-01
9.999999999999984013e+00 1.781900012788838750e-01
