1.000000000000000048e-04 1.374684326472000748e+02
1.011591112223829728e-04 1.390098443859970985e+02
1.023316578330244966e-04 1.405685220167601983e+02
1.035177955630176363e-04 1.421446583508497383e+02
1.047176819485520245e-04 1.437384484363234662e+02
1.059314763518370031e-04 1.453500894924339661e+02
1.071593399822671198e-04 1.469797809324901436e+02
1.084014359178330883e-04 1.486277243881211234e+02
1.096579291267809898e-04 1.502941237338154963e+02
1.109289864895222780e-04 1.519791851117187775e+02
1.122147768207980425e-04 1.536831169566369226e+02
1.135154708920999033e-04 1.554061299278492356e+02
1.148312414543511137e-04 1.571484367435084550e+02
1.161622632608502026e-04 1.589102524221360682e+02
1.175087130904807752e-04 1.606917943583482327e+02
1.188707697711903445e-04 1.624932823487832252e+02
1.202486142037412301e-04 1.643149386183151250e+02
1.216424293857368039e-04 1.661569878465404315e+02
1.230524004359261579e-04 1.680196571945587323e+02
1.244787146187906256e-04 1.699031763367519545e+02
1.259215613694151213e-04 1.718077775945398002e+02
1.273811323186478520e-04 1.737336959709391238e+02
1.288576213185518003e-04 1.756811690758778752e+02
1.303512244681509209e-04 1.776504371499415527e+02
1.318621401394748729e-04 1.796417430932208674e+02
1.333905690039058638e-04 1.816553324944677570e+02
1.349367140588306701e-04 1.836914536605705450e+02
1.365007806546013845e-04 1.857503576463482489e+02
1.380829765218092534e-04 1.878322982383996589e+02
1.396835117988739897e-04 1.899375317724740455e+02
1.413025990599533870e-04 1.920663173209728143e+02
1.429404533431761061e-04 1.942189168085495794e+02
1.445972921792019735e-04 1.963955950431202382e+02
1.462733356201130139e-04 1.985966197471326211e+02
1.479688062686396383e-04 2.008222615891612577e+02
1.496839293077255632e-04 2.030727942158509620e+02
1.514189325304352289e-04 2.053484942819553680e+02
1.531740463702080011e-04 2.076496412983960909e+02
1.549495039314631917e-04 2.099765175161405750e+02
1.567455410205595065e-04 2.123294082389747075e+02
1.585623961771137158e-04 2.147086018880630149e+02
1.604003107056820173e-04 2.171143900352695084e+02
1.622595287078087273e-04 2.195470674368118864e+02
1.641402971144466632e-04 2.220069320672700997e+02
1.660428657187529853e-04 2.244942851539473736e+02
1.679674872092653496e-04 2.270094312332145705e+02
1.699144172034626271e-04 2.295526784000923044e+02
1.718839142817145805e-04 2.321243382638044181e+02
1.738762400216250798e-04 2.347247258477401601e+02
1.758916590327733002e-04 2.373541596241576315e+02
1.779304389918577567e-04 2.400129615512466330e+02
1.799928506782476725e-04 2.427014571105911216e+02
1.820791680099462630e-04 2.454199753450158141e+02
1.841896680799711133e-04 2.481688488967239152e+02
1.863246311931559835e-04 2.509484138102528448e+02
1.884843409033795745e-04 2.537590090572371651e+02
1.906690840512252356e-04 2.566009771374034472e+02
1.928791508020778235e-04 2.594746642553025708e+02
1.951148346846616683e-04 2.623804203591613486e+02
1.973764326300255834e-04 2.653185991801321393e+02
1.996642450109793916e-04 2.682895582719230561e+02
2.019785756819878484e-04 2.712936590508332415e+02
2.043197320195270865e-04 2.743312668361694477e+02
2.066880249629082160e-04 2.774027508905938362e+02
2.090837690555750453e-04 2.805084844613016912e+02
2.115072824868795298e-04 2.836488448221914496e+02
2.139588871343421834e-04 2.868242133159470768e+02
2.164389086064020889e-04 2.900349753965417108e+02
2.189476762856621176e-04 2.932815206721477921e+02
2.214855233726359721e-04 2.965642429484771583e+02
2.240527869300018495e-04 2.998835402725554218e+02
2.266498079273692845e-04 3.032398148214509206e+02
2.292769312865648918e-04 3.066334721891345794e+02
2.319345059274427814e-04 3.100649219694351473e+02
2.346228848142263134e-04 3.135345781128452813e+02
2.373424250023866691e-04 3.170428589711547716e+02
2.400934876860652035e-04 3.205901873420723405e+02
2.428764382460451090e-04 3.241769905143093524e+02
2.456916462982790305e-04 3.278037003130498874e+02
2.485394857429798965e-04 3.314707531446431972e+02
2.514203348142797370e-04 3.351785899259037365e+02
2.543345761304648903e-04 3.389276560276712189e+02
2.572825967447932359e-04 3.427184015053633175e+02
2.602647881969005024e-04 3.465512811681779795e+02
2.632815465648020731e-04 3.504267546267356011e+02
2.663332725174980963e-04 3.543452863411734484e+02
2.694203713681882413e-04 3.583073456696723156e+02
2.725432531281028249e-04 3.623134069174165575e+02
2.757023325609583289e-04 3.663639493216181222e+02
2.788980292380439777e-04 3.704594564230447418e+02
2.821307675939471824e-04 3.746004163485547451e+02
2.854009769829237591e-04 3.787873223065766979e+02
2.887090917359235484e-04 3.830206726440250122e+02
2.920555512182745244e-04 3.873009708963875255e+02
2.954407998880380793e-04 3.916287258382287746e+02
2.988652873550383024e-04 3.960044515341370470e+02
3.023294684405777215e-04 4.004286673899999300e+02
3.058338032378432473e-04 4.049018977879222803e+02
3.093787571730137595e-04 4.094246711682123419e+02
3.129648010670751349e-04 4.139975211088327001e+02
3.165924111983521496e-04 4.186209866441473082e+02
3.202620693657651165e-04 4.232956123159390813e+02
3.239742629528196056e-04 4.280219482248586473e+02
3.277294849923383015e-04 4.328005500822607132e+02
3.315282342319423692e-04 4.376319792624433376e+02
3.353710152002930081e-04 4.425168028297698015e+02
3.392583382740992667e-04 4.474555929188292112e+02
3.431907197459043682e-04 4.524489266853349818e+02
3.471686818926560223e-04 4.574973870542737586e+02
3.511927530450728672e-04 4.626015628098977004e+02
3.552634676578139803e-04 4.677620486485111542e+02
3.593813663804626239e-04 4.729794452316546653e+02
3.635469961293318715e-04 4.782543592396516487e+02
3.677609101601031711e-04 4.835874034255571132e+02
3.720236681413067385e-04 4.889791964525815047e+02
3.763358362286533740e-04 4.944303618303100052e+02
3.806979871402285448e-04 4.999415287350219046e+02
3.851107002325569739e-04 5.055133325411770784e+02
3.895745615775502574e-04 5.111464148755956103e+02
3.940901640403448279e-04 5.168414236710932528e+02
3.986581073580439810e-04 5.225990132204947258e+02
4.032789982193706307e-04 5.284198442309661914e+02
4.079534503452450522e-04 5.343045838647349228e+02
4.126820845702952557e-04 5.402539042697852665e+02
4.174655289253135972e-04 5.462684811724279825e+02
4.223044187206673248e-04 5.523489964039142706e+02
4.271993966306778055e-04 5.584961382648733661e+02
4.321511127789762923e-04 5.647106015756349962e+02
4.371602248248503283e-04 5.709930877267925098e+02
4.422273980505898373e-04 5.773443047299240334e+02
4.473533054498464575e-04 5.837649672685728319e+02
4.525386278170167947e-04 5.902557967008432342e+02
4.577840538376617388e-04 5.968175205674597237e+02
4.630902801799738800e-04 6.034508728127007089e+02
4.684580115873046222e-04 6.101565942048548550e+02
4.738879609717652546e-04 6.169354323936386209e+02
4.793808495089108153e-04 6.237881419610450848e+02
4.849374067335234439e-04 6.307154844723451106e+02
4.905583706365046568e-04 6.377182285272454010e+02
4.962444877628915604e-04 6.447971498110056245e+02
5.019965133110080614e-04 6.519530297950460636e+02
5.078152112327671743e-04 6.591866524385268349e+02
5.137013543351340219e-04 6.664988076779748098e+02
5.196557243827659538e-04 6.738902924234397460e+02
5.256791122018420349e-04 6.813619106019073115e+02
5.317723177850967571e-04 6.889144732006978984e+02
5.379361503980699009e-04 6.965487983108014305e+02
5.441714286865889172e-04 7.042657111701697659e+02
5.504789807854969502e-04 7.120660441573174921e+02
5.568596444286410272e-04 7.199506354161795798e+02
5.633142670601353798e-04 7.279203286179738370e+02
5.698437059469137721e-04 7.359759745179574111e+02
5.764488282925875340e-04 7.441184310823108490e+02
5.831305113526219844e-04 7.523485635268789338e+02
5.898896425508494586e-04 7.606672443557412180e+02
5.967271195973311917e-04 7.690753533995634825e+02
6.036438506075865983e-04 7.775737778537558142e+02
6.106407542232038244e-04 7.861634116779151782e+02
6.177187597338490302e-04 7.948451521505049868e+02
6.248788072006889295e-04 8.036199022010534918e+02
6.321218475812450180e-04 8.124885719836763656e+02
6.394488428556939106e-04 8.214520789100569118e+02
6.468607661546322196e-04 8.305113476783284341e+02
6.543586018883232108e-04 8.396673103015797324e+02
6.619433458774390093e-04 8.489209061359009638e+02
6.696160054853217717e-04 8.582730818926781922e+02
6.773775997517746681e-04 8.677247897201874594e+02
6.852291595284059830e-04 8.772769852056669606e+02
6.931717276155402148e-04 8.869306306660907921e+02
7.012063589007179638e-04 8.966866956065348404e+02
7.093341204987991394e-04 9.065461567377562915e+02
7.175560918936924699e-04 9.165099979930378140e+02
7.258733650817247602e-04 9.265792105443845230e+02
7.342870447166760257e-04 9.367547928179872088e+02
7.427982482564913450e-04 9.470377501986910147e+02
7.514081061116963198e-04 9.574290913514463455e+02
7.601177617955326210e-04 9.679298292719189476e+02
7.689283720758308604e-04 9.785409838932991988e+02
7.778411071286484360e-04 9.892635821426649727e+02
7.868571506936848170e-04 1.000098657943360990e+03
7.959777002314981234e-04 1.011047252216408651e+03
8.052039670825472846e-04 1.022110412880892341e+03
8.145371766280737639e-04 1.033289194853259687e+03
8.239785684528515806e-04 1.044584658843894886e+03
8.335293965098190729e-04 1.055997868182086449e+03
8.431909292866253619e-04 1.067529891972709265e+03
8.529644499741018170e-04 1.079181806013559253e+03
8.628512566366892044e-04 1.090954692781790982e+03
8.728526623848374341e-04 1.102849641419074942e+03
8.829699955494085860e-04 1.114867747715454016e+03
8.932045998580961195e-04 1.127010114091891637e+03
9.035578346138924653e-04 1.139277849455434989e+03
9.140310748756226740e-04 1.151672065260671843e+03
9.246257116405735008e-04 1.164193874527108164e+03
9.353431520292382036e-04 1.176844396144608481e+03
9.461848194721997124e-04 1.189624755108000500e+03
9.571521538991858893e-04 1.202536082480586629e+03
9.682466119303117331e-04 1.215579515355933154e+03
9.794696670695391023e-04 1.228756196818086892e+03
9.908228099003791103e-04 1.242067275899892138e+03
1.002307548283864732e-03 1.255513906432704971e+03
1.013925407558814544e-03 1.269097240613970826e+03
1.025677930744421434e-03 1.282818433010362924e+03
1.037566678745185456e-03 1.296678643430774628e+03
1.049593230558226948e-03 1.310679036871692915e+03
1.061759183482999420e-03 1.324820783451579473e+03
1.074066153333433013e-03 1.339105058343196333e+03
1.086515774652537783e-03 1.353533041703776917e+03
1.099109700929496542e-03 1.368105918575556871e+03
1.111849604819270662e-03 1.382824874707580193e+03
1.124737178364751356e-03 1.397691091863312977e+03
1.137774133221490730e-03 1.412705754874569720e+03
1.150962200885031431e-03 1.427870052564415573e+03
1.164303132920876341e-03 1.443185177648777653e+03
1.177798701197118681e-03 1.458652326635517511e+03
1.191450698119775244e-03 1.474272699720879928e+03
1.205260936870841855e-03 1.490047500683263934e+03
1.219231251649110278e-03 1.505977935868236500e+03
1.233363497913775222e-03 1.522065202600201246e+03
1.247659552630868939e-03 1.538310491937676943e+03
1.262121314522546408e-03 1.554714996910135596e+03
1.276750704319265127e-03 1.571279912563623611e+03
1.291549665014883131e-03 1.588006435814116685e+03
1.306520162124720367e-03 1.604895765297672597e+03
1.321664183946604648e-03 1.621949101217473753e+03
1.336983741824946011e-03 1.639167645187362268e+03
1.352480870417874584e-03 1.656552596341888375e+03
1.368157627967470829e-03 1.674105140704101586e+03
1.384016096573131068e-03 1.691826461159670316e+03
1.400058382468096939e-03 1.709717740432417713e+03
1.416286616299197981e-03 1.727780160889631588e+03
1.432702953409829925e-03 1.746014904343660419e+03
1.449309574126215940e-03 1.764423151849736769e+03
1.466108684046983808e-03 1.783006083500025170e+03
1.483102514336103470e-03 1.801764877714068462e+03
1.500293322019217047e-03 1.820700694074768762e+03
1.517683390283404692e-03 1.839814668141131051e+03
1.535275028780421847e-03 1.859107930621042442e+03
1.553070573933459063e-03 1.878581608396770662e+03
1.571072389247449340e-03 1.898236824254918929e+03
1.589282865622977398e-03 1.918074696611950230e+03
1.607704421673822760e-03 1.938096339235344885e+03
1.626339504048191073e-03 1.958302860960075122e+03
1.645190587753661863e-03 1.978695363005367199e+03
1.664260176485902803e-03 1.999274924069529561e+03
1.683550802961201673e-03 2.020042608950455133e+03
1.703065029252843121e-03 2.040999475182509968e+03
1.722805447131393322e-03 2.062146572731422111e+03
1.742774678408918554e-03 2.083484943658162592e+03
1.762975375287204483e-03 2.105015621777952219e+03
1.783410220710006724e-03 2.126739632314470782e+03
1.804081928719382128e-03 2.148657991475880863e+03
1.824993244816151307e-03 2.170771693029032576e+03
1.846146946324546618e-03 2.193081692101084627e+03
1.867545842761074654e-03 2.215588928364639287e+03
1.889192776207665675e-03 2.238294329186848245e+03
1.911090621689137074e-03 2.261198809213241020e+03
1.933242287555043959e-03 2.284303269946416094e+03
1.955650715865948734e-03 2.307608599319493806e+03
1.978318882784163655e-03 2.331115671264592493e+03
2.001249798969035980e-03 2.354825343991095906e+03
2.024446509976802599e-03 2.378738442210820267e+03
2.047912096665084614e-03 2.402855760496341645e+03
2.071649675602067840e-03 2.427178075912096574e+03
2.095662399480431679e-03 2.451706147854502888e+03
2.119953457536069303e-03 2.476440717560564735e+03
2.144526075971666789e-03 2.501382507611550409e+03
2.169383518385183292e-03 2.526532221431555172e+03
2.194529086203312468e-03 2.551890542781213753e+03
2.219966119119953351e-03 2.577458126024236208e+03
2.245697995539773072e-03 2.603235568134427922e+03
2.271728133026903931e-03 2.629223434102005285e+03
2.298059988758849835e-03 2.655422264959556742e+03
2.324697059985647227e-03 2.681832577207497707e+03
2.351642884494347698e-03 2.708454862235038490e+03
2.378901041078892130e-03 2.735289585736364643e+03
2.406475150015422761e-03 2.762337187122378509e+03
2.434368873543109931e-03 2.789598078316056217e+03
2.462585916350545565e-03 2.817072620457558969e+03
2.491130026067787072e-03 2.844761115551611965e+03
2.520004993764090716e-03 2.872663832793583879e+03
2.549214654451422042e-03 2.900781009831965548e+03
2.578762887593799742e-03 2.929112852113042663e+03
2.608653617622546696e-03 2.957659532221923655e+03
2.638890814457508453e-03 2.986421189220158794e+03
2.669478494034319832e-03 3.015397927979915949e+03
2.700420718837771242e-03 3.044589815367130086e+03
2.731721598441374903e-03 3.073996859275138377e+03
2.763385290053167829e-03 3.103619019882748944e+03
2.795415999067855668e-03 3.133456218993514540e+03
2.827817979625339880e-03 3.163508339376948243e+03
2.860595535175740160e-03 3.193775224060986147e+03
2.893753019050949830e-03 3.224256675622510556e+03
2.927294835042814833e-03 3.254952455476201976e+03
2.961225437988033050e-03 3.285862282937102918e+03
2.995549334359811234e-03 3.316985786059995007e+03
3.030271082866395349e-03 3.348322437893912138e+03
3.065395295056525492e-03 3.379871646406176751e+03
3.100926635931925118e-03 3.411632768144716465e+03
3.136869824566874444e-03 3.443605107412759025e+03
3.173229634734975584e-03 3.475787915444492683e+03
3.210010895543170123e-03 3.508180389582046246e+03
3.247218492073126669e-03 3.540781672454194904e+03
3.284857366030041314e-03 3.573590863448469918e+03
3.322932516398970689e-03 3.606607194575351059e+03
3.361449000108763119e-03 3.639829996061720976e+03
3.400411932703704086e-03 3.673258557049317460e+03
3.439826489022923713e-03 3.706892121197902270e+03
3.479697903887689868e-03 3.740729886079512198e+03
3.520031472796677097e-03 3.774771002575227612e+03
3.560832552629275994e-03 3.809014574274834104e+03
3.602106562357069216e-03 3.843459656879379963e+03
3.643858983763542669e-03 3.878104944453876669e+03
3.686095362172155891e-03 3.912947780088308718e+03
3.728821307182831907e-03 3.947985067120868280e+03
3.772042493416996253e-03 3.983213588340605384e+03
3.815764661271247096e-03 4.018630004471323446e+03
3.859993617679764906e-03 4.054230852684468573e+03
3.904735236885557934e-03 4.090012545142078125e+03
3.949995461220641955e-03 4.125971367572825329e+03
3.995780301895267457e-03 4.162103548463514926e+03
4.042095839796303568e-03 4.198408129379444290e+03
4.088948226294858955e-03 4.234888081610549307e+03
4.136343684063272831e-03 4.271546764863975113e+03
4.184288507901578850e-03 4.308387660978164604e+03
4.232789065573546415e-03 4.345414375624469358e+03
4.281851798652410411e-03 4.382630640039633363e+03
4.331483223376396928e-03 4.420040312790929420e+03
4.381689931514188077e-03 4.457647381575744475e+03
4.432478591240393562e-03 4.495453576102770057e+03
4.483855948021185124e-03 4.533442102099676049e+03
4.535828825510184945e-03 4.571586882324198996e+03
4.588404126454754574e-03 4.609860919736184769e+03
4.641588833612774606e-03 4.648236336685235074e+03
4.695390010680057340e-03 4.686684368661787630e+03
4.749814803228498243e-03 4.725175359782073429e+03
4.804870439655126689e-03 4.763678760096927363e+03
4.860564232142133151e-03 4.802163189248224626e+03
4.916903577628024651e-03 4.840613474520323507e+03
4.973895958790060245e-03 4.879054346456025996e+03
5.031548945038048955e-03 4.917517239689976122e+03
5.089870193519678392e-03 4.956034694239309829e+03
5.148867450137491197e-03 4.994640358903267952e+03
5.208548550577657595e-03 5.033368996878450162e+03
5.268921421350668960e-03 5.072256493729444628e+03
5.329994080844086858e-03 5.111339867856629098e+03
5.391774640387498457e-03 5.150655136480052533e+03
5.454271305329828380e-03 5.190204427952433434e+03
5.517492376129119747e-03 5.229961360666906330e+03
5.581446249454959617e-03 5.269897892808297911e+03
5.646141419303662458e-03 5.309985114081092433e+03
5.711586478126426739e-03 5.350193236831398281e+03
5.777790117970500218e-03 5.390491588803872219e+03
5.844761131633627142e-03 5.430848607618121605e+03
5.912508413831872763e-03 5.471231837050502691e+03
5.981040962380937930e-03 5.511613165228147409e+03
6.050367879391214433e-03 5.551986318285559719e+03
6.120498372476694711e-03 5.592351018494383425e+03
6.191441755977841743e-03 5.632707079955092922e+03
6.263207452198682815e-03 5.673054409203190517e+03
6.335804992658246836e-03 5.713393005856382842e+03
6.409244019356445839e-03 5.753722963241710204e+03
6.483534286054717238e-03 5.794044469002796177e+03
6.558685659571428586e-03 5.834357718468972053e+03
6.634708121092339726e-03 5.874659010524024779e+03
6.711611767496278476e-03 5.914939047805849441e+03
6.789406812696106158e-03 5.955187951256494671e+03
6.868103588995296514e-03 5.995395664427508564e+03
6.947712548460231209e-03 6.035551954581426799e+03
7.028244264308346374e-03 6.075646413942889922e+03
7.109709432312428558e-03 6.115668461103800837e+03
7.192118872221184116e-03 6.155607342584763501e+03
7.275483529196219955e-03 6.195452307213663516e+03
7.359814475265760887e-03 6.235193848576086566e+03
7.445122910795134823e-03 6.274823022083895921e+03
7.531420165974363201e-03 6.314330780738735484e+03
7.618717702322989373e-03 6.353707972538353715e+03
7.707027114212296713e-03 6.392945342438711123e+03
7.796360130405225256e-03 6.432033534413429152e+03
7.886728615614147300e-03 6.470963093610605938e+03
7.978144572076614760e-03 6.509724467535867916e+03
8.070620141149495441e-03 6.548307653433507767e+03
8.164167604921463567e-03 6.586701674850894051e+03
8.258799387844257406e-03 6.624895306146555413e+03
8.354528058382861000e-03 6.662877203978729085e+03
8.451366330684714073e-03 6.700635910542614511e+03
8.549327066268371661e-03 6.738159856953659073e+03
8.648423275731715806e-03 6.775437366777931857e+03
8.748668120479906676e-03 6.812456659710577696e+03
8.850074914473426979e-03 6.849205840395852647e+03
8.952657125996391421e-03 6.885672657155116212e+03
9.056428379445279064e-03 6.921844540268843048e+03
9.161402457138508384e-03 6.957708815198195225e+03
9.267593301146874116e-03 6.993252714032504628e+03
9.375015015145274355e-03 7.028463380318296913e+03
9.483681866285915280e-03 7.063327874056670225e+03
9.593608287093137454e-03 7.097833176866733083e+03
9.704808877380292215e-03 7.131966197317988190e+03
9.817298406188829443e-03 7.165713617654236259e+03
9.931091813749784100e-03 7.199061340606372141e+03
1.004620421346811773e-02 7.231994995919641042e+03
1.016265089392994099e-02 7.264500144227455166e+03
1.028044732093308204e-02 7.296562283893154017e+03
1.039960913954119000e-02 7.328166858044733090e+03
1.052015217616157974e-02 7.359299261810838289e+03
1.064209244064722934e-02 7.389944849755610448e+03
1.076544612842314681e-02 7.420088936364209076e+03
1.089022962263729542e-02 7.449716450736913430e+03
1.101645949633655273e-02 7.478811775930777003e+03
1.114415251466786827e-02 7.507359231587308386e+03
1.127332563710485222e-02 7.535343123469518105e+03
1.140399601970031561e-02 7.562747752782145653e+03
1.153618101736477233e-02 7.589557425707579569e+03
1.166989818617145645e-02 7.615756463153367804e+03
1.180516528568804208e-02 7.641329210706693630e+03
1.194200028133531391e-02 7.666259946426741408e+03
1.208042134677327073e-02 7.690532116378849423e+03
1.222044686631487166e-02 7.714128765519718399e+03
1.236209543736768203e-02 7.737032985432426358e+03
1.250538587290389754e-02 7.759227929988693177e+03
1.265033720395902610e-02 7.780696827814343123e+03
1.279696868215939552e-02 7.801422994976034715e+03
1.294529978227914289e-02 7.821389847880582238e+03
1.309535020482666470e-02 7.840580915653087686e+03
1.324713987866115404e-02 7.858979546096085869e+03
1.340068896363949026e-02 7.876568437515534242e+03
1.355601785329367710e-02 7.893330309129624766e+03
1.371314717753943473e-02 7.909248038883915797e+03
1.387209780541619544e-02 7.924304678773592059e+03
1.403289084785870784e-02 7.938483470352680342e+03
1.419554766050099524e-02 7.951767860415523501e+03
1.436008984651259215e-02 7.964141516836410119e+03
1.452653925946778904e-02 7.975588305974850300e+03
1.469491800624815429e-02 7.986091636825846763e+03
1.486524844997855720e-02 7.995634559918878040e+03
1.503755321299736145e-02 8.004200384940060758e+03
1.521185517986103040e-02 8.011772719983297975e+03
1.538817750038344936e-02 8.018335489789179519e+03
1.556654359271059974e-02 8.023872954071593085e+03
1.574697714643085236e-02 8.028369725911769820e+03
1.592950212572120244e-02 8.031810790195432673e+03
1.611414277253018015e-02 8.034181391212142444e+03
1.630092360979739502e-02 8.035466567676181512e+03
1.648986944471062324e-02 8.035651605460020619e+03
1.668100537200057146e-02 8.034722237086026325e+03
1.687435677727374198e-02 8.032664661355705903e+03
1.706994934038405520e-02 8.029465562879228855e+03
1.726780903884354151e-02 8.025112131499803581e+03
1.746796215127244256e-02 8.019592081582901301e+03
1.767043526088944369e-02 8.012893669596518521e+03
1.787525525904233581e-02 8.005005628642342344e+03
1.808244934877948837e-02 7.995917144079450736e+03
1.829204504846291754e-02 7.985617991480789897e+03
1.850407019542300510e-02 7.974098565882329240e+03
1.871855294965576663e-02 7.961349899965444820e+03
1.893552179756293266e-02 7.947363681888645260e+03
1.915500555573526609e-02 7.932132272734247636e+03
1.937703337477986176e-02 7.915648723536852231e+03
1.960163474319183419e-02 7.897906872709133495e+03
1.982883949127068474e-02 7.878902004771037355e+03
2.005867779508231641e-02 7.858630515660318451e+03
2.029118018046676200e-02 7.837089544117584410e+03
2.052637752709248961e-02 7.814276980709240888e+03
2.076430107255772262e-02 7.790191479702521974e+03
2.100498241653913495e-02 7.764832470286145508e+03
2.124845352498879944e-02 7.738200167108397181e+03
2.149474673437978475e-02 7.710295581626323838e+03
2.174389475600078253e-02 7.681121380797645543e+03
2.199593068030071888e-02 7.650683289233950745e+03
2.225088798128367282e-02 7.618988169865713644e+03
2.250880052095458397e-02 7.586043648720638885e+03
2.276970255381677299e-02 7.551858115158072906e+03
2.303362873142129202e-02 7.516440721315172595e+03
2.330061410696921201e-02 7.479801380753875492e+03
2.357069413996725274e-02 7.441950766301367366e+03
2.384390470093718586e-02 7.402900483059281214e+03
2.412028207618003781e-02 7.362666325946742290e+03
2.439986297259547771e-02 7.321267883280756905e+03
2.468268452255688306e-02 7.278725440199009427e+03
2.496878428884323833e-02 7.235059845032002158e+03
2.525820026962782502e-02 7.190292492023148952e+03
2.555097090352503181e-02 7.144445303581603184e+03
2.584713507469561106e-02 7.097540712089557928e+03
2.614673211801089858e-02 7.049601641284169091e+03
2.644980182427715890e-02 7.000652960842686298e+03
2.675638444552042375e-02 6.950727144111212510e+03
2.706652070033239293e-02 6.899859033456737052e+03
2.738025177927854228e-02 6.848083553015118014e+03
2.769761935036888292e-02 6.795435674181656395e+03
2.801866556459190957e-02 6.741950382355727015e+03
2.834343306151305975e-02 6.687662644380866368e+03
2.867196497493766996e-02 6.632607376710599965e+03
2.900430493863987227e-02 6.576819510415687546e+03
2.934049709215783702e-02 6.520339787197292935e+03
2.968058608665600367e-02 6.463217822502380841e+03
3.002461709085545161e-02 6.405503316218516375e+03
3.037263579703308389e-02 6.347245181875628077e+03
3.072468842709001266e-02 6.288491507965108212e+03
3.108082173869059980e-02 6.229289522119083813e+03
3.144108303147261779e-02 6.169685558111315913e+03
3.180552015332915178e-02 6.109725025635654674e+03
3.217418150676367578e-02 6.049453421699502542e+03
3.254711605531845214e-02 5.988924955194643189e+03
3.292437333007763867e-02 5.928197705345721261e+03
3.330600343624585263e-02 5.867328130260526450e+03
3.369205705980264642e-02 5.806370990557808000e+03
3.408258547423447665e-02 5.745379334884631135e+03
3.447764054734461098e-02 5.684404490105278455e+03
3.487727474814172890e-02 5.623496055953588439e+03
3.528154115380878475e-02 5.562701911391999602e+03
3.569049345675226470e-02 5.502073888990505111e+03
3.610418597173332272e-02 5.441677497369952107e+03
3.652267364308171838e-02 5.381578270808566231e+03
3.694601205199299354e-02 5.321839005160443776e+03
3.737425742391059513e-02 5.262519793780598775e+03
3.780746663599345719e-02 5.203678070474169544e+03
3.824569722466996530e-02 5.145368658942814363e+03
3.868900739327971183e-02 5.087643828215817848e+03
3.913745601980380545e-02 5.030552920016120879e+03
3.959110266468453265e-02 4.974133839728732710e+03
4.005000757873606460e-02 4.918414066183879186e+03
4.051423171114643812e-02 4.863419250826333155e+03
4.098383671757255958e-02 4.809173615104917189e+03
4.145888496832907111e-02 4.755700000422684752e+03
4.193943955667183560e-02 4.703019919022458453e+03
4.242556430717771970e-02 4.651153605660500943e+03
4.291732378422153521e-02 4.600120069931987928e+03
4.341478330055086043e-02 4.549943336466679284e+03
4.391800892596080946e-02 4.500677568020503713e+03
4.442706749606879085e-02 4.452384264003118915e+03
4.494202662119135827e-02 4.405121960918323566e+03
4.546295469532394412e-02 4.358946390816029634e+03
4.598992090522435044e-02 4.313910651320780744e+03
4.652299523960182898e-02 4.270065381755169255e+03
4.706224849841277036e-02 4.227458944768519359e+03
4.760775230226364785e-02 4.186132203886936622e+03
4.815957910192344982e-02 4.146057085742325398e+03
4.871780218794626721e-02 4.107161082617441934e+03
4.928249570040506289e-02 4.069373458367237617e+03
4.985373463873887800e-02 4.032625996639707864e+03
5.043159487171355176e-02 3.996852859058710237e+03
5.101615314749827212e-02 3.961990454062377466e+03
5.160748710385902605e-02 3.927977319931887905e+03
5.220567527846971256e-02 3.894760166904140533e+03
5.281079711934324322e-02 3.862305789951749375e+03
5.342293299538347640e-02 3.830585417503268218e+03
5.404216420705911655e-02 3.799571140668575481e+03
5.466857299720174340e-02 3.769235876780877788e+03
5.530224256192894927e-02 3.739553334745121902e+03
5.594325706169369500e-02 3.710497932994672738e+03
5.659170163246236840e-02 3.682023114235320463e+03
5.724766239702173964e-02 3.654028330726382592e+03
5.791122647641750582e-02 3.626407300098649102e+03
5.858248200152529894e-02 3.599056858680535697e+03
5.926151812475548286e-02 3.571876872757383808e+03
5.994842503189401484e-02 3.544770178308725008e+03
6.064329395408056544e-02 3.517642352972167373e+03
6.134621717992497919e-02 3.490400045093715562e+03
6.205728806776493467e-02 3.462951878778932496e+03
6.277660105806494306e-02 3.435209551648114484e+03
6.350425168595953684e-02 3.407087911288032956e+03
6.424033659394184914e-02 3.378505041513666129e+03
6.498495354469883967e-02 3.349381257619125790e+03
6.573820143409576933e-02 3.319630235524298769e+03
6.650018030431112392e-02 3.289164250068320143e+03
6.727099135712333311e-02 3.257899932643775628e+03
6.805073696735199074e-02 3.225758538638760456e+03
6.883952069645490890e-02 3.192666189117694103e+03
6.963744730628212976e-02 3.158560970251804065e+03
7.044462277299029518e-02 3.123404353831004755e+03
7.126115430111740201e-02 3.087165275638624735e+03
7.208715033782125969e-02 3.049817133047489733e+03
7.292272058728306583e-02 3.011337942379839205e+03
7.376797602527726538e-02 2.971716026104067623e+03
7.462302891391099646e-02 2.930976466428568983e+03
7.548799281653424675e-02 2.889158780790542096e+03
7.636298261282230271e-02 2.846304663267912019e+03
7.724811451403391926e-02 2.802457887619897519e+03
7.814350607844536278e-02 2.757672547281656080e+03
7.904927622696410194e-02 2.712046708792511708e+03
7.996554525892338172e-02 2.665690326875437222e+03
8.089243486805931804e-02 2.618710460852514188e+03
8.183006815867380213e-02 2.571211118483453447e+03
8.277856966198465782e-02 2.523309284116533490e+03
8.373806535266484219e-02 2.475150873893477183e+03
8.470868266557393667e-02 2.426878354204450716e+03
8.569055051268339995e-02 2.378626086354390736e+03
8.668379930019762258e-02 2.330524447388569115e+03
8.768856094587416938e-02 2.282728700037118870e+03
8.870496889654395922e-02 2.235398805469497347e+03
8.973315814583508743e-02 2.188682467561129670e+03
9.077326525210215047e-02 2.142716745190360143e+03
9.182542835656276603e-02 2.097653444146592392e+03
9.288978720164486891e-02 2.053654486371517123e+03
9.396648314954682280e-02 2.010867952652360373e+03
9.505565920101186062e-02 1.969428125540393694e+03
9.615746001432085022e-02 1.929456310631082488e+03
9.727203192450530056e-02 1.891058292698892728e+03
9.839952296278213495e-02 1.854326452129556401e+03
9.954008287621508855e-02 1.819344374397581987e+03
1.006938631476026330e-01 1.786188149164032211e+03
1.018610170155973965e-01 1.754916348477733663e+03
1.030416994950586612e-01 1.725514350664178664e+03
1.042360673976400476e-01 1.697942632348318512e+03
1.054442793526167294e-01 1.672164732694191116e+03
1.066664958279537889e-01 1.648146073989654951e+03
1.079028791516182112e-01 1.625802151514418028e+03
1.091535935331389984e-01 1.604984334311483963e+03
1.104188050854159470e-01 1.585548185803849265e+03
1.116986818467821246e-01 1.567357469744302080e+03
1.129933938033220592e-01 1.550263452300878043e+03
1.143031129114477906e-01 1.534073390419157022e+03
1.156280131207374218e-01 1.518594888402102470e+03
1.169682703970383736e-01 1.503643525555349242e+03
1.183240627458377325e-01 1.489034839619825334e+03
1.196955702359041446e-01 1.474569656098926771e+03
1.210829750232038649e-01 1.460052378039191126e+03
1.224864613750929060e-01 1.445295131948831340e+03
1.239062156947914467e-01 1.430119779689855704e+03
1.253424265461398623e-01 1.414360161382059459e+03
1.267952846786432330e-01 1.397859251946306131e+03
1.282649830528058976e-01 1.380471200809234688e+03
1.297517168657586206e-01 1.362095354418568604e+03
1.312556835771841179e-01 1.342672515937101934e+03
1.327770829355428006e-01 1.322152901041986979e+03
1.343161170046014707e-01 1.300513369620265848e+03
1.358729901902707704e-01 1.277814623568763182e+03
1.374479092677535763e-01 1.254140088294745738e+03
1.390410834090068104e-01 1.229577058066344762e+03
1.406527242105235220e-01 1.204264326306222983e+03
1.422830457214351030e-01 1.178378399336461371e+03
1.439322644719404909e-01 1.152088167193515574e+03
1.456005995020647481e-01 1.125577289434944078e+03
1.472882723907500968e-01 1.099059620403828831e+03
1.489955072852852114e-01 1.072736172828997724e+03
1.507225309310754602e-01 1.046804989087963122e+03
1.524695727017571223e-01 1.021485376199492407e+03
1.542368646296626011e-01 9.969819514832048526e+02
1.560246414366366907e-01 9.734793593285804718e+02
1.578331405652114716e-01 9.511454512389210549e+02
1.596626022101423625e-01 9.301317154663372548e+02
1.615132693503088801e-01 9.105502627847442909e+02
1.633853877809858524e-01 8.924348766600435283e+02
1.652792061464892492e-01 8.758050010625479445e+02
1.671949759731987672e-01 8.606293312898894783e+02
1.691329517029645513e-01 8.467891725187148495e+02
1.710933907269012455e-01 8.341637112974458432e+02
1.730765534195721767e-01 8.225938422481003727e+02
1.750827031735721628e-01 8.118853131955820572e+02
1.771121064345085594e-01 8.018498454463988310e+02
1.791650327363897566e-01 7.922869899368514552e+02
1.812417547374234328e-01 7.829971195981747769e+02
1.833425482562288100e-01 7.737849928542768794e+02
1.854676923084695728e-01 7.644549073233633862e+02
1.876174691439118081e-01 7.548209638432452948e+02
1.897921642839097145e-01 7.447202280702313146e+02
1.919920665593281006e-01 7.340074374724551944e+02
1.942174681489023391e-01 7.225800448161602390e+02
1.964686646180442142e-01 7.104025479714849780e+02
1.987459549580979923e-01 6.974680845436618029e+02
2.010496416260496022e-01 6.838604777958413479e+02
2.033800305846977796e-01 6.696942211843696668e+02
2.057374313432909774e-01 6.551273576966655128e+02
2.081221569986336506e-01 6.403473476259156314e+02
2.105345242766701597e-01 6.255426093547640676e+02
2.129748535745517590e-01 6.109075588269811306e+02
2.154434690031879762e-01 5.966217836922841116e+02
2.179406984302951489e-01 5.828495728366468711e+02
2.204668735239406208e-01 5.697345235910717065e+02
2.230223297965933937e-01 5.573839892481150855e+02
2.256074066496857322e-01 5.458807740240090425e+02
2.282224474186894947e-01 5.352511631136926553e+02
2.308677994187165183e-01 5.254933128248800358e+02
2.335438139906475252e-01 5.165476914740236225e+02
2.362508465477944353e-01 5.083286727479001001e+02
2.389892566231045512e-01 5.007080496174152699e+02
2.417594079169126942e-01 4.935407339057828153e+02
2.445616683452441209e-01 4.866587218765078546e+02
2.473964100886809347e-01 4.798913554410561915e+02
2.502640096417915183e-01 4.730732870847412528e+02
2.531648478631349786e-01 4.660588472052396583e+02
2.560993100258455168e-01 4.587446797142364403e+02
2.590677858688005264e-01 4.510694688404415729e+02
2.620706696483847131e-01 4.430300267686542952e+02
2.651083601908534870e-01 4.346652847502530790e+02
2.681812609453009255e-01 4.260516110484897467e+02
2.712897800372461865e-01 4.172890320144061320e+02
2.744343303228360953e-01 4.084896019631501645e+02
2.776153294436795038e-01 3.997751710759272328e+02
2.808331998823167530e-01 3.912661901074122284e+02
2.840883690183299559e-01 3.830781667412393858e+02
2.873812691851060364e-01 3.753022696206956539e+02
2.907123377272573528e-01 3.680005529695013138e+02
2.940820170587059579e-01 3.611877026889118838e+02
2.974907547214434844e-01 3.548399377126866625e+02
3.009390034449713203e-01 3.488986999753673786e+02
3.044272212064296212e-01 3.432822951474613546e+02
3.079558712914221008e-01 3.378980485073691398e+02
3.115254223555483648e-01 3.326475382253558450e+02
3.151363484866475662e-01 3.274345643061751048e+02
3.187891292677637600e-01 3.221753740546352560e+02
3.224842498408434510e-01 3.168083718985178621e+02
3.262222009711663318e-01 3.113078691486626326e+02
3.300034791125279754e-01 3.056827707330538715e+02
3.338285864731757036e-01 2.999725068276629827e+02
3.376980310825088427e-01 2.942371119665559149e+02
3.416123268585519734e-01 2.885454599608602280e+02
3.455719936762132183e-01 2.829677445474124511e+02
3.495775574363269023e-01 2.775682799241011480e+02
3.536295501355037896e-01 2.723953371384677666e+02
3.577285099367869536e-01 2.674727320674376756e+02
3.618749812411271027e-01 2.627975686975460121e+02
3.660695147596894072e-01 2.583434576059337360e+02
3.703126675869919948e-01 2.540695232916122848e+02
3.746050032748987069e-01 2.499285509964823575e+02
3.789470919074662825e-01 2.458708107412185484e+02
3.833395101766597923e-01 2.418479690993598581e+02
3.877828414589447603e-01 2.378203670007371500e+02
3.922776758927711827e-01 2.337681466468677627e+02
3.968246104569475019e-01 2.296971167861025265e+02
4.014242490499316252e-01 2.256334500778941106e+02
4.060772025700360999e-01 2.216110953621551971e+02
4.107840889965636011e-01 2.176612059303591309e+02
4.155455334718866078e-01 2.138097248292968118e+02
4.203621683844705470e-01 2.100791476322105211e+02
4.252346334528675498e-01 2.064846938871973236e+02
4.301635758106789886e-01 2.030250732684481818e+02
4.351496500925045585e-01 1.996798346635878261e+02
4.401935185208863954e-01 1.964205012991589570e+02
4.452958509942646081e-01 1.932239661023484700e+02
4.504573251759450558e-01 1.900738823553374175e+02
4.556786265841057948e-01 1.869551153214936221e+02
4.609604486828429160e-01 1.838563989745584877e+02
4.663034929742719270e-01 1.807805235636447776e+02
4.717084690917007217e-01 1.777448202366978762e+02
4.771760948938736924e-01 1.747673349722539626e+02
4.827070965603176278e-01 1.718575093610142517e+02
4.883022086877874535e-01 1.690208275071063326e+02
4.939621743878316318e-01 1.662627729340092060e+02
4.996877453854872697e-01 1.635815975646643778e+02
5.054796821191230860e-01 1.609647915374121965e+02
5.113387538414317923e-01 1.583984661042298683e+02
5.172657387216013092e-01 1.558754507572794239e+02
5.232614239486657048e-01 1.533908518264044005e+02
5.293266058360548421e-01 1.509392772938196003e+02
5.354620899273596635e-01 1.485216350200648492e+02
5.416686911033142815e-01 1.461465438742642391e+02
5.479472336900278462e-01 1.438204554119846819e+02
5.542985515684663023e-01 1.415437436488573724e+02
5.607234882852017988e-01 1.393172431538807245e+02
5.672228971644530660e-01 1.371420835397443625e+02
5.737976414214123189e-01 1.350128044772178839e+02
5.804485942768968787e-01 1.329216663613522371e+02
5.871766390733248464e-01 1.308668874539366698e+02
5.939826693920350342e-01 1.288479187864207631e+02
6.008675891719672535e-01 1.268613325241396979e+02
6.078323128297217215e-01 1.249082663228633265e+02
6.148777653810012511e-01 1.229937278051269800e+02
6.220048825634703071e-01 1.211169441173235981e+02
6.292146109610337046e-01 1.192769844540338369e+02
6.365079081295554886e-01 1.174729101029653435e+02
6.438857427240405329e-01 1.157028731230857375e+02
6.513490946272790794e-01 1.139651075562068883e+02
6.588989550799940753e-01 1.122579784629121633e+02
6.665363268124905316e-01 1.105806831745596099e+02
6.742622241778335468e-01 1.089330183158976979e+02
6.820776732865669878e-01 1.073147848824967667e+02
6.899837121430004716e-01 1.057257714212395143e+02
6.979813907830648700e-01 1.041655922998204460e+02
7.060717714137764167e-01 1.026335889431396708e+02
7.142559285543118586e-01 1.011290940789022272e+02
7.225349491787196321e-01 9.965145874366756118e+01
7.309099328602896017e-01 9.820005172849610631e+01
7.393819919175852462e-01 9.677425904325379236e+01
7.479522515621810363e-01 9.537348339889487647e+01
7.566218500481046716e-01 9.399714370705855515e+01
7.653919388230141507e-01 9.264467459636018987e+01
7.742636826811252204e-01 9.131552594476320905e+01
7.832382599179181781e-01 9.000916242745206830e+01
7.923168624866241405e-01 8.872506307964458472e+01
8.015006961565395160e-01 8.746272087380627624e+01
8.107909806731679048e-01 8.622164231108628485e+01
8.201889499202184020e-01 8.500134831755090659e+01
8.296958520834889494e-01 8.380137666121406426e+01
8.393129498166350677e-01 8.262127802339360017e+01
8.490415204088734846e-01 8.146061476824071690e+01
8.588828559546241026e-01 8.031896061008082199e+01
8.688382635251177266e-01 7.919590029131049391e+01
8.789090653419935339e-01 7.809102927048472509e+01
8.890965989529141522e-01 7.700395342023676903e+01
8.994022174092030086e-01 7.593428873469879647e+01
9.098272894455547988e-01 7.488166104609022966e+01
9.203731996618214062e-01 7.384570575015970917e+01
9.310413487069052474e-01 7.282606754017963624e+01
9.418331534647932379e-01 7.182240014919599957e+01
9.527500472427273825e-01 7.083436610025609070e+01
9.637934799615772707e-01 6.986163646434063423e+01
9.749649183484077053e-01 6.890389062573859746e+01
9.862658461312796554e-01 6.796081605461061770e+01
9.976977642363179521e-01 6.703210808650231911e+01
1.009262190987045615e+00 6.611746970856813732e+01
1.020960662306044986e+00 6.521661028679591254e+01
1.032794731918950104e+00 6.432923833224799637e+01
1.044765971560803308e+00 6.345506614181457650e+01
1.056875971184801477e+00 6.259381353546747562e+01
1.069126339173473994e+00 6.174520766979963327e+01
1.081518702552286326e+00 6.090898283582750850e+01
1.094054707205741162e+00 6.008488026308244656e+01
1.106736018095972218e+00 5.927264792976202301e+01
1.119564319483875581e+00 5.847204037873342486e+01
1.132541315152809203e+00 5.768281853918642810e+01
1.145668728634869460e+00 5.690474955373540666e+01
1.158948303439808925e+00 5.613760661078620728e+01
1.172381803286597357e+00 5.538116878197880766e+01
1.185971012337668551e+00 5.463522086453654225e+01
1.199717735435881671e+00 5.389955322834573792e+01
1.213623798344238169e+00 5.317396166760968867e+01
1.227691047988357376e+00 5.245824725691341683e+01
1.241921352701781833e+00 5.175221621154978635e+01
1.256316602474119026e+00 5.105567975195993569e+01
1.270878709202055257e+00 5.036845403663956944e+01
1.285609606943292516e+00 4.969036141478974855e+01
1.300511252173406351e+00 4.902123019673636151e+01
1.315585624045702007e+00 4.836089309917799994e+01
1.330834724654073264e+00 4.770918706969036549e+01
1.346260579298908633e+00 4.706595317805258816e+01
1.361865236756078401e+00 4.643103651061420578e+01
1.377650769549050969e+00 4.580428606760299459e+01
1.393619274224140003e+00 4.518555466327921977e+01
1.409772871628964586e+00 4.457469882883628998e+01
1.426113707194127000e+00 4.397157871795930362e+01
1.442643951218154141e+00 4.337605801495417523e+01
1.459365799155753374e+00 4.278800384536269519e+01
1.476281471909387077e+00 4.220728668897691449e+01
1.493393216124249800e+00 4.163378029518332823e+01
1.510703304486652465e+00 4.106736160054930451e+01
1.528214036025868250e+00 4.050791064858535151e+01
1.545927736419473675e+00 3.995531051161198377e+01
1.563846758302243289e+00 3.940944721465553613e+01
1.581973481578597518e+00 3.887020967008071182e+01
1.600310313738698254e+00 3.833749104340330405e+01
1.618859690178196420e+00 3.781119017204667188e+01
1.637624074521683681e+00 3.729120869518917658e+01
1.656605958949910251e+00 3.677745059549101825e+01
1.675807864530764357e+00 3.626982214155998463e+01
1.695232341554117506e+00 3.576823183179568844e+01
1.714881969870537537e+00 3.527259033957724910e+01
1.734759359233926546e+00 3.478281045975055008e+01
1.754867149648146718e+00 3.429880705637382476e+01
1.775208011717630985e+00 3.382049701168900668e+01
1.795784647002092393e+00 3.334779917627933798e+01
1.816599788375324875e+00 3.288063432037846923e+01
1.837656200388168903e+00 3.241892508629691605e+01
1.858956679635682452e+00 3.196259594193560716e+01
1.880504055128578100e+00 3.151157313534920235e+01
1.902301188668940934e+00 3.106578465033708980e+01
1.924350975230327832e+00 3.062516016302401667e+01
1.946656343342259454e+00 3.018963099940732775e+01
1.969220255479166903e+00 2.975913009384134966e+01
1.992045708453865194e+00 2.933359265583097653e+01
2.015135733815553110e+00 2.891295875467123722e+01
2.038493398252459343e+00 2.849717071897382326e+01
2.062121803999140468e+00 2.808617204413378943e+01
2.086024089248501578e+00 2.767990736312333411e+01
2.110203428568589779e+00 2.727832241809930025e+01
2.134663033324239123e+00 2.688136403259611384e+01
2.159406152103561904e+00 2.648898008428743722e+01
2.184436071149423508e+00 2.610111947830283796e+01
2.209756114795899062e+00 2.571773212108967144e+01
2.235369645909789149e+00 2.533876889480611183e+01
2.261280066337272743e+00 2.496418163223273012e+01
2.287490817355697814e+00 2.459392309219447981e+01
2.314005380130648604e+00 2.422794693547794154e+01
2.340827276178290006e+00 2.386620770123641222e+01
2.367960067833074778e+00 2.350866078387112879e+01
2.395407358720871738e+00 2.315526241037947486e+01
2.423172794237594019e+00 2.280596961815921020e+01
2.451260062033334020e+00 2.246074023326134039e+01
2.479672892502154724e+00 2.211953302738048777e+01
2.508415059277536496e+00 2.178230964435852357e+01
2.537490379733563284e+00 2.144903371605574094e+01
2.566902715491944598e+00 2.111966938208199096e+01
2.596655972934865719e+00 2.079418125005568641e+01
2.626754103723832223e+00 2.047253438288546690e+01
2.657201105324501267e+00 2.015469428632249915e+01
2.688001021537603119e+00 1.984062689677871205e+01
2.719157943036010661e+00 1.953029856940846898e+01
2.750676007908059884e+00 1.922367606644792204e+01
2.782559402207119170e+00 1.892072654581091484e+01
2.814812360507575661e+00 1.862141754993624687e+01
2.847439166467243155e+00 1.832571699488303452e+01
2.880444153396288787e+00 1.803359315967322374e+01
2.913831704832780201e+00 1.774501467587457171e+01
2.947606255124850971e+00 1.745995051742295345e+01
2.981772290019666816e+00 1.717836999068197557e+01
3.016334347259191695e+00 1.690024272473371880e+01
3.051297017182866167e+00 1.662553866190158658e+01
3.086664943337265488e+00 1.635422807133910084e+01
3.122442823092849373e+00 1.608628255627361270e+01
3.158635408267811417e+00 1.582167536957761556e+01
3.195247505759207129e+00 1.556037998451088278e+01
3.232283978181375250e+00 1.530236997925504561e+01
3.269749744511758038e+00 1.504761903401507794e+01
3.307649780744232881e+00 1.479610092824549561e+01
3.345989120549966334e+00 1.454778953799704766e+01
3.384772855945975767e+00 1.430265883338397259e+01
3.424006137971419506e+00 1.406068287616878010e+01
3.463694177371722915e+00 1.382183581746555490e+01
3.503842245290665680e+00 1.358609189555657970e+01
3.544455673970426268e+00 1.335342543382436986e+01
3.585539857459808299e+00 1.312381083879471610e+01
3.627100252330640817e+00 1.289722259829037831e+01
3.669142378402487914e+00 1.267363527969393289e+01
3.711671819475755196e+00 1.245302352831763848e+01
3.754694224073326314e+00 1.223536206587872499e+01
3.798215306190726892e+00 1.202062568907899021e+01
3.842240846055053005e+00 1.180878926857415223e+01
3.886776690892660646e+00 1.159982826793690158e+01
3.931828755705757406e+00 1.139371975478384869e+01
3.977403024058025149e+00 1.119044101418589321e+01
4.023505548869283466e+00 1.098996923680221371e+01
4.070142453219429690e+00 1.079228152380314221e+01
4.117319931161670610e+00 1.059735489178594570e+01
4.165044248545179073e+00 1.040516627768099056e+01
4.213321743847276757e+00 1.021569254364673363e+01
4.262158829015312733e+00 1.002891048195153445e+01
4.311561990318218740e+00 9.844796819840945901e+00
4.361537789207996951e+00 9.663328224388756382e+00
4.412092863191181991e+00 9.484481307329343025e+00
4.463233926710382882e+00 9.308232629870996533e+00
4.514967772036088789e+00 9.134558707487206775e+00
4.567301270168734995e+00 8.963436014685411735e+00
4.620241371751302673e+00 8.794840989750555948e+00
4.673795107992455122e+00 8.628750039462822485e+00
4.727969591600383659e+00 8.465139543787548959e+00
4.782772017727470626e+00 8.303985860535517460e+00
4.838209664925944509e+00 8.145265553202095887e+00
4.894289896114520033e+00 7.988956741713652221e+00
4.951020159556341227e+00 7.835038084345077536e+00
5.008407989848203457e+00 7.683488052019865400e+00
5.066461008921252507e+00 7.534284936932285959e+00
5.125186927053318797e+00 7.387406864152509023e+00
5.184593543892900058e+00 7.242831803048766837e+00
5.244688749495107771e+00 7.100537578523987037e+00
5.305480525369564937e+00 6.960501882065117663e+00
5.366976945540468336e+00 6.822702282603687607e+00
5.429186177618927189e+00 6.687116237186336853e+00
5.492116483887774514e+00 6.553721101453370501e+00
5.555776222398865372e+00 6.422494139924970646e+00
5.620173848083176438e+00 6.293412536093166310e+00
5.685317913873744189e+00 6.166453402319700849e+00
5.751217071841596251e+00 6.041593789537897052e+00
5.817880074344919272e+00 5.918810696759275736e+00
5.885315775191436671e+00 5.798081080382955221e+00
5.953533130814357754e+00 5.679381863309130196e+00
6.022541201461917737e+00 5.562689983906004443e+00
6.092349152400691636e+00 5.447983171406635350e+00
6.162966255132924509e+00 5.335239823642051071e+00
6.234401888627847832e+00 5.224438238625342734e+00
6.306665540567391481e+00 5.115556597570420472e+00
6.379766808606270878e+00 5.008572978428763811e+00
6.453715401646691774e+00 4.903465369094438309e+00
6.528521141127827221e+00 4.800211680278293258e+00
6.604193962330286993e+00 4.698789758051625576e+00
6.680743915695598112e+00 4.599177396061059575e+00
6.758181168161097041e+00 4.501352347415275013e+00
6.836516004510227340e+00 4.405292336245444140e+00
6.915758828738503894e+00 4.310975068940908095e+00
6.995920165435354221e+00 4.218378245062376131e+00
7.077010661181871498e+00 4.127479567934495996e+00
7.159041085964872764e+00 4.038256754920375613e+00
7.242022334607302270e+00 3.950687547380586917e+00
7.325965428215218900e+00 3.864749720319402559e+00
7.410881515641548845e+00 3.780421091721236415e+00
7.496781874966857551e+00 3.697679532706921179e+00
7.583677914997172920e+00 3.616503121408549681e+00
7.671581176779286970e+00 3.536870277290572684e+00
7.760503335133557279e+00 3.458759492587656581e+00
7.850456200204484425e+00 3.382149305991505095e+00
7.941451719029317680e+00 3.307018312099608615e+00
8.033501977124714699e+00 3.233345170522772705e+00
8.126619200091928619e+00 3.161108614656024329e+00
8.220815755240526101e+00 3.090287460117195462e+00
8.316104153230948981e+00 3.020860612858341288e+00
8.412497049736094468e+00 2.952807076954694132e+00
8.510007247122224783e+00 2.886105962076100706e+00
8.608647696149226647e+00 2.820736490646245542e+00
8.708431497690707346e+00 2.756678004694903539e+00
8.809371904473977111e+00 2.693909972408194076e+00
8.911482322840175385e+00 2.632411994382842124e+00
9.014776314524892697e+00 2.572163809589354422e+00
9.119267598459275703e+00 2.513145301050089486e+00
9.224970052592155412e+00 2.455336501237550983e+00
9.331897715733223464e+00 2.398717597198711360e+00
9.440064789417590418e+00 2.343268937156447240e+00
9.549485639791939207e+00 2.288971040929641987e+00
9.660174799522621925e+00 2.235804597966697393e+00
9.772146969725703514e+00 2.183750469136820360e+00
9.885417021919554514e+00 2.132789690624855350e+00
9.999999999999984013e+00 2.082903477584975516e+00
