1.000000000000000048e-04 1.010702434135706085e+02
1.011591112223829728e-04 1.022035469586748917e+02
1.023316578330244966e-04 1.033495460136577435e+02
1.035177955630176363e-04 1.045083823536340759e+02
1.047176819485520245e-04 1.056801993506747408e+02
1.059314763518370031e-04 1.068651419703286223e+02
1.071593399822671198e-04 1.080633567889301929e+02
1.084014359178330883e-04 1.092749920113716655e+02
1.096579291267809898e-04 1.105001974890645471e+02
1.109289864895222780e-04 1.117391247381014381e+02
1.122147768207980425e-04 1.129919269575896266e+02
1.135154708920999033e-04 1.142587590160902096e+02
1.148312414543511137e-04 1.155397774047177109e+02
1.161622632608502026e-04 1.168351403301357294e+02
1.175087130904807752e-04 1.181450077507335692e+02
1.188707697711903445e-04 1.194695413958229722e+02
1.202486142037412301e-04 1.208089047850403546e+02
1.216424293857368039e-04 1.221632632479559248e+02
1.230524004359261579e-04 1.235327839438989486e+02
1.244787146187906256e-04 1.249176358823858095e+02
1.259215613694151213e-04 1.263179899521899330e+02
1.273811323186478520e-04 1.277340189423868111e+02
1.288576213185518003e-04 1.291658975545453814e+02
1.303512244681509209e-04 1.306138024232688792e+02
1.318621401394748729e-04 1.320779121373626879e+02
1.333905690039058638e-04 1.335584072612317073e+02
1.349367140588306701e-04 1.350554703565069019e+02
1.365007806546013845e-04 1.365692860039024481e+02
1.380829765218092534e-04 1.381000407933886720e+02
1.396835117988739897e-04 1.396479231994987629e+02
1.413025990599533870e-04 1.412131237120540561e+02
1.429404533431761061e-04 1.427958349172876638e+02
1.445972921792019735e-04 1.443962515206147543e+02
1.462733356201130139e-04 1.460145703695909276e+02
1.479688062686396383e-04 1.476509904771174888e+02
1.496839293077255632e-04 1.493057130448876251e+02
1.514189325304352289e-04 1.509789414864374919e+02
1.531740463702080011e-04 1.526708813970400911e+02
1.549495039314631917e-04 1.543817405342557265e+02
1.567455410205595065e-04 1.561117289242259289e+02
1.585623961771137158e-04 1.578610588954371394e+02
1.604003107056820173e-04 1.596299451034971071e+02
1.622595287078087273e-04 1.614186045561619096e+02
1.641402971144466632e-04 1.632272566386312747e+02
1.660428657187529853e-04 1.650561231391067736e+02
1.679674872092653496e-04 1.669054282829405622e+02
1.699144172034626271e-04 1.687753988412211754e+02
1.718839142817145805e-04 1.706662641264324520e+02
1.738762400216250798e-04 1.725782559668480758e+02
1.758916590327733002e-04 1.745116087328912329e+02
1.779304389918577567e-04 1.764665593645489707e+02
1.799928506782476725e-04 1.784433473990557388e+02
1.820791680099462630e-04 1.804422149988933768e+02
1.841896680799711133e-04 1.824634069799341489e+02
1.863246311931559835e-04 1.845071705668379138e+02
1.884843409033795745e-04 1.865737548257995684e+02
1.906690840512252356e-04 1.886634113446257572e+02
1.928791508020778235e-04 1.907763944208615499e+02
1.951148346846616683e-04 1.929129610899215663e+02
1.973764326300255834e-04 1.950733711535132215e+02
1.996642450109793916e-04 1.972578872083253430e+02
2.019785756819878484e-04 1.994667746750036770e+02
2.043197320195270865e-04 2.017003018474408407e+02
2.066880249629082160e-04 2.039587404101009724e+02
2.090837690555750453e-04 2.062423655204999022e+02
2.115072824868795298e-04 2.085514553528149975e+02
2.139588871343421834e-04 2.108862911051839717e+02
2.164389086064020889e-04 2.132471570318299712e+02
2.189476762856621176e-04 2.156343404755127153e+02
2.214855233726359721e-04 2.180481319003168608e+02
2.240527869300018495e-04 2.204888249247765941e+02
2.266498079273692845e-04 2.229567161019083699e+02
2.292769312865648918e-04 2.254521037179362395e+02
2.319345059274427814e-04 2.279752887030818158e+02
2.346228848142263134e-04 2.305265751733986406e+02
2.373424250023866691e-04 2.331062704634122440e+02
2.400934876860652035e-04 2.357146851583885905e+02
2.428764382460451090e-04 2.383521331269060397e+02
2.456916462982790305e-04 2.410189315537307664e+02
2.485394857429798965e-04 2.437154009760831173e+02
2.514203348142797370e-04 2.464418656114485202e+02
2.543345761304648903e-04 2.491986536509745633e+02
2.572825967447932359e-04 2.519860968324690020e+02
2.602647881969005024e-04 2.548045304206303285e+02
2.632815465648020731e-04 2.576542932429032930e+02
2.663332725174980963e-04 2.605357277256903217e+02
2.694203713681882413e-04 2.634491799309069506e+02
2.725432531281028249e-04 2.663949995928633712e+02
2.757023325609583289e-04 2.693735400682834324e+02
2.788980292380439777e-04 2.723851574551456451e+02
2.821307675939471824e-04 2.754302109451546130e+02
2.854009769829237591e-04 2.785090634642791088e+02
2.887090917359235484e-04 2.816220817191146466e+02
2.920555512182745244e-04 2.847696362336911875e+02
2.954407998880380793e-04 2.879521013865771124e+02
2.988652873550383024e-04 2.911698554483193107e+02
3.023294684405777215e-04 2.944232806191453733e+02
3.058338032378432473e-04 2.977127628588037282e+02
3.093787571730137595e-04 3.010386914403069909e+02
3.129648010670751349e-04 3.044014595015142390e+02
3.165924111983521496e-04 3.078014642168533328e+02
3.202620693657651165e-04 3.112391068354292543e+02
3.239742629528196056e-04 3.147147927194264412e+02
3.277294849923383015e-04 3.182289313828345030e+02
3.315282342319423692e-04 3.217819365304844723e+02
3.353710152002930081e-04 3.253742260680256777e+02
3.392583382740992667e-04 3.290062213677277896e+02
3.431907197459043682e-04 3.326783471905134206e+02
3.471686818926560223e-04 3.363910325246047819e+02
3.511927530450728672e-04 3.401447106671766960e+02
3.552634676578139803e-04 3.439398192630570747e+02
3.593813663804626239e-04 3.477768003437038260e+02
3.635469961293318715e-04 3.516561003664633063e+02
3.677609101601031711e-04 3.555781702541025311e+02
3.720236681413067385e-04 3.595434653341346234e+02
3.763358362286533740e-04 3.635524448607368413e+02
3.806979871402285448e-04 3.676055724096135009e+02
3.851107002325569739e-04 3.717033161392010356e+02
3.895745615775502574e-04 3.758461488307856939e+02
3.940901640403448279e-04 3.800345479285235797e+02
3.986581073580439810e-04 3.842689955797102925e+02
4.032789982193706307e-04 3.885499786752939713e+02
4.079534503452450522e-04 3.928779888819689177e+02
4.126820845702952557e-04 3.972535217317333718e+02
4.174655289253135972e-04 4.016770757501025741e+02
4.223044187206673248e-04 4.061491540400174927e+02
4.271993966306778055e-04 4.106702645161806231e+02
4.321511127789762923e-04 4.152409199433570848e+02
4.371602248248503283e-04 4.198616379748821714e+02
4.422273980505898373e-04 4.245329411913260174e+02
4.473533054498464575e-04 4.292553571393430616e+02
4.525386278170167947e-04 4.340294182362289348e+02
4.577840538376617388e-04 4.388556603041247399e+02
4.630902801799738800e-04 4.437346230786031924e+02
4.684580115873046222e-04 4.486668512694136552e+02
4.738879609717652546e-04 4.536528946154068649e+02
4.793808495089108153e-04 4.586933079208041590e+02
4.849374067335234439e-04 4.637886510915818690e+02
4.905583706365046568e-04 4.689394891719016982e+02
4.962444877628915604e-04 4.741463923805928857e+02
5.019965133110080614e-04 4.794099355900258388e+02
5.078152112327671743e-04 4.847306969796454723e+02
5.137013543351340219e-04 4.901092594921670411e+02
5.196557243827659538e-04 4.955462112602760953e+02
5.256791122018420349e-04 5.010421456400335387e+02
5.317723177850967571e-04 5.065976612442177043e+02
5.379361503980699009e-04 5.122133619757039469e+02
5.441714286865889172e-04 5.178898570608059799e+02
5.504789807854969502e-04 5.236277610100361244e+02
5.568596444286410272e-04 5.294276915765148033e+02
5.633142670601353798e-04 5.352902693778410139e+02
5.698437059469137721e-04 5.412161201438439093e+02
5.764488282925875340e-04 5.472058748726519752e+02
5.831305113526219844e-04 5.532601698579318281e+02
5.898896425508494586e-04 5.593796467159759231e+02
5.967271195973311917e-04 5.655649524125717562e+02
6.036438506075865983e-04 5.718167392897476020e+02
6.106407542232038244e-04 5.781356648473862379e+02
6.177187597338490302e-04 5.845223904336356782e+02
6.248788072006889295e-04 5.909775821511425420e+02
6.321218475812450180e-04 5.975019114722264248e+02
6.394488428556939106e-04 6.040960552630014035e+02
6.468607661546322196e-04 6.107606958058534019e+02
6.543586018883232108e-04 6.174965208216327710e+02
6.619433458774390093e-04 6.243042234915202471e+02
6.696160054853217717e-04 6.311845024595822906e+02
6.773775997517746681e-04 6.381380594380588036e+02
6.852291595284059830e-04 6.451655967141273322e+02
6.931717276155402148e-04 6.522678212243426970e+02
7.012063589007179638e-04 6.594454451122286400e+02
7.093341204987991394e-04 6.666991857387178015e+02
7.175560918936924699e-04 6.740297656920408826e+02
7.258733650817247602e-04 6.814379127970480567e+02
7.342870447166760257e-04 6.889243601239661530e+02
7.427982482564913450e-04 6.964898458600969207e+02
7.514081061116963198e-04 7.041351116934716856e+02
7.601177617955326210e-04 7.118609032759779893e+02
7.689283720758308604e-04 7.196679713705924542e+02
7.778411071286484360e-04 7.275570718767725111e+02
7.868571506936848170e-04 7.355289658317327621e+02
7.959777002314981234e-04 7.435844194109906766e+02
8.052039670825472846e-04 7.517242039282352835e+02
8.145371766280737639e-04 7.599490958342743170e+02
8.239785684528515806e-04 7.682598753551397976e+02
8.335293965098190729e-04 7.766573228990873758e+02
8.431909292866253619e-04 7.851422226303161551e+02
8.529644499741018170e-04 7.937153635085893484e+02
8.628512566366892044e-04 8.023775392757708005e+02
8.728526623848374341e-04 8.111295484413033137e+02
8.829699955494085860e-04 8.199721942666946006e+02
8.932045998580961195e-04 8.289062847489383330e+02
9.035578346138924653e-04 8.379326325403337705e+02
9.140310748756226740e-04 8.470520529842888209e+02
9.246257116405735008e-04 8.562653636182894843e+02
9.353431520292382036e-04 8.655733863021044954e+02
9.461848194721997124e-04 8.749769473243354696e+02
9.571521538991858893e-04 8.844768773739823473e+02
9.682466119303117331e-04 8.940740115107355450e+02
9.794696670695391023e-04 9.037691891340122083e+02
9.908228099003791103e-04 9.135632539506693774e+02
1.002307548283864732e-03 9.234570530643917436e+02
1.013925407558814544e-03 9.334514318804660888e+02
1.025677930744421434e-03 9.435472372780142223e+02
1.037566678745185456e-03 9.537453198870904316e+02
1.049593230558226948e-03 9.640465340463940720e+02
1.061759183482999420e-03 9.744517377524634867e+02
1.074066153333433013e-03 9.849617926072276077e+02
1.086515774652537783e-03 9.955775637639637807e+02
1.099109700929496542e-03 1.006299919854846166e+03
1.111849604819270662e-03 1.017129730429884034e+03
1.124737178364751356e-03 1.028067863081775613e+03
1.137774133221490730e-03 1.039115187736511189e+03
1.150962200885031431e-03 1.050272577203391165e+03
1.164303132920876341e-03 1.061540907101594030e+03
1.177798701197118681e-03 1.072921055784892587e+03
1.191450698119775244e-03 1.084413904264399207e+03
1.205260936870841855e-03 1.096020336129382486e+03
1.219231251649110278e-03 1.107741236878383233e+03
1.233363497913775222e-03 1.119577486392452101e+03
1.247659552630868939e-03 1.131529960711007334e+03
1.262121314522546408e-03 1.143599537362734736e+03
1.276750704319265127e-03 1.155787095383601581e+03
1.291549665014883131e-03 1.168093515209949146e+03
1.306520162124720367e-03 1.180519678569230109e+03
1.321664183946604648e-03 1.193066468368444703e+03
1.336983741824946011e-03 1.205734768580101672e+03
1.352480870417874584e-03 1.218525461415327300e+03
1.368157627967470829e-03 1.231439419598160157e+03
1.384016096573131068e-03 1.244477513612105895e+03
1.400058382468096939e-03 1.257640613861776728e+03
1.416286616299197981e-03 1.270929590530869746e+03
1.432702953409829925e-03 1.284345313437624100e+03
1.449309574126215940e-03 1.297888651887416472e+03
1.466108684046983808e-03 1.311560474522649656e+03
1.483102514336103470e-03 1.325361648826750525e+03
1.500293322019217047e-03 1.339293029333533241e+03
1.517683390283404692e-03 1.353355454057253155e+03
1.535275028780421847e-03 1.367549757643490921e+03
1.553070573933459063e-03 1.381876772063501448e+03
1.571072389247449340e-03 1.396337326419086367e+03
1.589282865622977398e-03 1.410932246744264830e+03
1.607704421673822760e-03 1.425662355803758828e+03
1.626339504048191073e-03 1.440528472888153374e+03
1.645190587753661863e-03 1.455531411481540772e+03
1.664260176485902803e-03 1.470671966091274044e+03
1.683550802961201673e-03 1.485950919941434904e+03
1.703065029252843121e-03 1.501369050907948804e+03
1.722805447131393322e-03 1.516927131298197992e+03
1.742774678408918554e-03 1.532625927603809487e+03
1.762975375287204483e-03 1.548466200249901476e+03
1.783410220710006724e-03 1.564448703340784959e+03
1.804081928719382128e-03 1.580574184346133734e+03
1.824993244816151307e-03 1.596843373869251991e+03
1.846146946324546618e-03 1.613256973300384288e+03
1.867545842761074654e-03 1.629815672512765104e+03
1.889192776207665675e-03 1.646520152274951215e+03
1.911090621689137074e-03 1.663371083943718077e+03
1.933242287555043959e-03 1.680369129152967844e+03
1.955650715865948734e-03 1.697514939499011234e+03
1.978318882784163655e-03 1.714809156221979492e+03
2.001249798969035980e-03 1.732252409017891068e+03
2.024446509976802599e-03 1.749845304036052767e+03
2.047912096665084614e-03 1.767588426112594789e+03
2.071649675602067840e-03 1.785482347250367638e+03
2.095662399480431679e-03 1.803527626481865809e+03
2.119953457536069303e-03 1.821724809508520593e+03
2.144526075971666789e-03 1.840074428336290339e+03
2.169383518385183292e-03 1.858577000907624551e+03
2.194529086203312468e-03 1.877233030729777738e+03
2.219966119119953351e-03 1.896042999128884503e+03
2.245697995539773072e-03 1.915007342911028900e+03
2.271728133026903931e-03 1.934126474701207826e+03
2.298059988758849835e-03 1.953400789392125034e+03
2.324697059985647227e-03 1.972830663719598306e+03
2.351642884494347698e-03 1.992416455834479166e+03
2.378901041078892130e-03 2.012158504871234982e+03
2.406475150015422761e-03 2.032057130513213451e+03
2.434368873543109931e-03 2.052112632219482293e+03
2.462585916350545565e-03 2.072325276354812104e+03
2.491130026067787072e-03 2.092695291500850999e+03
2.520004993764090716e-03 2.113222882755870160e+03
2.549214654451422042e-03 2.133908232309533560e+03
2.578762887593799742e-03 2.154751498966859344e+03
2.608653617622546696e-03 2.175752817669385877e+03
2.638890814457508453e-03 2.196912299013971733e+03
2.669478494034319832e-03 2.218230028769000000e+03
2.700420718837771242e-03 2.239706063459204870e+03
2.731721598441374903e-03 2.261340404546331229e+03
2.763385290053167829e-03 2.283133012832915938e+03
2.795415999067855668e-03 2.305083820472533716e+03
2.827817979625339880e-03 2.327192730501870756e+03
2.860595535175740160e-03 2.349459616312966318e+03
2.893753019050949830e-03 2.371884321124214239e+03
2.927294835042814833e-03 2.394466657449992908e+03
2.961225437988033050e-03 2.417206406448446160e+03
2.995549334359811234e-03 2.440103291357433136e+03
3.030271082866395349e-03 2.463156943093127211e+03
3.065395295056525492e-03 2.486366948420110020e+03
3.100926635931925118e-03 2.509732857143571891e+03
3.136869824566874444e-03 2.533254181517127108e+03
3.173229634734975584e-03 2.556930395650995251e+03
3.210010895543170123e-03 2.580760934921268472e+03
3.247218492073126669e-03 2.604745195380065525e+03
3.284857366030041314e-03 2.628882538593171375e+03
3.322932516398970689e-03 2.653172369044715651e+03
3.361449000108763119e-03 2.677614118724290165e+03
3.400411932703704086e-03 2.702207185411313731e+03
3.439826489022923713e-03 2.726950930510570743e+03
3.479697903887689868e-03 2.751844678562319132e+03
3.520031472796677097e-03 2.776887716754571102e+03
3.560832552629275994e-03 2.802079294437988210e+03
3.602106562357069216e-03 2.827418622643294384e+03
3.643858983763542669e-03 2.852904706750360219e+03
3.686095362172155891e-03 2.878535819196252760e+03
3.728821307182831907e-03 2.904309984826199525e+03
3.772042493416996253e-03 2.930225150810471860e+03
3.815764661271247096e-03 2.956279185679687998e+03
3.859993617679764906e-03 2.982469878376305587e+03
3.904735236885557934e-03 3.008794937323229988e+03
3.949995461220641955e-03 3.035251989510950807e+03
3.995780301895267457e-03 3.061838616322217604e+03
4.042095839796303568e-03 3.088553846586470172e+03
4.088948226294858955e-03 3.115398737350138617e+03
4.136343684063272831e-03 3.142374531452133397e+03
4.184288507901578850e-03 3.169482518840161447e+03
4.232789065573546415e-03 3.196724037292286084e+03
4.281851798652410411e-03 3.224100473144745138e+03
4.331483223376396928e-03 3.251613262027100518e+03
4.381689931514188077e-03 3.279263889604261749e+03
4.432478591240393562e-03 3.307052637004918324e+03
4.483855948021185124e-03 3.334970033461821458e+03
4.535828825510184945e-03 3.363001712402333396e+03
4.588404126454754574e-03 3.391132806065811110e+03
4.641588833612774606e-03 3.419347965900157305e+03
4.695390010680057340e-03 3.447631358895970607e+03
4.749814803228498243e-03 3.475966664634745030e+03
4.804870439655126689e-03 3.504337073087489898e+03
4.860564232142133151e-03 3.532725316972384007e+03
4.916903577628024651e-03 3.561122601093033154e+03
4.973895958790060245e-03 3.589541023390397640e+03
5.031548945038048955e-03 3.617996176359214132e+03
5.089870193519678392e-03 3.646504213844023525e+03
5.148867450137491197e-03 3.675081853650223366e+03
5.208548550577657595e-03 3.703746380895656785e+03
5.268921421350668960e-03 3.732515652151037557e+03
5.329994080844086858e-03 3.761408100419267612e+03
5.391774640387498457e-03 3.790441612213552162e+03
5.454271305329828380e-03 3.819616235844528546e+03
5.517492376129119747e-03 3.848917006663793927e+03
5.581446249454959617e-03 3.878328062508839139e+03
5.646141419303662458e-03 3.907833060697058045e+03
5.711586478126426739e-03 3.937415173993385451e+03
5.777790117970500218e-03 3.967057087286550541e+03
5.844761131633627142e-03 3.996740995008638492e+03
5.912508413831872763e-03 4.026448599333848506e+03
5.981040962380937930e-03 4.056163849850664519e+03
6.050367879391214433e-03 4.085882093015710780e+03
6.120498372476694711e-03 4.115601786449292376e+03
6.191441755977841743e-03 4.145321410963286326e+03
6.263207452198682815e-03 4.175039471017936194e+03
6.335804992658246836e-03 4.204754495202584621e+03
6.409244019356445839e-03 4.234465036708127627e+03
6.483534286054717238e-03 4.264169673790724119e+03
6.558685659571428586e-03 4.293866963908311845e+03
6.634708121092339726e-03 4.323553370536181319e+03
6.711611767496278476e-03 4.353222360557132561e+03
6.789406812696106158e-03 4.382867067412028518e+03
6.868103588995296514e-03 4.412480506010149838e+03
6.947712548460231209e-03 4.442055573532661583e+03
7.028244264308346374e-03 4.471585050332502760e+03
7.109709432312428558e-03 4.501061600932715919e+03
7.192118872221184116e-03 4.530477775124311847e+03
7.275483529196219955e-03 4.559826090822502920e+03
7.359814475265760887e-03 4.589099622083955182e+03
7.445122910795134823e-03 4.618291676579103296e+03
7.531420165974363201e-03 4.647395481925793320e+03
7.618717702322989373e-03 4.676404184962789259e+03
7.707027114212296713e-03 4.705310853206763568e+03
7.796360130405225256e-03 4.734108476384660207e+03
7.886728615614147300e-03 4.762789968041546672e+03
7.978144572076614760e-03 4.791348166583301463e+03
8.070620141149495441e-03 4.819775624725279158e+03
8.164167604921463567e-03 4.848064296783379177e+03
8.258799387844257406e-03 4.876205972386036592e+03
8.354528058382861000e-03 4.904192355523936385e+03
8.451366330684714073e-03 4.932015066910465976e+03
8.549327066268371661e-03 4.959665646448055668e+03
8.648423275731715806e-03 4.987135555801013652e+03
8.748668120479906676e-03 5.014416181075386703e+03
8.850074914473426979e-03 5.041498822344116888e+03
8.952657125996391421e-03 5.068374479802818314e+03
9.056428379445279064e-03 5.095033886951648128e+03
9.161402457138508384e-03 5.121467698359816495e+03
9.267593301146874116e-03 5.147666499091171318e+03
9.375015015145274355e-03 5.173620808256695454e+03
9.483681866285915280e-03 5.199321082691268202e+03
9.593608287093137454e-03 5.224757720754355432e+03
9.704808877380292215e-03 5.249921066254691141e+03
9.817298406188829443e-03 5.274801302077555192e+03
9.931091813749784100e-03 5.299388065689008727e+03
1.004620421346811773e-02 5.323670801632451912e+03
1.016265089392994099e-02 5.347638903559059145e+03
1.028044732093308204e-02 5.371281719239455015e+03
1.039960913954119000e-02 5.394588555717155941e+03
1.052015217616157974e-02 5.417548684609303564e+03
1.064209244064722934e-02 5.440151347553080086e+03
1.076544612842314681e-02 5.462385756317417872e+03
1.089022962263729542e-02 5.484240827800617808e+03
1.101645949633655273e-02 5.505705060572556249e+03
1.114415251466786827e-02 5.526766904598584006e+03
1.127332563710485222e-02 5.547414798930115467e+03
1.140399601970031561e-02 5.567637178555651190e+03
1.153618101736477233e-02 5.587422481411955232e+03
1.166989818617145645e-02 5.606759155551044387e+03
1.180516528568804208e-02 5.625635666460099856e+03
1.194200028133531391e-02 5.644040430387989545e+03
1.208042134677327073e-02 5.661961260745136315e+03
1.222044686631487166e-02 5.679385680291565222e+03
1.236209543736768203e-02 5.696301245548210318e+03
1.250538587290389754e-02 5.712695558263807470e+03
1.265033720395902610e-02 5.728556274569230482e+03
1.279696868215939552e-02 5.743871114294483050e+03
1.294529978227914289e-02 5.758627870442594030e+03
1.309535020482666470e-02 5.772814418274324453e+03
1.324713987866115404e-02 5.786418496557014805e+03
1.340068896363949026e-02 5.799427359322015946e+03
1.355601785329367710e-02 5.811828274197941028e+03
1.371314717753943473e-02 5.823608624755213896e+03
1.387209780541619544e-02 5.834755921773495174e+03
1.403289084785870784e-02 5.845257814647223313e+03
1.419554766050099524e-02 5.855102102919156096e+03
1.436008984651259215e-02 5.864276747930683996e+03
1.452653925946778904e-02 5.872769856287135553e+03
1.469491800624815429e-02 5.880569198905935082e+03
1.486524844997855720e-02 5.887662283556102921e+03
1.503755321299736145e-02 5.894036807832761042e+03
1.521185517986103040e-02 5.899680687981418487e+03
1.538817750038344936e-02 5.904582072314257857e+03
1.556654359271059974e-02 5.908729354692225570e+03
1.574697714643085236e-02 5.912111188057516301e+03
1.592950212572120244e-02 5.914716497999131207e+03
1.611414277253018015e-02 5.916534399524641231e+03
1.630092360979739502e-02 5.917553852982857279e+03
1.648986944471062324e-02 5.917763998908054418e+03
1.668100537200057146e-02 5.917154305532519174e+03
1.687435677727374198e-02 5.915714583239896456e+03
1.706994934038405520e-02 5.913434998947056556e+03
1.726780903884354151e-02 5.910306090409749231e+03
1.746796215127244256e-02 5.906318780431073719e+03
1.767043526088944369e-02 5.901464389649208897e+03
1.787525525904233581e-02 5.895734579401485462e+03
1.808244934877948837e-02 5.889121329218105529e+03
1.829204504846291754e-02 5.881617051067629291e+03
1.850407019542300510e-02 5.873214612082774693e+03
1.871855294965576663e-02 5.863907348001972423e+03
1.893552179756293266e-02 5.853689076354884492e+03
1.915500555573526609e-02 5.842554109367139972e+03
1.937703337477986176e-02 5.830497266559214040e+03
1.960163474319183419e-02 5.817513947475333225e+03
1.982883949127068474e-02 5.803600624182688080e+03
2.005867779508231641e-02 5.788754590906421072e+03
2.029118018046676200e-02 5.772973688279419548e+03
2.052637752709248961e-02 5.756256309995170341e+03
2.076430107255772262e-02 5.738601411602699045e+03
2.100498241653913495e-02 5.720008518821180587e+03
2.124845352498879944e-02 5.700477735353259050e+03
2.149474673437978475e-02 5.680009751282484103e+03
2.174389475600078253e-02 5.658606467008246909e+03
2.199593068030071888e-02 5.636272012031535269e+03
2.225088798128367282e-02 5.613011350893254530e+03
2.250880052095458397e-02 5.588830010732906885e+03
2.276970255381677299e-02 5.563734081577497818e+03
2.303362873142129202e-02 5.537730216049289993e+03
2.330061410696921201e-02 5.510825628485017660e+03
2.357069413996725274e-02 5.483028093460079617e+03
2.384390470093718586e-02 5.454346073244862055e+03
2.412028207618003781e-02 5.424791115685793557e+03
2.439986297259547771e-02 5.394377562728255725e+03
2.468268452255688306e-02 5.363120271357039201e+03
2.496878428884323833e-02 5.331034515337528319e+03
2.525820026962782502e-02 5.298135972589104313e+03
2.555097090352503181e-02 5.264440712211422579e+03
2.584713507469561106e-02 5.229965181177928571e+03
2.614673211801089858e-02 5.194726190712546668e+03
2.644980182427715890e-02 5.158741982962788825e+03
2.675638444552042375e-02 5.122036379996887263e+03
2.706652070033239293e-02 5.084634945546092240e+03
2.738025177927854228e-02 5.046563307797236121e+03
2.769761935036888292e-02 5.007847134062206351e+03
2.801866556459190957e-02 4.968512106358831261e+03
2.834343306151305975e-02 4.928583897493725090e+03
2.867196497493766996e-02 4.888088147669814134e+03
2.900430493863987227e-02 4.847050512612468083e+03
2.934049709215783702e-02 4.805500944877134316e+03
2.968058608665600367e-02 4.763475956870177470e+03
3.002461709085545161e-02 4.721012129041310800e+03
3.037263579703308389e-02 4.678145466700444558e+03
3.072468842709001266e-02 4.634911371442240124e+03
3.108082173869059980e-02 4.591344614671001182e+03
3.144108303147261779e-02 4.547479313196910880e+03
3.180552015332915178e-02 4.503348906873062333e+03
3.217418150676367578e-02 4.458986902664380068e+03
3.254711605531845214e-02 4.414433220743610036e+03
3.292437333007763867e-02 4.369730632257782418e+03
3.330600343624585263e-02 4.324920718556340034e+03
3.369205705980264642e-02 4.280043814793058118e+03
3.408258547423447665e-02 4.235138999065427015e+03
3.447764054734461098e-02 4.190244084990272313e+03
3.487727474814172890e-02 4.145395617563621272e+03
3.528154115380878475e-02 4.100628877676833326e+03
3.569049345675226470e-02 4.055982089096482468e+03
3.610418597173332272e-02 4.011503627123146998e+03
3.652267364308171838e-02 3.967241897785757374e+03
3.694601205199299354e-02 3.923243288114626012e+03
3.737425742391059513e-02 3.879552192387828200e+03
3.780746663599345719e-02 3.836211043576823158e+03
3.824569722466996530e-02 3.793260349602583119e+03
3.868900739327971183e-02 3.750738734023968391e+03
3.913745601980380545e-02 3.708682661386746531e+03
3.959110266468453265e-02 3.667120168340596592e+03
4.005000757873606460e-02 3.626071607209991726e+03
4.051423171114643812e-02 3.585555980977190757e+03
4.098383671757255958e-02 3.545591236045539972e+03
4.145888496832907111e-02 3.506194299053678606e+03
4.193943955667183560e-02 3.467381114388650985e+03
4.242556430717771970e-02 3.429166682289632263e+03
4.291732378422153521e-02 3.391565097440804038e+03
4.341478330055086043e-02 3.354594184434852650e+03
4.391800892596080946e-02 3.318294161313508539e+03
4.442706749606879085e-02 3.282710701023479942e+03
4.494202662119135827e-02 3.247887279844099339e+03
4.546295469532394412e-02 3.213865294834006363e+03
4.598992090522435044e-02 3.180684189920974859e+03
4.652299523960182898e-02 3.148381586560696178e+03
4.706224849841277036e-02 3.116993418524028584e+03
4.760775230226364785e-02 3.086550071013189154e+03
4.815957910192344982e-02 3.057030954102729083e+03
4.871780218794626721e-02 3.028382618114630077e+03
4.928249570040506289e-02 3.000552917445703315e+03
4.985373463873887800e-02 2.973491563976782345e+03
5.043159487171355176e-02 2.947150022376539710e+03
5.101615314749827212e-02 2.921481413259635701e+03
5.160748710385902605e-02 2.896440426819196546e+03
5.220567527846971256e-02 2.871987797965243772e+03
5.281079711934324322e-02 2.848099129841609283e+03
5.342293299538347640e-02 2.824753303098256310e+03
5.404216420705911655e-02 2.801929831631888646e+03
5.466857299720174340e-02 2.779608835818575699e+03
5.530224256192894927e-02 2.757771017065144861e+03
5.594325706169369500e-02 2.736397597155595577e+03
5.659170163246236840e-02 2.715454218772104468e+03
5.724766239702173964e-02 2.694866432429052566e+03
5.791122647641750582e-02 2.674555519918961636e+03
5.858248200152529894e-02 2.654445066807887542e+03
5.926151812475548286e-02 2.634460896413666887e+03
5.994842503189401484e-02 2.614531024971238367e+03
6.064329395408056544e-02 2.594585478932642673e+03
6.134621717992497919e-02 2.574554940361567787e+03
6.205728806776493467e-02 2.554371479644612918e+03
6.277660105806494306e-02 2.533969443078770382e+03
6.350425168595953684e-02 2.513285510854834683e+03
6.424033659394184914e-02 2.492258761684066485e+03
6.498495354469883967e-02 2.470829910877333987e+03
6.573820143409576933e-02 2.448934589792473162e+03
6.650018030431112392e-02 2.426507311934044992e+03
6.727099135712333311e-02 2.403485832973231027e+03
6.805073696735199074e-02 2.379811352337716016e+03
6.883952069645490890e-02 2.355428694971223649e+03
6.963744730628212976e-02 2.330291499350144932e+03
7.044462277299029518e-02 2.304370560261797891e+03
7.126115430111740201e-02 2.277642212914752236e+03
7.208715033782125969e-02 2.250086146976021155e+03
7.292272058728306583e-02 2.221685527008658937e+03
7.376797602527726538e-02 2.192431203457877018e+03
7.462302891391099646e-02 2.162341284449844352e+03
7.548799281653424675e-02 2.131444623263581434e+03
7.636298261282230271e-02 2.099771751688951554e+03
7.724811451403391926e-02 2.067354809499904604e+03
7.814350607844536278e-02 2.034233656947863437e+03
7.904927622696410194e-02 2.000480832988425163e+03
7.996554525892338172e-02 1.966177751912390477e+03
8.089243486805931804e-02 1.931403734934913473e+03
8.183006815867380213e-02 1.896235891810881640e+03
8.277856966198465782e-02 1.860761084821366694e+03
8.373806535266484219e-02 1.825087831611067031e+03
8.470868266557393667e-02 1.789322118956992426e+03
8.569055051268339995e-02 1.753563922000545517e+03
8.668379930019762258e-02 1.717910289040241878e+03
8.768856094587416938e-02 1.682476974838067690e+03
8.870496889654395922e-02 1.647383290664729657e+03
8.973315814583508743e-02 1.612739385472746790e+03
9.077326525210215047e-02 1.578647461308893980e+03
9.182542835656276603e-02 1.545221007396329924e+03
9.288978720164486891e-02 1.512581268168961742e+03
9.396648314954682280e-02 1.480839071799640124e+03
9.505565920101186062e-02 1.450094855315427139e+03
9.615746001432085022e-02 1.420439308307341889e+03
9.727203192450530056e-02 1.391951895845394574e+03
9.839952296278213495e-02 1.364702340765002191e+03
9.954008287621508855e-02 1.338753688743233170e+03
1.006938631476026330e-01 1.314163280834712168e+03
1.018610170155973965e-01 1.290975336002277800e+03
1.030416994950586612e-01 1.269179658137812794e+03
1.042360673976400476e-01 1.248747524142526117e+03
1.054442793526167294e-01 1.229652457633815175e+03
1.066664958279537889e-01 1.211869355869703895e+03
1.079028791516182112e-01 1.195335709831539816e+03
1.091535935331389984e-01 1.179940998479603195e+03
1.104188050854159470e-01 1.165577853364571638e+03
1.116986818467821246e-01 1.152145053922412671e+03
1.129933938033220592e-01 1.139531902253424050e+03
1.143031129114477906e-01 1.127594436155412041e+03
1.156280131207374218e-01 1.116188920623360445e+03
1.169682703970383736e-01 1.105177603007210564e+03
1.183240627458377325e-01 1.094422561532661121e+03
1.196955702359041446e-01 1.083774441433288530e+03
1.210829750232038649e-01 1.073086506340321876e+03
1.224864613750929060e-01 1.062217822471080126e+03
1.239062156947914467e-01 1.051034575473824134e+03
1.253424265461398623e-01 1.039411563837204312e+03
1.267952846786432330e-01 1.027230449381011340e+03
1.282649830528058976e-01 1.014381338012440665e+03
1.297517168657586206e-01 1.000787982368984785e+03
1.312556835771841179e-01 9.864050338836344736e+02
1.327770829355428006e-01 9.711943537752279099e+02
1.343161170046014707e-01 9.551379287913251801e+02
1.358729901902707704e-01 9.382806382478704563e+02
1.374479092677535763e-01 9.206845239014137405e+02
1.390410834090068104e-01 9.024146942850192090e+02
1.406527242105235220e-01 8.835750986790029629e+02
1.422830457214351030e-01 8.642981037635546500e+02
1.439322644719404909e-01 8.447103941314887834e+02
1.456005995020647481e-01 8.249499726450585513e+02
1.472882723907500968e-01 8.051778190220838951e+02
1.489955072852852114e-01 7.855451433456407813e+02
1.507225309310754602e-01 7.662010469705479636e+02
1.524695727017571223e-01 7.473111785824090703e+02
1.542368646296626011e-01 7.290299212535707056e+02
1.560246414366366907e-01 7.114965687611579597e+02
1.578331405652114716e-01 6.948383307191976428e+02
1.596626022101423625e-01 6.791699018658414388e+02
1.615132693503088801e-01 6.645762311095219275e+02
1.633853877809858524e-01 6.510836959283922170e+02
1.652792061464892492e-01 6.387078331350280678e+02
1.671949759731987672e-01 6.274257478450891767e+02
1.691329517029645513e-01 6.171485496123930261e+02
1.710933907269012455e-01 6.077858209273533703e+02
1.730765534195721767e-01 5.992180321599088302e+02
1.750827031735721628e-01 5.912989634820329456e+02
1.771121064345085594e-01 5.838869340358851332e+02
1.791650327363897566e-01 5.768306411356652461e+02
1.812417547374234328e-01 5.699792926711996870e+02
1.833425482562288100e-01 5.631853153710625293e+02
1.854676923084695728e-01 5.563005197664849675e+02
1.876174691439118081e-01 5.491841431651783978e+02
1.897921642839097145e-01 5.417123672191429478e+02
1.919920665593281006e-01 5.337746208134554990e+02
1.942174681489023391e-01 5.252927227125308036e+02
1.964686646180442142e-01 5.162391675668749258e+02
1.987459549580979923e-01 5.066083134608795149e+02
2.010496416260496022e-01 4.964631411626032786e+02
2.033800305846977796e-01 4.858899159841133724e+02
2.057374313432909774e-01 4.750082573026398904e+02
2.081221569986336506e-01 4.639602119725042826e+02
2.105345242766701597e-01 4.528886908569278944e+02
2.129748535745517590e-01 4.419413694863401929e+02
2.154434690031879762e-01 4.312546242037498132e+02
2.179406984302951489e-01 4.209536252842708564e+02
2.204668735239406208e-01 4.111476887269381564e+02
2.230223297965933937e-01 4.019189400059868262e+02
2.256074066496857322e-01 3.933307636436680355e+02
2.282224474186894947e-01 3.854037133546592031e+02
2.308677994187165183e-01 3.781369640324828083e+02
2.335438139906475252e-01 3.714857285518168055e+02
2.362508465477944353e-01 3.653853842256320377e+02
2.389892566231045512e-01 3.597386809238299179e+02
2.417594079169126942e-01 3.544354876256068110e+02
2.445616683452441209e-01 3.493479763741674446e+02
2.473964100886809347e-01 3.443462278694203746e+02
2.502640096417915183e-01 3.393040409629423380e+02
2.531648478631349786e-01 3.341101654424092544e+02
2.560993100258455168e-01 3.286854400156408929e+02
2.590677858688005264e-01 3.229827840301279025e+02
2.620706696483847131e-01 3.169993769941768278e+02
2.651083601908534870e-01 3.107646449300423797e+02
2.681812609453009255e-01 3.043366411820927624e+02
2.712897800372461865e-01 2.977916954384206178e+02
2.744343303228360953e-01 2.912153937568738229e+02
2.776153294436795038e-01 2.847009315366096871e+02
2.808331998823167530e-01 2.783405103181776212e+02
2.840883690183299559e-01 2.722227188988296120e+02
2.873812691851060364e-01 2.664176716294940661e+02
2.907123377272573528e-01 2.609732524692138895e+02
2.940820170587059579e-01 2.559011094102189077e+02
2.974907547214434844e-01 2.511833424865308473e+02
3.009390034449713203e-01 2.467753586325039237e+02
3.044272212064296212e-01 2.426147596756759128e+02
3.079558712914221008e-01 2.386306598200934843e+02
3.115254223555483648e-01 2.347476378535834840e+02
3.151363484866475662e-01 2.308917667789625625e+02
3.187891292677637600e-01 2.269985974642678173e+02
3.224842498408434510e-01 2.230206701318700482e+02
3.262222009711663318e-01 2.189380998922048605e+02
3.300034791125279754e-01 2.147575679612403405e+02
3.338285864731757036e-01 2.105092321145115761e+02
3.376980310825088427e-01 2.062392822842109581e+02
3.416123268585519734e-01 2.020007319636488035e+02
3.455719936762132183e-01 1.978477007659070068e+02
3.495775574363269023e-01 1.938299503251662372e+02
3.536295501355037896e-01 1.899848294330226963e+02
3.577285099367869536e-01 1.863309650859095541e+02
3.618749812411271027e-01 1.828663861625612412e+02
3.660695147596894072e-01 1.795708390171380699e+02
3.703126675869919948e-01 1.764129479266864280e+02
3.746050032748987069e-01 1.733563219556986894e+02
3.789470919074662825e-01 1.703625400270678654e+02
3.833395101766597923e-01 1.673942288477004752e+02
3.877828414589447603e-01 1.644206626854268620e+02
3.922776758927711827e-01 1.614263396444466139e+02
3.968246104569475019e-01 1.584157064779674329e+02
4.014242490499316252e-01 1.554090658943527217e+02
4.060772025700360999e-01 1.524327126669716961e+02
4.107840889965636011e-01 1.495108489233831506e+02
4.155455334718866078e-01 1.466637443540117260e+02
4.203621683844705470e-01 1.439089239368374820e+02
4.252346334528675498e-01 1.412584209041467602e+02
4.301635758106789886e-01 1.387112902764696116e+02
4.351496500925045585e-01 1.362517719457467251e+02
4.401935185208863954e-01 1.338577958105896073e+02
4.452958509942646081e-01 1.315113533298230379e+02
4.504573251759450558e-01 1.291997284701527064e+02
4.556786265841057948e-01 1.269111353096727157e+02
4.609604486828429160e-01 1.246367469208997960e+02
4.663034929742719270e-01 1.223787435057054580e+02
4.717084690917007217e-01 1.201506825272266070e+02
4.771760948938736924e-01 1.179667105057352074e+02
4.827070965603176278e-01 1.158342879748213363e+02
4.883022086877874535e-01 1.137577649961738757e+02
4.939621743878316318e-01 1.117415055073239216e+02
4.996877453854872697e-01 1.097842585444532943e+02
5.054796821191230860e-01 1.078762243704901636e+02
5.113387538414317923e-01 1.060065583573754537e+02
5.172657387216013092e-01 1.041696591857704277e+02
5.232614239486657048e-01 1.023616891038312673e+02
5.293266058360548421e-01 1.005784220324015052e+02
5.354620899273596635e-01 9.882059220558323887e+01
5.416686911033142815e-01 9.709500565837728914e+01
5.479472336900278462e-01 9.540682463062822194e+01
5.542985515684663023e-01 9.375635155337124615e+01
5.607234882852017988e-01 9.214432373821301780e+01
5.672228971644530660e-01 9.057168994257632733e+01
5.737976414214123189e-01 8.903415044432348679e+01
5.804485942768968787e-01 8.752564792786374426e+01
5.871766390733248464e-01 8.604474277259896553e+01
5.939826693920350342e-01 8.459106392703327515e+01
6.008675891719672535e-01 8.316189635600892416e+01
6.078323128297217215e-01 8.175818894779742152e+01
6.148777653810012511e-01 8.038394791864489264e+01
6.220048825634703071e-01 7.903858451922546635e+01
6.292146109610337046e-01 7.772140755672714363e+01
6.365079081295554886e-01 7.643171264165989953e+01
6.438857427240405329e-01 7.516804414403263479e+01
6.513490946272790794e-01 7.392901587012417508e+01
6.588989550799940753e-01 7.271335001052533187e+01
6.665363268124905316e-01 7.152043733669006542e+01
6.742622241778335468e-01 7.035014635852728304e+01
6.820776732865669878e-01 6.920234555495771644e+01
6.899837121430004716e-01 6.807689014521680804e+01
6.979813907830648700e-01 6.697349495084490911e+01
7.060717714137764167e-01 6.589165790010530088e+01
7.142559285543118586e-01 6.483086928362151014e+01
7.225349491787196321e-01 6.379063311961938609e+01
7.309099328602896017e-01 6.277046674526433634e+01
7.393819919175852462e-01 6.176990042129325786e+01
7.479522515621810363e-01 6.078847694947869229e+01
7.566218500481046716e-01 5.982575130247157347e+01
7.653919388230141507e-01 5.888129026559369805e+01
7.742636826811252204e-01 5.795467209016054966e+01
7.832382599179181781e-01 5.704548615793755317e+01
7.923168624866241405e-01 5.615333265634111370e+01
8.015006961565395160e-01 5.527782226401254917e+01
8.107909806731679048e-01 5.441857584660906610e+01
8.201889499202184020e-01 5.357522493734549585e+01
8.296958520834889494e-01 5.274741312436222529e+01
8.393129498166350677e-01 5.193479362799537569e+01
8.490415204088734846e-01 5.113702850996308058e+01
8.588828559546241026e-01 5.035378842423330070e+01
8.688382635251177266e-01 4.958475237557115634e+01
8.789090653419935339e-01 4.882960748550927832e+01
8.890965989529141522e-01 4.808804876549115193e+01
8.994022174092030086e-01 4.735977889695351450e+01
9.098272894455547988e-01 4.664450801812053271e+01
9.203731996618214062e-01 4.594195351727979926e+01
9.310413487069052474e-01 4.525183983233689133e+01
9.418331534647932379e-01 4.457389825643699766e+01
9.527500472427273825e-01 4.390786674945731249e+01
9.637934799615772707e-01 4.325348975517469796e+01
9.749649183484077053e-01 4.261051802392996990e+01
9.862658461312796554e-01 4.197870844060539497e+01
9.976977642363179521e-01 4.135782385774213310e+01
1.009262190987045615e+00 4.074763293363905348e+01
1.020960662306044986e+00 4.014790878990307732e+01
1.032794731918950104e+00 3.955842105009413245e+01
1.044765971560803308e+00 3.897894110801488665e+01
1.056875971184801477e+00 3.840924635543552768e+01
1.069126339173473994e+00 3.784912003299747596e+01
1.081518702552286326e+00 3.729835106191378458e+01
1.094054707205741162e+00 3.675673388105214912e+01
1.106736018095972218e+00 3.622406828920279054e+01
1.119564319483875581e+00 3.570015929235819385e+01
1.132541315152809203e+00 3.518481695582651270e+01
1.145668728634869460e+00 3.467785626101056806e+01
1.158948303439808925e+00 3.417909696669175901e+01
1.172381803286597357e+00 3.368836347466406522e+01
1.185971012337668551e+00 3.320548469956574422e+01
1.199717735435881671e+00 3.273029394276561277e+01
1.213623798344238169e+00 3.226262877016596065e+01
1.227691047988357376e+00 3.180233089378624811e+01
1.241921352701781833e+00 3.134924605699806222e+01
1.256316602474119026e+00 3.090322392328944545e+01
1.270878709202055257e+00 3.046411792090523463e+01
1.285609606943292516e+00 3.003178412184649204e+01
1.300511252173406351e+00 2.960608122200258308e+01
1.315585624045702007e+00 2.918687150090806881e+01
1.330834724654073264e+00 2.877402076874293968e+01
1.346260579298908633e+00 2.836739826942623566e+01
1.361865236756078401e+00 2.796687658666754928e+01
1.377650769549050969e+00 2.757233155286874648e+01
1.393619274224140003e+00 2.718364216078753515e+01
1.409772871628964586e+00 2.680069047786265912e+01
1.426113707194127000e+00 2.642336156311176509e+01
1.442643951218154141e+00 2.605154338651642831e+01
1.459365799155753374e+00 2.568512675080902596e+01
1.476281471909387077e+00 2.532400521558094297e+01
1.493393216124249800e+00 2.496807502363453324e+01
1.510703304486652465e+00 2.461723502950167131e+01
1.528214036025868250e+00 2.427138663005812447e+01
1.545927736419473675e+00 2.393043369716437496e+01
1.563846758302243289e+00 2.359428251226199791e+01
1.581973481578597518e+00 2.326284170364317205e+01
1.600310313738698254e+00 2.293602231251782086e+01
1.618859690178196420e+00 2.261373786513711082e+01
1.637624074521683681e+00 2.229590406550142134e+01
1.656605958949910251e+00 2.198243870413994827e+01
1.675807864530764357e+00 2.167326160395959533e+01
1.695232341554117506e+00 2.136829456760928281e+01
1.714881969870537537e+00 2.106746132631588964e+01
1.734759359233926546e+00 2.077068749013776028e+01
1.754867149648146718e+00 2.047790049959417402e+01
1.775208011717630985e+00 2.018902957862409053e+01
1.795784647002092393e+00 1.990400568883212173e+01
1.816599788375324875e+00 1.962276148498004247e+01
1.837656200388168903e+00 1.934523127168325018e+01
1.858956679635682452e+00 1.907135096127365159e+01
1.880504055128578100e+00 1.880105803279237975e+01
1.902301188668940934e+00 1.853429149207532234e+01
1.924350975230327832e+00 1.827099183289721296e+01
1.946656343342259454e+00 1.801110099914014029e+01
1.969220255479166903e+00 1.775456234795450783e+01
1.992045708453865194e+00 1.750132087972304262e+01
2.015135733815553110e+00 1.725132418948541257e+01
2.038493398252459343e+00 1.700452147062649999e+01
2.062121803999140468e+00 1.676086308575715833e+01
2.086024089248501578e+00 1.652030053767950335e+01
2.110203428568589779e+00 1.628278644115157192e+01
2.134663033324239123e+00 1.604827449534311867e+01
2.159406152103561904e+00 1.581671945696616532e+01
2.184436071149423508e+00 1.558807711405754759e+01
2.209756114795899062e+00 1.536230426039678321e+01
2.235369645909789149e+00 1.513935867053875128e+01
2.261280066337272743e+00 1.491919907544481205e+01
2.287490817355697814e+00 1.470178513869483439e+01
2.314005380130648604e+00 1.448707743326280628e+01
2.340827276178290006e+00 1.427503741884066457e+01
2.367960067833074778e+00 1.406562741969470842e+01
2.395407358720871738e+00 1.385881060303895218e+01
2.423172794237594019e+00 1.365455095791211804e+01
2.451260062033334020e+00 1.345281327454228837e+01
2.479672892502154724e+00 1.325356321950693150e+01
2.508415059277536496e+00 1.305676835771683386e+01
2.537490379733563284e+00 1.286239767347407792e+01
2.566902715491944598e+00 1.267042077172479075e+01
2.596655972934865719e+00 1.248080784898743900e+01
2.626754103723832223e+00 1.229352967889770198e+01
2.657201105324501267e+00 1.210855759806842435e+01
2.688001021537603119e+00 1.192586349225701348e+01
2.719157943036010661e+00 1.174541978283219912e+01
2.750676007908059884e+00 1.156719941353440007e+01
2.782559402207119170e+00 1.139117583752171470e+01
2.814812360507575661e+00 1.121732300469579968e+01
2.847439166467243155e+00 1.104561534930078359e+01
2.880444153396288787e+00 1.087602777778935703e+01
2.913831704832780201e+00 1.070853565694969056e+01
2.947606255124850971e+00 1.054311480228776787e+01
2.981772290019666816e+00 1.037974146665968433e+01
3.016334347259191695e+00 1.021839232914736328e+01
3.051297017182866167e+00 1.005904448417434693e+01
3.086664943337265488e+00 9.901675445468256953e+00
3.122442823092849373e+00 9.746263786374770532e+00
3.158635408267811417e+00 9.592789339872689780e+00
3.195247505759207129e+00 9.441232280952174705e+00
3.232283978181375250e+00 9.291573048218621622e+00
3.269749744511758038e+00 9.143792337532335779e+00
3.307649780744232881e+00 8.997871095788472218e+00
3.345989120549966334e+00 8.853790514834473768e+00
3.384772855945975767e+00 8.711532025522437550e+00
3.424006137971419506e+00 8.571077291894303229e+00
3.463694177371722915e+00 8.432408205498479248e+00
3.503842245290665680e+00 8.295506879834274372e+00
3.544455673970426268e+00 8.160355644923813045e+00
3.585539857459808299e+00 8.026937042007975975e+00
3.627100252330640817e+00 7.895233818364909339e+00
3.669142378402487914e+00 7.765228922249647781e+00
3.711671819475755196e+00 7.636905497952161781e+00
3.754694224073326314e+00 7.510246880972511363e+00
3.798215306190726892e+00 7.385236593311060638e+00
3.842240846055053005e+00 7.261858339012022157e+00
3.886776690892660646e+00 7.140096252567214030e+00
3.931828755705757406e+00 7.019935388329271220e+00
3.977403024058025149e+00 6.901361044988103544e+00
4.023505548869283466e+00 6.784358610278351520e+00
4.070142453219429690e+00 6.668913559464860086e+00
4.117319931161670610e+00 6.555011453882780614e+00
4.165044248545179073e+00 6.442637939531580038e+00
4.213321743847276757e+00 6.331778745721896584e+00
4.262158829015312733e+00 6.222419683774322863e+00
4.311561990318218740e+00 6.114546645769569189e+00
4.361537789207996951e+00 6.008145603348644670e+00
4.412092863191181991e+00 5.903202606562591548e+00
4.463233926710382882e+00 5.799703782770580851e+00
4.514967772036088789e+00 5.697635335586189953e+00
4.567301270168734995e+00 5.596983543869815669e+00
4.620241371751302673e+00 5.497734760767630569e+00
4.673795107992455122e+00 5.399875412795180019e+00
4.727969591600383659e+00 5.303391998965754972e+00
4.782772017727470626e+00 5.208271089961618472e+00
4.838209664925944509e+00 5.114499402889590485e+00
4.894289896114520033e+00 5.022064257066401360e+00
4.951020159556341227e+00 4.930953229482295086e+00
5.008407989848203457e+00 4.841153907276360080e+00
5.066461008921252507e+00 4.752653888220354617e+00
5.125186927053318797e+00 4.665440782268080788e+00
5.184593543892900058e+00 4.579502213099273078e+00
5.244688749495107771e+00 4.494825819657908283e+00
5.305480525369564937e+00 4.411399257683917163e+00
5.366976945540468336e+00 4.329210201238042899e+00
5.429186177618927189e+00 4.248246344219261061e+00
5.492116483887774514e+00 4.168495401873768991e+00
5.555776222398865372e+00 4.089945112295619190e+00
5.620173848083176438e+00 4.012583237917896284e+00
5.685317913873744189e+00 3.936397566994279895e+00
5.751217071841596251e+00 3.861375915070113241e+00
5.817880074344919272e+00 3.787506126442706567e+00
5.885315775191436671e+00 3.714776075610316752e+00
5.953533130814357754e+00 3.643173668709198676e+00
6.022541201461917737e+00 3.572686865245592980e+00
6.092349152400691636e+00 3.503304068842403307e+00
6.162966255132924509e+00 3.435014064673007184e+00
6.234401888627847832e+00 3.367805627677029179e+00
6.306665540567391481e+00 3.301667510835514463e+00
6.379766808606270878e+00 3.236588448998660716e+00
6.453715401646691774e+00 3.172557162643629525e+00
6.528521141127827221e+00 3.109562361561998500e+00
6.604193962330286993e+00 3.047592748476427360e+00
6.680743915695598112e+00 2.986637022586776880e+00
6.758181168161097041e+00 2.926683883045208212e+00
6.836516004510227340e+00 2.867722032360092932e+00
6.915758828738503894e+00 2.809740179728967391e+00
6.995920165435354221e+00 2.752727044300170789e+00
7.077010661181871498e+00 2.696671358363443183e+00
7.159041085964872764e+00 2.641561870469264051e+00
7.242022334607302270e+00 2.587387348477279581e+00
7.325965428215218900e+00 2.534136582533604631e+00
7.410881515641548845e+00 2.481798387977563358e+00
7.496781874966857551e+00 2.430361609842920600e+00
7.583677914997172920e+00 2.379815340427290149e+00
7.671581176779286970e+00 2.330149109780736527e+00
7.760503335133557279e+00 2.281352480261651383e+00
7.850456200204484425e+00 2.233414998306161081e+00
7.941451719029317680e+00 2.186326199371368961e+00
8.033501977124714699e+00 2.140075612746814571e+00
8.126619200091928619e+00 2.094652766234765817e+00
8.220815755240526101e+00 2.050047190700118538e+00
8.316104153230948981e+00 2.006248424490785442e+00
8.412497049736094468e+00 1.963246017729307180e+00
8.510007247122224783e+00 1.921029536476795752e+00
8.608647696149226647e+00 1.879588566770204361e+00
8.708431497690707346e+00 1.838912718534002622e+00
8.809371904473977111e+00 1.798991629367384215e+00
8.911482322840175385e+00 1.759814968208374131e+00
9.014776314524892697e+00 1.721372438875853117e+00
9.119267598459275703e+00 1.683653783491220635e+00
9.224970052592155412e+00 1.646648785780691737e+00
9.331897715733223464e+00 1.610347274259876782e+00
9.440064789417590418e+00 1.574739168370442810e+00
9.549485639791939207e+00 1.539814625573619367e+00
9.660174799522621925e+00 1.505563889282613532e+00
9.772146969725703514e+00 1.471977234939878976e+00
9.885417021919554514e+00 1.439044973834684216e+00
9.999999999999984013e+00 1.406757456779919480e+00
