1.000000000000000048e-04 6.049303612714043510e+01
1.011591112223829728e-04 6.117136490361204437e+01
1.023316578330244966e-04 6.185729348770473024e+01
1.035177955630176363e-04 6.255090675424208513e+01
1.047176819485520245e-04 6.325229046239196862e+01
1.059314763518370031e-04 6.396153132096090843e+01
1.071593399822671198e-04 6.467871699952551978e+01
1.084014359178330883e-04 6.540393613896473823e+01
1.096579291267809898e-04 6.613727836211396038e+01
1.109289864895222780e-04 6.687883428452570911e+01
1.122147768207980425e-04 6.762869552537252105e+01
1.135154708920999033e-04 6.838695474497119164e+01
1.148312414543511137e-04 6.915370571013113477e+01
1.161622632608502026e-04 6.992904324425157370e+01
1.175087130904807752e-04 7.071306322463698280e+01
1.188707697711903445e-04 7.150586259413475432e+01
1.202486142037412301e-04 7.230753937289972555e+01
1.216424293857368039e-04 7.311819267028643310e+01
1.230524004359261579e-04 7.393792269687351393e+01
1.244787146187906256e-04 7.476683077436615577e+01
1.259215613694151213e-04 7.560501929708196656e+01
1.273811323186478520e-04 7.645259174107896172e+01
1.288576213185518003e-04 7.730965272570421121e+01
1.303512244681509209e-04 7.817630802844084315e+01
1.318621401394748729e-04 7.905266459759432962e+01
1.333905690039058638e-04 7.993883056512285634e+01
1.349367140588306701e-04 8.083491525960195645e+01
1.365007806546013845e-04 8.174102921932983179e+01
1.380829765218092534e-04 8.265728417499563818e+01
1.396835117988739897e-04 8.358379292223952461e+01
1.413025990599533870e-04 8.452066943878055838e+01
1.429404533431761061e-04 8.546802895394316124e+01
1.445972921792019735e-04 8.642598796220114821e+01
1.462733356201130139e-04 8.739466423681885487e+01
1.479688062686396383e-04 8.837417684363244064e+01
1.496839293077255632e-04 8.936464615497781949e+01
1.514189325304352289e-04 9.036619386489846306e+01
1.531740463702080011e-04 9.137894309755343158e+01
1.549495039314631917e-04 9.240301849767242004e+01
1.567455410205595065e-04 9.343854610245816161e+01
1.585623961771137158e-04 9.448565334049146713e+01
1.604003107056820173e-04 9.554446904692161979e+01
1.622595287078087273e-04 9.661512347881708251e+01
1.641402971144466632e-04 9.769774833068058228e+01
1.660428657187529853e-04 9.879247675013549213e+01
1.679674872092653496e-04 9.989944332783457526e+01
1.699144172034626271e-04 1.010187838562332274e+02
1.718839142817145805e-04 1.021506354415770375e+02
1.738762400216250798e-04 1.032951366831817666e+02
1.758916590327733002e-04 1.044524276917410930e+02
1.779304389918577567e-04 1.056226501054172928e+02
1.799928506782476725e-04 1.068059471061011578e+02
1.820791680099462630e-04 1.080024634358372424e+02
1.841896680799711133e-04 1.092123454134126774e+02
1.863246311931559835e-04 1.104357409382633790e+02
1.884843409033795745e-04 1.116727994793550778e+02
1.906690840512252356e-04 1.129236721229278970e+02
1.928791508020778235e-04 1.141885115972502120e+02
1.951148346846616683e-04 1.154674722900030446e+02
1.973764326300255834e-04 1.167607102658444376e+02
1.996642450109793916e-04 1.180683832841525600e+02
2.019785756819878484e-04 1.193906508169435909e+02
2.043197320195270865e-04 1.207276740646855302e+02
2.066880249629082160e-04 1.220796159186088801e+02
2.090837690555750453e-04 1.234466409731426921e+02
2.115072824868795298e-04 1.248289156004080667e+02
2.139588871343421834e-04 1.262266079717198011e+02
2.164389086064020889e-04 1.276398880764718768e+02
2.189476762856621176e-04 1.290689277412104445e+02
2.214855233726359721e-04 1.305139006488987832e+02
2.240527869300018495e-04 1.319749823583706245e+02
2.266498079273692845e-04 1.334523502838875402e+02
2.292769312865648918e-04 1.349461835195444905e+02
2.319345059274427814e-04 1.364566629980379275e+02
2.346228848142263134e-04 1.379839715911907092e+02
2.373424250023866691e-04 1.395282941300576454e+02
2.400934876860652035e-04 1.410898174251077535e+02
2.428764382460451090e-04 1.426687302866156699e+02
2.456916462982790305e-04 1.442652235452453908e+02
2.485394857429798965e-04 1.458794900709818307e+02
2.514203348142797370e-04 1.475117246183151849e+02
2.543345761304648903e-04 1.491621236923678850e+02
2.572825967447932359e-04 1.508308858456805126e+02
2.602647881969005024e-04 1.525182117321764963e+02
2.632815465648020731e-04 1.542243041282744969e+02
2.663332725174980963e-04 1.559493679542128461e+02
2.694203713681882413e-04 1.576936102955592673e+02
2.725432531281028249e-04 1.594572404249175577e+02
2.757023325609583289e-04 1.612404698094961475e+02
2.788980292380439777e-04 1.630435119821005685e+02
2.821307675939471824e-04 1.648665826151818692e+02
2.854009769829237591e-04 1.667098996424132906e+02
2.887090917359235484e-04 1.685736832826788145e+02
2.920555512182745244e-04 1.704581560626424732e+02
2.954407998880380793e-04 1.723635428395235181e+02
2.988652873550383024e-04 1.742900708240579206e+02
3.023294684405777215e-04 1.762379696036324788e+02
3.058338032378432473e-04 1.782074709668632124e+02
3.093787571730137595e-04 1.801988084645077492e+02
3.129648010670751349e-04 1.822122179228345260e+02
3.165924111983521496e-04 1.842479375942627371e+02
3.202620693657651165e-04 1.863062081803373644e+02
3.239742629528196056e-04 1.883872728549006581e+02
3.277294849923383015e-04 1.904913772874333517e+02
3.315282342319423692e-04 1.926187696666036970e+02
3.353710152002930081e-04 1.947697007175658541e+02
3.392583382740992667e-04 1.969444235563611869e+02
3.431907197459043682e-04 1.991431936881966465e+02
3.471686818926560223e-04 2.013662692066305340e+02
3.511927530450728672e-04 2.036139108270734823e+02
3.552634676578139803e-04 2.058863819109889448e+02
3.593813663804626239e-04 2.081839484902911011e+02
3.635469961293318715e-04 2.105068792919275040e+02
3.677609101601031711e-04 2.128554457626480598e+02
3.720236681413067385e-04 2.152299219057256607e+02
3.763358362286533740e-04 2.176305833353962385e+02
3.806979871402285448e-04 2.200577079662667472e+02
3.851107002325569739e-04 2.225115764519629522e+02
3.895745615775502574e-04 2.249924722093522007e+02
3.940901640403448279e-04 2.275006814421938941e+02
3.986581073580439810e-04 2.300364931649320113e+02
4.032789982193706307e-04 2.326001992266373009e+02
4.079534503452450522e-04 2.351920943330088676e+02
4.126820845702952557e-04 2.378124758424787046e+02
4.174655289253135972e-04 2.404616435716776834e+02
4.223044187206673248e-04 2.431399001897280812e+02
4.271993966306778055e-04 2.458475512890684342e+02
4.321511127789762923e-04 2.485849054093642394e+02
4.371602248248503283e-04 2.513522740615387647e+02
4.422273980505898373e-04 2.541499717519489536e+02
4.473533054498464575e-04 2.569783160066611458e+02
4.525386278170167947e-04 2.598376273026262311e+02
4.577840538376617388e-04 2.627282280487292496e+02
4.630902801799738800e-04 2.656504429357495951e+02
4.684580115873046222e-04 2.686045996691733535e+02
4.738879609717652546e-04 2.715910290046455771e+02
4.793808495089108153e-04 2.746100647704875541e+02
4.849374067335234439e-04 2.776620438902873502e+02
4.905583706365046568e-04 2.807473064055475334e+02
4.962444877628915604e-04 2.838661954983471674e+02
5.019965133110080614e-04 2.870190570320231132e+02
5.078152112327671743e-04 2.902062383784278836e+02
5.137013543351340219e-04 2.934280896676921202e+02
5.196557243827659538e-04 2.966849641481689446e+02
5.256791122018420349e-04 2.999772182063783816e+02
5.317723177850967571e-04 3.033052113869505320e+02
5.379361503980699009e-04 3.066693064125568640e+02
5.441714286865889172e-04 3.100698692038324680e+02
5.504789807854969502e-04 3.135072688687106961e+02
5.568596444286410272e-04 3.169818768485138776e+02
5.633142670601353798e-04 3.204940667645045664e+02
5.698437059469137721e-04 3.240442153703233430e+02
5.764488282925875340e-04 3.276327026235215385e+02
5.831305113526219844e-04 3.312599117028498199e+02
5.898896425508494586e-04 3.349262290254483787e+02
5.967271195973311917e-04 3.386320442639488988e+02
6.036438506075865983e-04 3.423777503634931350e+02
6.106407542232038244e-04 3.461637432314728358e+02
6.177187597338490302e-04 3.499904199695375269e+02
6.248788072006889295e-04 3.538581800660637668e+02
6.321218475812450180e-04 3.577674261999626424e+02
6.394488428556939106e-04 3.617185642550733746e+02
6.468607661546322196e-04 3.657120033325318218e+02
6.543586018883232108e-04 3.697481557629203621e+02
6.619433458774390093e-04 3.738274371182279197e+02
6.696160054853217717e-04 3.779502662165658080e+02
6.773775997517746681e-04 3.821170642420736385e+02
6.852291595284059830e-04 3.863282538283312419e+02
6.931717276155402148e-04 3.905842605654458453e+02
7.012063589007179638e-04 3.948855132091560449e+02
7.093341204987991394e-04 3.992324436879444534e+02
7.175560918936924699e-04 4.036254871097964951e+02
7.258733650817247602e-04 4.080650817686515097e+02
7.342870447166760257e-04 4.125516691505106905e+02
7.427982482564913450e-04 4.170856937274012921e+02
7.514081061116963198e-04 4.216676004417639092e+02
7.601177617955326210e-04 4.262978354195859083e+02
7.689283720758308604e-04 4.309768477462935152e+02
7.778411071286484360e-04 4.357050895015844958e+02
7.868571506936848170e-04 4.404830157575834733e+02
7.959777002314981234e-04 4.453110845765110071e+02
8.052039670825472846e-04 4.501897570078514264e+02
8.145371766280737639e-04 4.551194970849629726e+02
8.239785684528515806e-04 4.601007712451029192e+02
8.335293965098190729e-04 4.651340468042058660e+02
8.431909292866253619e-04 4.702197934669478059e+02
8.529644499741018170e-04 4.753584837633550819e+02
8.628512566366892044e-04 4.805505930391336733e+02
8.728526623848374341e-04 4.857965994453788880e+02
8.829699955494085860e-04 4.910969839276185667e+02
8.932045998580961195e-04 4.964522302142397052e+02
9.035578346138924653e-04 5.018628247571929819e+02
9.140310748756226740e-04 5.073292552578530490e+02
9.246257116405735008e-04 5.128520102948468775e+02
9.353431520292382036e-04 5.184315809238441943e+02
9.461848194721997124e-04 5.240684607590709447e+02
9.571521538991858893e-04 5.297631459536129341e+02
9.682466119303117331e-04 5.355161351788713091e+02
9.794696670695391023e-04 5.413279296032238790e+02
9.908228099003791103e-04 5.471990328698841495e+02
1.002307548283864732e-03 5.531299504328167131e+02
1.013925407558814544e-03 5.591211858341105199e+02
1.025677930744421434e-03 5.651732430243166618e+02
1.037566678745185456e-03 5.712866280287280460e+02
1.049593230558226948e-03 5.774618489185421595e+02
1.061759183482999420e-03 5.836994157758847450e+02
1.074066153333433013e-03 5.899998406578152981e+02
1.086515774652537783e-03 5.963636375592685681e+02
1.099109700929496542e-03 6.027913223709808790e+02
1.111849604819270662e-03 6.092834122433706625e+02
1.124737178364751356e-03 6.158404248748702230e+02
1.137774133221490730e-03 6.224628795079534029e+02
1.150962200885031431e-03 6.291512970326691629e+02
1.164303132920876341e-03 6.359061999408744441e+02
1.177798701197118681e-03 6.427281122792695669e+02
1.191450698119775244e-03 6.496175596012727738e+02
1.205260936870841855e-03 6.565750689176988999e+02
1.219231251649110278e-03 6.636011682864977956e+02
1.233363497913775222e-03 6.706963822051648094e+02
1.247659552630868939e-03 6.778612326966207320e+02
1.262121314522546408e-03 6.850962425710595198e+02
1.276750704319265127e-03 6.924019354361134901e+02
1.291549665014883131e-03 6.997788356305470643e+02
1.306520162124720367e-03 7.072274681565588708e+02
1.321664183946604648e-03 7.147483586106361599e+02
1.336983741824946011e-03 7.223420331129217402e+02
1.352480870417874584e-03 7.300090171890391275e+02
1.368157627967470829e-03 7.377498327606519979e+02
1.384016096573131068e-03 7.455650009139235408e+02
1.400058382468096939e-03 7.534550427049885002e+02
1.416286616299197981e-03 7.614204790758076342e+02
1.432702953409829925e-03 7.694618307684796719e+02
1.449309574126215940e-03 7.775796182378634285e+02
1.466108684046983808e-03 7.857743615626476412e+02
1.483102514336103470e-03 7.940465801705761351e+02
1.500293322019217047e-03 8.023967865012024276e+02
1.517683390283404692e-03 8.108254840807596793e+02
1.535275028780421847e-03 8.193331745716936894e+02
1.553070573933459063e-03 8.279203581361542774e+02
1.571072389247449340e-03 8.365875333219688628e+02
1.589282865622977398e-03 8.453351969467275921e+02
1.607704421673822760e-03 8.541638439799633034e+02
1.626339504048191073e-03 8.630739674234537233e+02
1.645190587753661863e-03 8.720660568382844531e+02
1.664260176485902803e-03 8.811405899779339279e+02
1.683550802961201673e-03 8.902980376931280944e+02
1.703065029252843121e-03 8.995388677183756272e+02
1.722805447131393322e-03 9.088635445432056486e+02
1.742774678408918554e-03 9.182725292663930077e+02
1.762975375287204483e-03 9.277662794482304207e+02
1.783410220710006724e-03 9.373452489605847404e+02
1.804081928719382128e-03 9.470098878030094056e+02
1.824993244816151307e-03 9.567606362647645710e+02
1.846146946324546618e-03 9.665979178809486712e+02
1.867545842761074654e-03 9.765221495153474507e+02
1.889192776207665675e-03 9.865337427303743425e+02
1.911090621689137074e-03 9.966331036066105753e+02
1.933242287555043959e-03 1.006820632560071772e+03
1.955650715865948734e-03 1.017096724157227186e+03
1.978318882784163655e-03 1.027461766927825693e+03
2.001249798969035980e-03 1.037916142294501924e+03
2.024446509976802599e-03 1.048460212496992199e+03
2.047912096665084614e-03 1.059094323007048615e+03
2.071649675602067840e-03 1.069818811302344557e+03
2.095662399480431679e-03 1.080634006871844349e+03
2.119953457536069303e-03 1.091540230995161210e+03
2.144526075971666789e-03 1.102537796519649874e+03
2.169383518385183292e-03 1.113627007635310747e+03
2.194529086203312468e-03 1.124808159647462617e+03
2.219966119119953351e-03 1.136081535928920175e+03
2.245697995539773072e-03 1.147447399291198508e+03
2.271728133026903931e-03 1.158905999674069790e+03
2.298059988758849835e-03 1.170457576523093621e+03
2.324697059985647227e-03 1.182102358538183353e+03
2.351642884494347698e-03 1.193840563420136050e+03
2.378901041078892130e-03 1.205672397615138607e+03
2.406475150015422761e-03 1.217598056057335043e+03
2.434368873543109931e-03 1.229617721614006541e+03
2.462585916350545565e-03 1.241731553867721459e+03
2.491130026067787072e-03 1.253939685111325616e+03
2.520004993764090716e-03 1.266242233083111159e+03
2.549214654451422042e-03 1.278639301603567674e+03
2.578762887593799742e-03 1.291130980286766771e+03
2.608653617622546696e-03 1.303717344250029328e+03
2.638890814457508453e-03 1.316398453822092961e+03
2.669478494034319832e-03 1.329174354249805447e+03
2.700420718837771242e-03 1.342045074116140768e+03
2.731721598441374903e-03 1.355010616744569688e+03
2.763385290053167829e-03 1.368070964781801422e+03
2.795415999067855668e-03 1.381226083995792578e+03
2.827817979625339880e-03 1.394475922984900535e+03
2.860595535175740160e-03 1.407820412867088635e+03
2.893753019050949830e-03 1.421259466968260767e+03
2.927294835042814833e-03 1.434792980509841527e+03
2.961225437988033050e-03 1.448420830217577077e+03
2.995549334359811234e-03 1.462142857150462532e+03
3.030271082866395349e-03 1.475958844454585233e+03
3.065395295056525492e-03 1.489868548587392070e+03
3.100926635931925118e-03 1.503871704006275422e+03
3.136869824566874444e-03 1.517968022816112580e+03
3.173229634734975584e-03 1.532157194417034134e+03
3.210010895543170123e-03 1.546438885152833791e+03
3.247218492073126669e-03 1.560812737959936385e+03
3.284857366030041314e-03 1.575278373565481843e+03
3.322932516398970689e-03 1.589835412393013485e+03
3.361449000108763119e-03 1.604483469983370014e+03
3.400411932703704086e-03 1.619222139203686766e+03
3.439826489022923713e-03 1.634050989450057159e+03
3.479697903887689868e-03 1.648969566328921474e+03
3.520031472796677097e-03 1.663977391340003578e+03
3.560832552629275994e-03 1.679073961561077567e+03
3.602106562357069216e-03 1.694258749334650247e+03
3.643858983763542669e-03 1.709531142860915907e+03
3.686095362172155891e-03 1.724890259300130992e+03
3.728821307182831907e-03 1.740335116536365149e+03
3.772042493416996253e-03 1.755864693221832340e+03
3.815764661271247096e-03 1.771477928298932056e+03
3.859993617679764906e-03 1.787173720529291586e+03
3.904735236885557934e-03 1.802950928030189971e+03
3.949995461220641955e-03 1.818808367818686747e+03
3.995780301895267457e-03 1.834744827167502763e+03
4.042095839796303568e-03 1.850759543402730287e+03
4.088948226294858955e-03 1.866852390452461805e+03
4.136343684063272831e-03 1.883023286441430173e+03
4.184288507901578850e-03 1.899272148962234951e+03
4.232789065573546415e-03 1.915598895158128471e+03
4.281851798652410411e-03 1.932003441806313276e+03
4.331483223376396928e-03 1.948485705401983068e+03
4.381689931514188077e-03 1.965045602242932773e+03
4.432478591240393562e-03 1.981682633987964891e+03
4.483855948021185124e-03 1.998393065069844852e+03
4.535828825510184945e-03 2.015171526254366427e+03
4.588404126454754574e-03 2.032012465747533724e+03
4.641588833612774606e-03 2.048910155786103132e+03
4.695390010680057340e-03 2.065858691216189072e+03
4.749814803228498243e-03 2.082851988237389378e+03
4.804870439655126689e-03 2.099883783320831753e+03
4.860564232142133151e-03 2.116947643379386591e+03
4.916903577628024651e-03 2.134039892361728562e+03
4.973895958790060245e-03 2.151163683248725647e+03
5.031548945038048955e-03 2.168323295677623719e+03
5.089870193519678392e-03 2.185523174872827894e+03
5.148867450137491197e-03 2.202767932760163148e+03
5.208548550577657595e-03 2.220062349173169423e+03
5.268921421350668960e-03 2.237411373158434344e+03
5.329994080844086858e-03 2.254820124387144006e+03
5.391774640387498457e-03 2.272293521658149075e+03
5.454271305329828380e-03 2.289830567897025958e+03
5.517492376129119747e-03 2.307425282808757402e+03
5.581446249454959617e-03 2.325071367452070717e+03
5.646141419303662458e-03 2.342762342311448265e+03
5.711586478126426739e-03 2.360491546193669819e+03
5.777790117970500218e-03 2.378252135308367542e+03
5.844761131633627142e-03 2.396037082541013206e+03
5.912508413831872763e-03 2.413839176926396703e+03
5.981040962380937930e-03 2.431651916735730083e+03
6.050367879391214433e-03 2.449472491997846191e+03
6.120498372476694711e-03 2.467299083536194303e+03
6.191441755977841743e-03 2.485129856430530708e+03
6.263207452198682815e-03 2.502962960262675551e+03
6.335804992658246836e-03 2.520796529379375897e+03
6.409244019356445839e-03 2.538628683161424306e+03
6.483534286054717238e-03 2.556457526299015626e+03
6.558685659571428586e-03 2.574281133188081640e+03
6.634708121092339726e-03 2.592096837042042807e+03
6.711611767496278476e-03 2.609900920451969341e+03
6.789406812696106158e-03 2.627689528890707606e+03
6.868103588995296514e-03 2.645458744602504794e+03
6.947712548460231209e-03 2.663204587079353132e+03
7.028244264308346374e-03 2.680923013586158959e+03
7.109709432312428558e-03 2.698609919735935819e+03
7.192118872221184116e-03 2.716261140115631406e+03
7.275483529196219955e-03 2.733872469022134737e+03
7.359814475265760887e-03 2.751439805317656010e+03
7.445122910795134823e-03 2.768959073642977728e+03
7.531420165974363201e-03 2.786426147832660718e+03
7.618717702322989373e-03 2.803836851230280899e+03
7.707027114212296713e-03 2.821186957568393154e+03
7.796360130405225256e-03 2.838472191895818924e+03
7.886728615614147300e-03 2.855688231552420802e+03
7.978144572076614760e-03 2.872830706887227279e+03
8.070620141149495441e-03 2.889895101443160911e+03
8.164167604921463567e-03 2.906876603606016943e+03
8.258799387844257406e-03 2.923770312948539413e+03
8.354528058382861000e-03 2.940571278063092450e+03
8.451366330684714073e-03 2.957274497966190211e+03
8.549327066268371661e-03 2.973874923565735116e+03
8.648423275731715806e-03 2.990367459191198122e+03
8.748668120479906676e-03 3.006746964187502272e+03
8.850074914473426979e-03 3.023008245965241258e+03
8.952657125996391421e-03 3.039145921059625834e+03
9.056428379445279064e-03 3.055154436495937261e+03
9.161402457138508384e-03 3.071028191474135383e+03
9.267593301146874116e-03 3.086761543309344233e+03
9.375015015145274355e-03 3.102348809554644504e+03
9.483681866285915280e-03 3.117784270198377726e+03
9.593608287093137454e-03 3.133062169935789825e+03
9.704808877380292215e-03 3.148176720515043144e+03
9.817298406188829443e-03 3.163122037526897657e+03
9.931091813749784100e-03 3.177891911884436922e+03
1.004620421346811773e-02 3.192480019340602666e+03
1.016265089392994099e-02 3.206880004919796647e+03
1.028044732093308204e-02 3.221085485912471540e+03
1.039960913954119000e-02 3.235090054954713651e+03
1.052015217616157974e-02 3.248887283195896089e+03
1.064209244064722934e-02 3.262470723553750759e+03
1.076544612842314681e-02 3.275833910710935015e+03
1.089022962263729542e-02 3.288970199259912533e+03
1.101645949633655273e-02 3.301872688249534804e+03
1.114415251466786827e-02 3.314534446814802777e+03
1.127332563710485222e-02 3.326948537107512948e+03
1.140399601970031561e-02 3.339108018398753302e+03
1.153618101736477233e-02 3.351005951277569693e+03
1.166989818617145645e-02 3.362635401943434772e+03
1.180516528568804208e-02 3.373989446590875559e+03
1.194200028133531391e-02 3.385061132633542002e+03
1.208042134677327073e-02 3.395843155883393138e+03
1.222044686631487166e-02 3.406328042769116564e+03
1.236209543736768203e-02 3.416508339698153577e+03
1.250538587290389754e-02 3.426376619872768515e+03
1.265033720395902610e-02 3.435925488759432483e+03
1.279696868215939552e-02 3.445147589655649426e+03
1.294529978227914289e-02 3.454035609350681625e+03
1.309535020482666470e-02 3.462582283542696587e+03
1.324713987866115404e-02 3.470780261421034538e+03
1.340068896363949026e-02 3.478621890193221134e+03
1.355601785329367710e-02 3.486099522899146450e+03
1.371314717753943473e-02 3.493205581462347254e+03
1.387209780541619544e-02 3.499932563443132494e+03
1.403289084785870784e-02 3.506273048875111726e+03
1.419554766050099524e-02 3.512219707179277066e+03
1.436008984651259215e-02 3.517765304148810174e+03
1.452653925946778904e-02 3.522902692110863427e+03
1.469491800624815429e-02 3.527624522864325172e+03
1.486524844997855720e-02 3.531923290995448951e+03
1.503755321299736145e-02 3.535791604294548506e+03
1.521185517986103040e-02 3.539222200996232914e+03
1.538817750038344936e-02 3.542207957823744891e+03
1.556654359271059974e-02 3.544741898073410539e+03
1.574697714643085236e-02 3.546817199730260654e+03
1.592950212572120244e-02 3.548427203604369879e+03
1.611414277253018015e-02 3.549565363008730401e+03
1.630092360979739502e-02 3.550225035889289302e+03
1.648986944471062324e-02 3.550399686989369457e+03
1.668100537200057146e-02 3.550082976885352764e+03
1.687435677727374198e-02 3.549268770664191379e+03
1.706994934038405520e-02 3.547951146558625624e+03
1.726780903884354151e-02 3.546124404538359613e+03
1.746796215127244256e-02 3.543783074843694521e+03
1.767043526088944369e-02 3.540921925617013130e+03
1.787525525904233581e-02 3.537535925820572174e+03
1.808244934877948837e-02 3.533620230306361918e+03
1.829204504846291754e-02 3.529170252355106641e+03
1.850407019542300510e-02 3.524181677696455608e+03
1.871855294965576663e-02 3.518650472601974798e+03
1.893552179756293266e-02 3.512572891826010618e+03
1.915500555573526609e-02 3.505945486379702288e+03
1.937703337477986176e-02 3.498765111122686449e+03
1.960163474319183419e-02 3.491028967471527267e+03
1.982883949127068474e-02 3.482734891287998380e+03
2.005867779508231641e-02 3.473881206887968801e+03
2.029118018046676200e-02 3.464466566203462207e+03
2.052637752709248961e-02 3.454489952877881933e+03
2.076430107255772262e-02 3.443950687606359679e+03
2.100498241653913495e-02 3.432848433188671152e+03
2.124845352498879944e-02 3.421183199282622354e+03
2.149474673437978475e-02 3.408955347503563189e+03
2.174389475600078253e-02 3.396165963126384213e+03
2.199593068030071888e-02 3.382817461992313838e+03
2.225088798128367282e-02 3.368912760375269499e+03
2.250880052095458397e-02 3.354455112814401673e+03
2.276970255381677299e-02 3.339448112371966090e+03
2.303362873142129202e-02 3.323895690541709882e+03
2.330061410696921201e-02 3.307802116803624358e+03
2.357069413996725274e-02 3.291171997820414617e+03
2.384390470093718586e-02 3.274010353477329318e+03
2.412028207618003781e-02 3.256324046175357125e+03
2.439986297259547771e-02 3.238121607288754603e+03
2.468268452255688306e-02 3.219411878895300106e+03
2.496878428884323833e-02 3.200203955261113606e+03
2.525820026962782502e-02 3.180507175358307904e+03
2.555097090352503181e-02 3.160331115169832628e+03
2.584713507469561106e-02 3.139685579790495467e+03
2.614673211801089858e-02 3.118580595333413385e+03
2.644980182427715890e-02 3.097027047626670083e+03
2.675638444552042375e-02 3.075039166443721115e+03
2.706652070033239293e-02 3.052632227679499465e+03
2.738025177927854228e-02 3.029821549225526724e+03
2.769761935036888292e-02 3.006622475818242492e+03
2.801866556459190957e-02 2.983050364425992939e+03
2.834343306151305975e-02 2.959120569929674730e+03
2.867196497493766996e-02 2.934848431110700858e+03
2.900430493863987227e-02 2.910249299530013104e+03
2.934049709215783702e-02 2.885341107571893644e+03
2.968058608665600367e-02 2.860145726048726374e+03
3.002461709085545161e-02 2.834685070386434290e+03
3.037263579703308389e-02 2.808980714776667355e+03
3.072468842709001266e-02 2.783053874968186392e+03
3.108082173869059980e-02 2.756925392310100051e+03
3.144108303147261779e-02 2.730615719030724449e+03
3.180552015332915178e-02 2.704144904733885596e+03
3.217418150676367578e-02 2.677533044616761799e+03
3.254711605531845214e-02 2.650804102645216517e+03
3.292437333007763867e-02 2.623983765588360257e+03
3.330600343624585263e-02 2.597097008600968820e+03
3.369205705980264642e-02 2.570168061111463430e+03
3.408258547423447665e-02 2.543220400135272484e+03
3.447764054734461098e-02 2.516276745651393867e+03
3.487727474814172890e-02 2.489359057951260638e+03
3.528154115380878475e-02 2.462488540207089954e+03
3.569049345675226470e-02 2.435688180517351157e+03
3.610418597173332272e-02 2.408987107877165272e+03
3.652267364308171838e-02 2.382414476183102124e+03
3.694601205199299354e-02 2.355998225353038379e+03
3.737425742391059513e-02 2.329765096913033176e+03
3.780746663599345719e-02 2.303740652724967276e+03
3.824569722466996530e-02 2.277949296621142821e+03
3.868900739327971183e-02 2.252414298717739712e+03
3.913745601980380545e-02 2.227157631536660119e+03
3.959110266468453265e-02 2.202196228262511340e+03
4.005000757873606460e-02 2.177542426715981492e+03
4.051423171114643812e-02 2.153207750820273304e+03
4.098383671757255958e-02 2.129203085541890687e+03
4.145888496832907111e-02 2.105538699072837517e+03
4.193943955667183560e-02 2.082224265443882814e+03
4.242556430717771970e-02 2.059268887502403686e+03
4.291732378422153521e-02 2.036681120193504512e+03
4.341478330055086043e-02 2.014471783238542002e+03
4.391800892596080946e-02 1.992665285986885465e+03
4.442706749606879085e-02 1.971289348741551521e+03
4.494202662119135827e-02 1.950370359639657181e+03
4.546295469532394412e-02 1.929933445868503668e+03
4.598992090522435044e-02 1.910002550165102548e+03
4.652299523960182898e-02 1.890600510123736285e+03
4.706224849841277036e-02 1.871749140042358249e+03
4.760775230226364785e-02 1.853466905151102765e+03
4.815957910192344982e-02 1.835741549709837727e+03
4.871780218794626721e-02 1.818541013270816620e+03
4.928249570040506289e-02 1.801834016941359550e+03
4.985373463873887800e-02 1.785590396998906044e+03
5.043159487171355176e-02 1.769781041923315570e+03
5.101615314749827212e-02 1.754377834134217437e+03
5.160748710385902605e-02 1.739353598011789927e+03
5.220567527846971256e-02 1.724684794117843239e+03
5.281079711934324322e-02 1.710356831503090461e+03
5.342293299538347640e-02 1.696357089913450864e+03
5.404216420705911655e-02 1.682673327960166262e+03
5.466857299720174340e-02 1.669293667094582133e+03
5.530224256192894927e-02 1.656206576366302215e+03
5.594325706169369500e-02 1.643400835831364702e+03
5.659170163246236840e-02 1.630855780082531965e+03
5.724766239702173964e-02 1.618526441559841942e+03
5.791122647641750582e-02 1.606365258330779852e+03
5.858248200152529894e-02 1.594326056610766727e+03
5.926151812475548286e-02 1.582364010402130134e+03
5.994842503189401484e-02 1.570435614013939585e+03
6.064329395408056544e-02 1.558498556535195803e+03
6.134621717992497919e-02 1.546510776503960187e+03
6.205728806776493467e-02 1.534430971926240545e+03
6.277660105806494306e-02 1.522219216976784764e+03
6.350425168595953684e-02 1.509836998211952732e+03
6.424033659394184914e-02 1.497247254102607940e+03
6.498495354469883967e-02 1.484413894795695114e+03
6.573820143409576933e-02 1.471297575793024635e+03
6.650018030431112392e-02 1.457858189106066447e+03
6.727099135712333311e-02 1.444057602413205814e+03
6.805073696735199074e-02 1.429859784235735560e+03
6.883952069645490890e-02 1.415230916338984343e+03
6.963744730628212976e-02 1.400142478865230260e+03
7.044462277299029518e-02 1.384576208960539134e+03
7.126115430111740201e-02 1.368517209278445307e+03
7.208715033782125969e-02 1.351952654963605710e+03
7.292272058728306583e-02 1.334871869962043320e+03
7.376797602527726538e-02 1.317268865249051714e+03
7.462302891391099646e-02 1.299154121427544624e+03
7.548799281653424675e-02 1.280544651803416855e+03
7.636298261282230271e-02 1.261458546901388218e+03
7.724811451403391926e-02 1.241914933258238079e+03
7.814350607844536278e-02 1.221937686928361700e+03
7.904927622696410194e-02 1.201570589538109743e+03
7.996554525892338172e-02 1.180862866019708008e+03
8.089243486805931804e-02 1.159862520152153365e+03
8.183006815867380213e-02 1.138616260463880053e+03
8.277856966198465782e-02 1.117176810494277788e+03
8.373806535266484219e-02 1.095610175384568947e+03
8.470868266557393667e-02 1.073980849107015047e+03
8.569055051268339995e-02 1.052349682367924515e+03
8.668379930019762258e-02 1.030775784175815943e+03
8.768856094587416938e-02 1.009329874941062485e+03
8.870496889654395922e-02 9.880849140869864868e+02
8.973315814583508743e-02 9.671082373566945307e+02
9.077326525210215047e-02 9.464623112936727694e+02
9.182542835656276603e-02 9.262167499359366047e+02
9.288978720164486891e-02 9.064460867878459567e+02
9.396648314954682280e-02 8.872184018459224717e+02
9.505565920101186062e-02 8.685953319695991013e+02
9.615746001432085022e-02 8.506324951957949452e+02
9.727203192450530056e-02 8.333789952345762231e+02
9.839952296278213495e-02 8.168782340710323524e+02
9.954008287621508855e-02 8.011694248035537385e+02
1.006938631476026330e-01 7.862881903875763783e+02
1.018610170155973965e-01 7.722620807475217362e+02
1.030416994950586612e-01 7.590855308820659957e+02
1.042360673976400476e-01 7.467416906079198498e+02
1.054442793526167294e-01 7.352150541532115540e+02
1.066664958279537889e-01 7.244909333484788476e+02
1.079028791516182112e-01 7.145316354704143578e+02
1.091535935331389984e-01 7.052699655798352296e+02
1.104188050854159470e-01 6.966406784229842515e+02
1.116986818467821246e-01 6.885823146489091187e+02
1.129933938033220592e-01 6.810274696129780523e+02
1.143031129114477906e-01 6.738879783744248471e+02
1.156280131207374218e-01 6.670757744292236566e+02
1.169682703970383736e-01 6.605064693784881911e+02
1.183240627458377325e-01 6.540954144167079676e+02
1.196955702359041446e-01 6.477504810535383513e+02
1.210829750232038649e-01 6.413810705267603680e+02
1.224864613750929060e-01 6.349001538198173193e+02
1.239062156947914467e-01 6.282248917213341883e+02
1.253424265461398623e-01 6.212773675876035213e+02
1.267952846786432330e-01 6.139838895002301342e+02
1.282649830528058976e-01 6.062760173897520417e+02
1.297517168657586206e-01 5.981058226350123732e+02
1.312556835771841179e-01 5.894442530484880081e+02
1.327770829355428006e-01 5.802668421957218925e+02
1.343161170046014707e-01 5.705616826381782403e+02
1.358729901902707704e-01 5.603557262255884552e+02
1.374479092677535763e-01 5.496866482618156624e+02
1.390410834090068104e-01 5.385941859370568636e+02
1.406527242105235220e-01 5.271422951378102653e+02
1.422830457214351030e-01 5.154126371627475010e+02
1.439322644719404909e-01 5.034834125126657796e+02
1.456005995020647481e-01 4.914400802454211430e+02
1.472882723907500968e-01 4.793826585980074810e+02
1.489955072852852114e-01 4.674050196539321860e+02
1.507225309310754602e-01 4.555998245648089551e+02
1.524695727017571223e-01 4.440704433259265329e+02
1.542368646296626011e-01 4.329130639124095410e+02
1.560246414366366907e-01 4.222145002871037036e+02
1.578331405652114716e-01 4.120546769613373499e+02
1.596626022101423625e-01 4.025055887061711815e+02
1.615132693503088801e-01 3.936206212107359761e+02
1.633853877809858524e-01 3.854170216272953553e+02
1.652792061464892492e-01 3.779052595664787191e+02
1.671949759731987672e-01 3.710718012650576156e+02
1.691329517029645513e-01 3.648620376529386817e+02
1.710933907269012455e-01 3.592204741539286488e+02
1.730765534195721767e-01 3.540732026743622214e+02
1.750827031735721628e-01 3.493294500247184828e+02
1.771121064345085594e-01 3.449012789569743518e+02
1.791650327363897566e-01 3.406943449784618565e+02
1.812417547374234328e-01 3.366144919782211673e+02
1.833425482562288100e-01 3.325693696421318464e+02
1.854676923084695728e-01 3.284658058919098949e+02
1.876174691439118081e-01 3.242152452812777028e+02
1.897921642839097145e-01 3.197394219956555048e+02
1.919920665593281006e-01 3.149682821749957498e+02
1.942174681489023391e-01 3.098520513291852012e+02
1.964686646180442142e-01 3.043725582535413992e+02
1.987459549580979923e-01 2.985255589311963718e+02
2.010496416260496022e-01 2.923500591425705579e+02
2.033800305846977796e-01 2.858998313975499741e+02
2.057374313432909774e-01 2.792499427826024316e+02
2.081221569986336506e-01 2.724896963557583831e+02
2.105345242766701597e-01 2.657091229122883647e+02
2.129748535745517590e-01 2.590015147191959386e+02
2.154434690031879762e-01 2.524530129888966599e+02
2.179406984302951489e-01 2.461430564817678999e+02
2.204668735239406208e-01 2.401409543720825184e+02
2.230223297965933937e-01 2.344991565016087804e+02
2.256074066496857322e-01 2.292582018803958874e+02
2.282224474186894947e-01 2.244316905133126454e+02
2.308677994187165183e-01 2.200197245102271495e+02
2.335438139906475252e-01 2.159945447897609370e+02
2.362508465477944353e-01 2.123158539070485347e+02
2.389892566231045512e-01 2.089224498965307930e+02
2.417594079169126942e-01 2.057448961920418355e+02
2.445616683452441209e-01 2.027022176455255646e+02
2.473964100886809347e-01 1.997119845771360076e+02
2.502640096417915183e-01 1.966937746980985651e+02
2.531648478631349786e-01 1.935765717620440682e+02
2.560993100258455168e-01 1.903095566288682789e+02
2.590677858688005264e-01 1.868623124128171469e+02
2.620706696483847131e-01 1.832325139337156941e+02
2.651083601908534870e-01 1.794385809568181003e+02
2.681812609453009255e-01 1.755173278970816284e+02
2.712897800372461865e-01 1.715173491334128073e+02
2.744343303228360953e-01 1.674932124025280302e+02
2.776153294436795038e-01 1.635045844022614858e+02
2.808331998823167530e-01 1.596106075749296451e+02
2.840883690183299559e-01 1.558682719986396705e+02
2.873812691851060364e-01 1.523227923461712123e+02
2.907123377272573528e-01 1.490051789268276252e+02
2.940820170587059579e-01 1.459233693055762160e+02
2.974907547214434844e-01 1.430662776891303736e+02
3.009390034449713203e-01 1.404056170883626464e+02
3.044272212064296212e-01 1.379015740555441027e+02
3.079558712914221008e-01 1.355087691339070091e+02
3.115254223555483648e-01 1.331787429229090094e+02
3.151363484866475662e-01 1.308638655657402410e+02
3.187891292677637600e-01 1.285224892516253021e+02
3.224842498408434510e-01 1.261237854302845420e+02
3.262222009711663318e-01 1.236546894945774824e+02
3.300034791125279754e-01 1.211193428974462449e+02
3.338285864731757036e-01 1.185371100479536466e+02
3.376980310825088427e-01 1.159377909929959714e+02
3.416123268585519734e-01 1.133557606994565532e+02
3.455719936762132183e-01 1.108261788781366164e+02
3.495775574363269023e-01 1.083813993250668659e+02
3.536295501355037896e-01 1.060459334600903816e+02
3.577285099367869536e-01 1.038320997028190504e+02
3.618749812411271027e-01 1.017388214632939594e+02
3.660695147596894072e-01 9.975318346272037218e+01
3.703126675869919948e-01 9.785490093645401544e+01
3.746050032748987069e-01 9.602041725165476294e+01
3.789470919074662825e-01 9.422475020112599964e+01
3.833395101766597923e-01 9.244347969279638733e+01
3.877828414589447603e-01 9.065649525287889787e+01
3.922776758927711827e-01 8.885359119820896012e+01
3.968246104569475019e-01 8.703759911880895572e+01
4.014242490499316252e-01 8.522178316276121279e+01
4.060772025700360999e-01 8.342339612101285695e+01
4.107840889965636011e-01 8.165836186148345632e+01
4.155455334718866078e-01 7.994007330993481730e+01
4.203621683844705470e-01 7.828016916849381346e+01
4.252346334528675498e-01 7.668667630240896926e+01
4.301635758106789886e-01 7.515916615064863038e+01
4.351496500925045585e-01 7.368732777800499889e+01
4.401935185208863954e-01 7.225671537753561324e+01
4.452958509942646081e-01 7.085550509543044484e+01
4.504573251759450558e-01 6.947531035768791696e+01
4.556786265841057948e-01 6.810834379304769470e+01
4.609604486828429160e-01 6.674876883832352803e+01
4.663034929742719270e-01 6.539801975677855239e+01
4.717084690917007217e-01 6.406509368361828649e+01
4.771760948938736924e-01 6.275944784907623841e+01
4.827070965603176278e-01 6.148609516878624959e+01
4.883022086877874535e-01 6.024800548662614119e+01
4.939621743878316318e-01 5.904815958520612895e+01
4.996877453854872697e-01 5.788581832514110204e+01
5.054796821191230860e-01 5.675452129356845887e+01
5.113387538414317923e-01 5.564706910153125818e+01
5.172657387216013092e-01 5.455973567650024592e+01
5.232614239486657048e-01 5.349001887916346476e+01
5.293266058360548421e-01 5.243507131376199482e+01
5.354620899273596635e-01 5.139542326759934099e+01
5.416686911033142815e-01 5.037569267318007604e+01
5.479472336900278462e-01 4.937937421061029397e+01
5.542985515684663023e-01 4.840674002815724464e+01
5.607234882852017988e-01 4.745832662382665745e+01
5.672228971644530660e-01 4.653484316941554511e+01
5.737976414214123189e-01 4.563344306815191231e+01
5.804485942768968787e-01 4.475004759552127354e+01
5.871766390733248464e-01 4.388375426538861745e+01
5.939826693920350342e-01 4.303431478011489730e+01
6.008675891719672535e-01 4.219992608637704734e+01
6.078323128297217215e-01 4.138126995254503271e+01
6.148777653810012511e-01 4.058109766616171754e+01
6.220048825634703071e-01 3.979906840225360298e+01
6.292146109610337046e-01 3.903475676913375736e+01
6.365079081295554886e-01 3.828770284560435755e+01
6.438857427240405329e-01 3.755694432414126993e+01
6.513490946272790794e-01 3.684157058906422577e+01
6.588989550799940753e-01 3.614074875882483440e+01
6.665363268124905316e-01 3.545410220274515467e+01
6.742622241778335468e-01 3.478157591745383570e+01
6.820776732865669878e-01 3.412311069400251995e+01
6.899837121430004716e-01 3.347863442974846748e+01
6.979813907830648700e-01 3.284797909908972713e+01
7.060717714137764167e-01 3.223083216718996624e+01
7.142559285543118586e-01 3.162687509401559538e+01
7.225349491787196321e-01 3.103579746347809731e+01
7.309099328602896017e-01 3.045729676195739444e+01
7.393819919175852462e-01 2.989107816322720623e+01
7.479522515621810363e-01 2.933685431958291545e+01
7.566218500481046716e-01 2.879434515898836366e+01
7.653919388230141507e-01 2.826327768805382235e+01
7.742636826811252204e-01 2.774338580067551518e+01
7.832382599179181781e-01 2.723441009215645892e+01
7.923168624866241405e-01 2.673609767865137599e+01
8.015006961565395160e-01 2.624820202177066264e+01
8.107909806731679048e-01 2.577048275854571813e+01
8.201889499202184020e-01 2.530270692426656609e+01
8.296958520834889494e-01 2.484465176047446633e+01
8.393129498166350677e-01 2.439610067700734675e+01
8.490415204088734846e-01 2.395684216427378743e+01
8.588828559546241026e-01 2.352666966970128470e+01
8.688382635251177266e-01 2.310538147727065095e+01
8.789090653419935339e-01 2.269278059005522152e+01
8.890965989529141522e-01 2.228867461569228681e+01
8.994022174092030086e-01 2.189287565470973718e+01
9.098272894455547988e-01 2.150520019163562679e+01
9.203731996618214062e-01 2.112546898882141377e+01
9.310413487069052474e-01 2.075350698290779761e+01
9.418331534647932379e-01 2.038914318386852287e+01
9.527500472427273825e-01 2.003221057656439186e+01
9.637934799615772707e-01 1.968254602474654291e+01
9.749649183484077053e-01 1.933999017744299920e+01
9.862658461312796554e-01 1.900438737767300523e+01
9.976977642363179521e-01 1.867558557342522718e+01
1.009262190987045615e+00 1.835343623084720122e+01
1.020960662306044986e+00 1.803779348579788078e+01
1.032794731918950104e+00 1.772850905171715752e+01
1.044765971560803308e+00 1.742543568326945902e+01
1.056875971184801477e+00 1.712842992021393229e+01
1.069126339173473994e+00 1.683735199615740896e+01
1.081518702552286326e+00 1.655206573457092389e+01
1.094054707205741162e+00 1.627243844796850425e+01
1.106736018095972218e+00 1.599834084014282531e+01
1.119564319483875581e+00 1.572964691136189685e+01
1.132541315152809203e+00 1.546623386642737863e+01
1.145668728634869460e+00 1.520798202550504818e+01
1.158948303439808925e+00 1.495477473763595633e+01
1.172381803286597357e+00 1.470649829684327692e+01
1.185971012337668551e+00 1.446304186075060372e+01
1.199717735435881671e+00 1.422429737163190744e+01
1.213623798344238169e+00 1.399015947981451902e+01
1.227691047988357376e+00 1.376052546936167253e+01
1.241921352701781833e+00 1.353529518595948389e+01
1.256316602474119026e+00 1.331437096694104483e+01
1.270878709202055257e+00 1.309765749386773059e+01
1.285609606943292516e+00 1.288506003061154814e+01
1.300511252173406351e+00 1.267648451324214953e+01
1.315585624045702007e+00 1.247183926287904754e+01
1.330834724654073264e+00 1.227103499321555446e+01
1.346260579298908633e+00 1.207398474156140722e+01
1.361865236756078401e+00 1.188060380205821609e+01
1.377650769549050969e+00 1.169080966099263996e+01
1.393619274224140003e+00 1.150452193413740076e+01
1.409772871628964586e+00 1.132166230605052704e+01
1.426113707194127000e+00 1.114215447126652059e+01
1.442643951218154141e+00 1.096592407731686869e+01
1.459365799155753374e+00 1.079289866951689092e+01
1.476281471909387077e+00 1.062300763746067211e+01
1.493393216124249800e+00 1.045618216316693783e+01
1.510703304486652465e+00 1.029235517081965590e+01
1.528214036025868250e+00 1.013146127805187291e+01
1.545927736419473675e+00 9.973436748720398981e+00
1.563846758302243289e+00 9.818219447121855126e+00
1.581973481578597518e+00 9.665748789899883064e+00
1.600310313738698254e+00 9.515965096328679707e+00
1.618859690178196420e+00 9.368808924783941450e+00
1.637624074521683681e+00 9.224222220308909925e+00
1.656605958949910251e+00 9.082148439007744045e+00
1.675807864530764357e+00 8.942532504760880130e+00
1.695232341554117506e+00 8.805320767305987673e+00
1.714881969870537537e+00 8.670460961637905584e+00
1.734759359233926546e+00 8.537902168681787529e+00
1.754867149648146718e+00 8.407594777195821933e+00
1.775208011717630985e+00 8.279490446861906605e+00
1.795784647002092393e+00 8.153542072523260131e+00
1.816599788375324875e+00 8.029703749530273882e+00
1.837656200388168903e+00 7.907930740156943195e+00
1.858956679635682452e+00 7.788179441051386043e+00
1.880504055128578100e+00 7.670407351685882169e+00
1.902301188668940934e+00 7.554573043772656149e+00
1.924350975230327832e+00 7.440636131612729187e+00
1.946656343342259454e+00 7.328557243346785377e+00
1.969220255479166903e+00 7.218297993077873898e+00
1.992045708453865194e+00 7.109820869988824121e+00
2.015135733815553110e+00 7.003088901555343249e+00
2.038493398252459343e+00 6.898065932529108935e+00
2.062121803999140468e+00 6.794716725006899161e+00
2.086024089248501578e+00 6.693006933137941594e+00
2.110203428568589779e+00 6.592903078573053577e+00
2.134663033324239123e+00 6.494372526656756683e+00
2.159406152103561904e+00 6.397383463336430154e+00
2.184436071149423508e+00 6.301904872764811927e+00
2.209756114795899062e+00 6.207906515573212936e+00
2.235369645909789149e+00 6.115358907791946130e+00
2.261280066337272743e+00 6.024233300397617619e+00
2.287490817355697814e+00 5.934501659465648338e+00
2.314005380130648604e+00 5.846136646908403733e+00
2.340827276178290006e+00 5.759111601779245859e+00
2.367960067833074778e+00 5.673400522124327772e+00
2.395407358720871738e+00 5.588978047363617030e+00
2.423172794237594019e+00 5.505819441184061525e+00
2.451260062033334020e+00 5.423900574928380180e+00
2.479672892502154724e+00 5.343197912010117179e+00
2.508415059277536496e+00 5.263688498230580493e+00
2.537490379733563284e+00 5.185349943917211490e+00
2.566902715491944598e+00 5.108160404659474629e+00
2.596655972934865719e+00 5.032098566884574353e+00
2.626754103723832223e+00 4.957143633921469394e+00
2.657201105324501267e+00 4.883275312456700767e+00
2.688001021537603119e+00 4.810473799370551973e+00
2.719157943036010661e+00 4.738719768940872434e+00
2.750676007908059884e+00 4.667994360402671461e+00
2.782559402207119170e+00 4.598279165852874328e+00
2.814812360507575661e+00 4.529556218488167474e+00
2.847439166467243155e+00 4.461807981166620252e+00
2.880444153396288787e+00 4.395017335282068061e+00
2.913831704832780201e+00 4.329167569941458460e+00
2.947606255124850971e+00 4.264242371436261614e+00
2.981772290019666816e+00 4.200225812997838482e+00
3.016334347259191695e+00 4.137102344828706535e+00
3.051297017182866167e+00 4.074856784400756382e+00
3.086664943337265488e+00 4.013474309587384603e+00
3.122442823092849373e+00 3.952940564227862108e+00
3.158635408267811417e+00 3.893241686655843470e+00
3.195247505759207129e+00 3.834364141288879591e+00
3.232283978181375250e+00 3.776294698083713097e+00
3.269749744511758038e+00 3.719020424855097762e+00
3.307649780744232881e+00 3.662528679791260622e+00
3.345989120549966334e+00 3.606807104158912036e+00
3.384772855945975767e+00 3.551843615193376547e+00
3.424006137971419506e+00 3.497626399167609978e+00
3.463694177371722915e+00 3.444143904635563302e+00
3.503842245290665680e+00 3.391384835844351908e+00
3.544455673970426268e+00 3.339338146310754762e+00
3.585539857459808299e+00 3.287993032557021689e+00
3.627100252330640817e+00 3.237338928001764149e+00
3.669142378402487914e+00 3.187365497001124925e+00
3.711671819475755196e+00 3.138062629036484363e+00
3.754694224073326314e+00 3.089420433044152592e+00
3.798215306190726892e+00 3.041429231883213014e+00
3.842240846055053005e+00 2.994079556984583945e+00
3.886776690892660646e+00 2.947362227700738302e+00
3.931828755705757406e+00 2.901268512099580033e+00
3.977403024058025149e+00 2.855789898365465262e+00
4.023505548869283466e+00 2.810918039397616308e+00
4.070142453219429690e+00 2.766644748818423594e+00
4.117319931161670610e+00 2.722961997074101692e+00
4.165044248545179073e+00 2.679861907625372019e+00
4.213321743847276757e+00 2.637336753225869579e+00
4.262158829015312733e+00 2.595378952286091057e+00
4.311561990318218740e+00 2.553981065321050625e+00
4.361537789207996951e+00 2.513135791479383041e+00
4.412092863191181991e+00 2.472835965151868542e+00
4.463233926710382882e+00 2.433074552657896739e+00
4.514967772036088789e+00 2.393844649007566439e+00
4.567301270168734995e+00 2.355139474737878214e+00
4.620241371751302673e+00 2.316952372821289075e+00
4.673795107992455122e+00 2.279276805644934623e+00
4.727969591600383659e+00 2.242106352058824026e+00
4.782772017727470626e+00 2.205434704491453957e+00
4.838209664925944509e+00 2.169255700427680011e+00
4.894289896114520033e+00 2.133563527545923044e+00
4.951020159556341227e+00 2.098352566434052324e+00
5.008407989848203457e+00 2.063617276107082343e+00
5.066461008921252507e+00 2.029352191795178673e+00
5.125186927053318797e+00 1.995551923255783011e+00
5.184593543892900058e+00 1.962211153124011398e+00
5.244688749495107771e+00 1.929324635300719848e+00
5.305480525369564937e+00 1.896887193377452041e+00
5.366976945540468336e+00 1.864893719097605818e+00
5.429186177618927189e+00 1.833339170853233169e+00
5.492116483887774514e+00 1.802218572216556014e+00
5.555776222398865372e+00 1.771527010505878241e+00
5.620173848083176438e+00 1.741259635384998505e+00
5.685317913873744189e+00 1.711411657495683469e+00
5.751217071841596251e+00 1.681978347122409012e+00
5.817880074344919272e+00 1.652955032888998144e+00
5.885315775191436671e+00 1.624337100486374252e+00
5.953533130814357754e+00 1.596119991431042440e+00
6.022541201461917737e+00 1.568299209387551185e+00
6.092349152400691636e+00 1.540870463787739730e+00
6.162966255132924509e+00 1.513829646364043269e+00
6.234401888627847832e+00 1.487172684603047967e+00
6.306665540567391481e+00 1.460895535622202424e+00
6.379766808606270878e+00 1.434994185842068726e+00
6.453715401646691774e+00 1.409464650669293162e+00
6.528521141127827221e+00 1.384302974190044777e+00
6.604193962330286993e+00 1.359505228873654215e+00
6.680743915695598112e+00 1.335067515286386897e+00
6.758181168161097041e+00 1.310985961814936651e+00
6.836516004510227340e+00 1.287256724399570285e+00
6.915758828738503894e+00 1.263875986276646879e+00
6.995920165435354221e+00 1.240839957730292653e+00
7.077010661181871498e+00 1.218144875853051978e+00
7.159041085964872764e+00 1.195787004315298940e+00
7.242022334607302270e+00 1.173762633143158318e+00
7.325965428215218900e+00 1.152068078504767890e+00
7.410881515641548845e+00 1.130699682504726855e+00
7.496781874966857551e+00 1.109653813463506555e+00
7.583677914997172920e+00 1.088926927409151091e+00
7.671581176779286970e+00 1.068515622607507431e+00
7.760503335133557279e+00 1.048416522981332033e+00
7.850456200204484425e+00 1.028626263271182673e+00
7.941451719029317680e+00 1.009141489430342320e+00
8.033501977124714699e+00 9.899588590139907218e-01
8.126619200091928619e+00 9.710750415624707088e-01
8.220815755240526101e+00 9.524867189785635180e-01
8.316104153230948981e+00 9.341905858988004407e-01
8.412497049736094468e+00 9.161833500586650247e-01
8.510007247122224783e+00 8.984617326516187719e-01
8.608647696149226647e+00 8.810224686819871920e-01
8.708431497690707346e+00 8.638623073115194728e-01
8.809371904473977111e+00 8.469780121996490774e-01
8.911482322840175385e+00 8.303663618374135247e-01
9.014776314524892697e+00 8.140241498749132276e-01
9.119267598459275703e+00 7.979481854423541298e-01
9.224970052592155412e+00 7.821352934645628974e-01
9.331897715733223464e+00 7.665823149689675597e-01
9.440064789417590418e+00 7.512861253289915275e-01
9.549485639791939207e+00 7.362436949367748840e-01
9.660174799522621925e+00 7.214520255338072730e-01
9.772146969725703514e+00 7.069081268853251165e-01
9.885417021919554514e+00 6.926090174472872008e-01
9.999999999999984013e+00 6.785517250184038840e-01
