1.000000000000000048e-04 3.070162296343919905e+01
1.011591112223829728e-04 3.104590354042675671e+01
1.023316578330244966e-04 3.139404166673494245e+01
1.035177955630176363e-04 3.174608043850545513e+01
1.047176819485520245e-04 3.210206341930367557e+01
1.059314763518370031e-04 3.246203465633112017e+01
1.071593399822671198e-04 3.282603868589659157e+01
1.084014359178330883e-04 3.319412053879974422e+01
1.096579291267809898e-04 3.356632574577799488e+01
1.109289864895222780e-04 3.394270034300985373e+01
1.122147768207980425e-04 3.432329087769106479e+01
1.135154708920999033e-04 3.470814442956103818e+01
1.148312414543511137e-04 3.509730864909524684e+01
1.161622632608502026e-04 3.549083172660423458e+01
1.175087130904807752e-04 3.588876238962622978e+01
1.188707697711903445e-04 3.629114990889368642e+01
1.202486142037412301e-04 3.669804410436565689e+01
1.216424293857368039e-04 3.710949535132808563e+01
1.230524004359261579e-04 3.752555458655995579e+01
1.244787146187906256e-04 3.794627331003435700e+01
1.259215613694151213e-04 3.837170348894376559e+01
1.273811323186478520e-04 3.880189755743894864e+01
1.288576213185518003e-04 3.923690852170688714e+01
1.303512244681509209e-04 3.967678997081142001e+01
1.318621401394748729e-04 4.012159608299014479e+01
1.333905690039058638e-04 4.057138163201587844e+01
1.349367140588306701e-04 4.102620199362666398e+01
1.365007806546013845e-04 4.148611315202288807e+01
1.380829765218092534e-04 4.195117173787608778e+01
1.396835117988739897e-04 4.242143517976438716e+01
1.413025990599533870e-04 4.289696160436457006e+01
1.429404533431761061e-04 4.337780978580634894e+01
1.445972921792019735e-04 4.386403915280882870e+01
1.462733356201130139e-04 4.435570979594664465e+01
1.479688062686396383e-04 4.485288247499750725e+01
1.496839293077255632e-04 4.535561862637010933e+01
1.514189325304352289e-04 4.586398036897219299e+01
1.531740463702080011e-04 4.637803037557663544e+01
1.549495039314631917e-04 4.689783177045692497e+01
1.567455410205595065e-04 4.742344834342025450e+01
1.585623961771137158e-04 4.795494458046033515e+01
1.604003107056820173e-04 4.849238567116884013e+01
1.622595287078087273e-04 4.903583751622340259e+01
1.641402971144466632e-04 4.958536673495326852e+01
1.660428657187529853e-04 5.014104067298008971e+01
1.679674872092653496e-04 5.070292742363940164e+01
1.699144172034626271e-04 5.127109597163168075e+01
1.718839142817145805e-04 5.184561615031735471e+01
1.738762400216250798e-04 5.242655856364191891e+01
1.758916590327733002e-04 5.301399459324909458e+01
1.779304389918577567e-04 5.360799640693713997e+01
1.799928506782476725e-04 5.420863696720386571e+01
1.820791680099462630e-04 5.481599003988789320e+01
1.841896680799711133e-04 5.543013020287239812e+01
1.863246311931559835e-04 5.605113280578856916e+01
1.884843409033795745e-04 5.667907387173985967e+01
1.906690840512252356e-04 5.731403022335329922e+01
1.928791508020778235e-04 5.795607952041041244e+01
1.951148346846616683e-04 5.860530026875627385e+01
1.973764326300255834e-04 5.926177182929748710e+01
1.996642450109793916e-04 5.992557442709335191e+01
2.019785756819878484e-04 6.059678916054058107e+01
2.043197320195270865e-04 6.127549800753183717e+01
2.066880249629082160e-04 6.196178375882125522e+01
2.090837690555750453e-04 6.265573001928857622e+01
2.115072824868795298e-04 6.335742129331978134e+01
2.139588871343421834e-04 6.406694299807489301e+01
2.164389086064020889e-04 6.478438147303219807e+01
2.189476762856621176e-04 6.550982398963019193e+01
2.214855233726359721e-04 6.624335876100430198e+01
2.240527869300018495e-04 6.698507495181949878e+01
2.266498079273692845e-04 6.773506269403529245e+01
2.292769312865648918e-04 6.849341312536570570e+01
2.319345059274427814e-04 6.926021837922993996e+01
2.346228848142263134e-04 7.003557158330660570e+01
2.373424250023866691e-04 7.081956686991654237e+01
2.400934876860652035e-04 7.161229938652317628e+01
2.428764382460451090e-04 7.241386530634191843e+01
2.456916462982790305e-04 7.322436183905087148e+01
2.485394857429798965e-04 7.404388724021288226e+01
2.514203348142797370e-04 7.487254068957540198e+01
2.543345761304648903e-04 7.571042218512046418e+01
2.572825967447932359e-04 7.655763276197207290e+01
2.602647881969005024e-04 7.741427452806651388e+01
2.632815465648020731e-04 7.828045067499901677e+01
2.663332725174980963e-04 7.915626548897397186e+01
2.694203713681882413e-04 8.004182436185752181e+01
2.725432531281028249e-04 8.093723380233174680e+01
2.757023325609583289e-04 8.184260144442467322e+01
2.788980292380439777e-04 8.275803603013029885e+01
2.821307675939471824e-04 8.368364743071582268e+01
2.854009769829237591e-04 8.461954667714282152e+01
2.887090917359235484e-04 8.556584597198870767e+01
2.920555512182745244e-04 8.652265870116993085e+01
2.954407998880380793e-04 8.749009944577386477e+01
2.988652873550383024e-04 8.846828399399373666e+01
3.023294684405777215e-04 8.945732935314948975e+01
3.058338032378432473e-04 9.045735365696731378e+01
3.093787571730137595e-04 9.146847593375014185e+01
3.129648010670751349e-04 9.249081637703372394e+01
3.165924111983521496e-04 9.352449642488298309e+01
3.202620693657651165e-04 9.456963877183915201e+01
3.239742629528196056e-04 9.562636738097089051e+01
3.277294849923383015e-04 9.669480749602328729e+01
3.315282342319423692e-04 9.777508565366656512e+01
3.353710152002930081e-04 9.886732969171792718e+01
3.392583382740992667e-04 9.997166865261407054e+01
3.431907197459043682e-04 1.010882327793577105e+02
3.471686818926560223e-04 1.022171536406077763e+02
3.511927530450728672e-04 1.033585641492258986e+02
3.552634676578139803e-04 1.045125985748359767e+02
3.593813663804626239e-04 1.056793925564791721e+02
3.635469961293318715e-04 1.068590831153733518e+02
3.677609101601031711e-04 1.080518086677691088e+02
3.720236681413067385e-04 1.092577089569775666e+02
3.763358362286533740e-04 1.104769246490550501e+02
3.806979871402285448e-04 1.117095976314837884e+02
3.851107002325569739e-04 1.129558712040501547e+02
3.895745615775502574e-04 1.142158900915680277e+02
3.940901640403448279e-04 1.154898004563717109e+02
3.986581073580439810e-04 1.167777499108932062e+02
4.032789982193706307e-04 1.180798875303202777e+02
4.079534503452450522e-04 1.193963638641902207e+02
4.126820845702952557e-04 1.207273308232761480e+02
4.174655289253135972e-04 1.220729415716319863e+02
4.223044187206673248e-04 1.234333507437267485e+02
4.271993966306778055e-04 1.248087144829970754e+02
4.321511127789762923e-04 1.261991904545128307e+02
4.371602248248503283e-04 1.276049378577092597e+02
4.422273980505898373e-04 1.290261174391973782e+02
4.473533054498464575e-04 1.304628915056445067e+02
4.525386278170167947e-04 1.319154238825900620e+02
4.577840538376617388e-04 1.333838793215661553e+02
4.630902801799738800e-04 1.348684237020642058e+02
4.684580115873046222e-04 1.363692244558099276e+02
4.738879609717652546e-04 1.378864505861325824e+02
4.793808495089108153e-04 1.394202726798188507e+02
4.849374067335234439e-04 1.409708629190092495e+02
4.905583706365046568e-04 1.425383950931419861e+02
4.962444877628915604e-04 1.441230446108985177e+02
5.019965133110080614e-04 1.457249882991775962e+02
5.078152112327671743e-04 1.473444038867890526e+02
5.137013543351340219e-04 1.489814705586950083e+02
5.196557243827659538e-04 1.506363691170465415e+02
5.256791122018420349e-04 1.523092819919916678e+02
5.317723177850967571e-04 1.540003932524884362e+02
5.379361503980699009e-04 1.557098886171224024e+02
5.441714286865889172e-04 1.574379554649329407e+02
5.504789807854969502e-04 1.591847828282160719e+02
5.568596444286410272e-04 1.609505608878942553e+02
5.633142670601353798e-04 1.627354808821052927e+02
5.698437059469137721e-04 1.645397356671286957e+02
5.764488282925875340e-04 1.663635197587312291e+02
5.831305113526219844e-04 1.682070293415125093e+02
5.898896425508494586e-04 1.700704622782170077e+02
5.967271195973311917e-04 1.719540181190042176e+02
6.036438506075865983e-04 1.738578981106894616e+02
6.106407542232038244e-04 1.757823050199086197e+02
6.177187597338490302e-04 1.777274421274346707e+02
6.248788072006889295e-04 1.796935139057516153e+02
6.321218475812450180e-04 1.816807264756936888e+02
6.394488428556939106e-04 1.836892876142604791e+02
6.468607661546322196e-04 1.857194067612898607e+02
6.543586018883232108e-04 1.877712950260352898e+02
6.619433458774390093e-04 1.898451651936366886e+02
6.696160054853217717e-04 1.919412317269510595e+02
6.773775997517746681e-04 1.940597101960899238e+02
6.852291595284059830e-04 1.962008166843389745e+02
6.931717276155402148e-04 1.983647687618202156e+02
7.012063589007179638e-04 2.005517856196678110e+02
7.093341204987991394e-04 2.027620880735649962e+02
7.175560918936924699e-04 2.049958985671081280e+02
7.258733650817247602e-04 2.072534411750040704e+02
7.342870447166760257e-04 2.095349416060952876e+02
7.427982482564913450e-04 2.118406271087709456e+02
7.514081061116963198e-04 2.141707253140998546e+02
7.601177617955326210e-04 2.165254645638878515e+02
7.689283720758308604e-04 2.189050747275508400e+02
7.778411071286484360e-04 2.213097872182192134e+02
7.868571506936848170e-04 2.237398349919529039e+02
7.959777002314981234e-04 2.261954525466870223e+02
8.052039670825472846e-04 2.286768759209456334e+02
8.145371766280737639e-04 2.311843426922401079e+02
8.239785684528515806e-04 2.337180914771187759e+02
8.335293965098190729e-04 2.362783606140439758e+02
8.431909292866253619e-04 2.388653894708581902e+02
8.529644499741018170e-04 2.414794188243504323e+02
8.628512566366892044e-04 2.441206908541610687e+02
8.728526623848374341e-04 2.467894491363628049e+02
8.829699955494085860e-04 2.494859386366633487e+02
8.932045998580961195e-04 2.522104057032717890e+02
9.035578346138924653e-04 2.549630980274224612e+02
9.140310748756226740e-04 2.577442636422162536e+02
9.246257116405735008e-04 2.605541506705542361e+02
9.353431520292382036e-04 2.633930084136376308e+02
9.461848194721997124e-04 2.662610874075747347e+02
9.571521538991858893e-04 2.691586394112443941e+02
9.682466119303117331e-04 2.720859173937135438e+02
9.794696670695391023e-04 2.750431755212073313e+02
9.908228099003791103e-04 2.780306691436047117e+02
1.002307548283864732e-03 2.810486544944335492e+02
1.013925407558814544e-03 2.840973870259076079e+02
1.025677930744421434e-03 2.871771224402909297e+02
1.037566678745185456e-03 2.902881174294029165e+02
1.049593230558226948e-03 2.934306296576559703e+02
1.061759183482999420e-03 2.966049177422428329e+02
1.074066153333433013e-03 2.998112412327907919e+02
1.086515774652537783e-03 3.030498605904154488e+02
1.099109700929496542e-03 3.063210371609286540e+02
1.111849604819270662e-03 3.096250323593065445e+02
1.124737178364751356e-03 3.129621067544763378e+02
1.137774133221490730e-03 3.163325214248687303e+02
1.150962200885031431e-03 3.197365381286143702e+02
1.164303132920876341e-03 3.231744192761350973e+02
1.177798701197118681e-03 3.266464279020971162e+02
1.191450698119775244e-03 3.301528276366706223e+02
1.205260936870841855e-03 3.336938826761358996e+02
1.219231251649110278e-03 3.372698576574079539e+02
1.233363497913775222e-03 3.408810164191443164e+02
1.247659552630868939e-03 3.445276222721944350e+02
1.262121314522546408e-03 3.482099388467391918e+02
1.276750704319265127e-03 3.519282300768286404e+02
1.291549665014883131e-03 3.556827601642578998e+02
1.306520162124720367e-03 3.594737935416949881e+02
1.321664183946604648e-03 3.633015948350454778e+02
1.336983741824946011e-03 3.671664288250195796e+02
1.352480870417874584e-03 3.710685596902231964e+02
1.368157627967470829e-03 3.750082489528036831e+02
1.384016096573131068e-03 3.789857573884709723e+02
1.400058382468096939e-03 3.830013455900243002e+02
1.416286616299197981e-03 3.870552739208356456e+02
1.432702953409829925e-03 3.911478024674460698e+02
1.449309574126215940e-03 3.952791909912976394e+02
1.466108684046983808e-03 3.994496988796070127e+02
1.483102514336103470e-03 4.036595850601638631e+02
1.500293322019217047e-03 4.079091067574773888e+02
1.517683390283404692e-03 4.121985190911226482e+02
1.535275028780421847e-03 4.165280763878699304e+02
1.553070573933459063e-03 4.208980322161357890e+02
1.571072389247449340e-03 4.253086393286009752e+02
1.589282865622977398e-03 4.297601496039158633e+02
1.607704421673822760e-03 4.342528139874347062e+02
1.626339504048191073e-03 4.387868824310181139e+02
1.645190587753661863e-03 4.433626031903395415e+02
1.664260176485902803e-03 4.479802188491742641e+02
1.683550802961201673e-03 4.526399686442964025e+02
1.703065029252843121e-03 4.573420902595353255e+02
1.722805447131393322e-03 4.620868197610278116e+02
1.742774678408918554e-03 4.668743915243781544e+02
1.762975375287204483e-03 4.717050381607903091e+02
1.783410220710006724e-03 4.765789904421555434e+02
1.804081928719382128e-03 4.814964772125544528e+02
1.824993244816151307e-03 4.864577230795918013e+02
1.846146946324546618e-03 4.914629456319379983e+02
1.867545842761074654e-03 4.965123593811129581e+02
1.889192776207665675e-03 5.016061762821991579e+02
1.911090621689137074e-03 5.067446056456163319e+02
1.933242287555043959e-03 5.119278540477701540e+02
1.955650715865948734e-03 5.171561252406318090e+02
1.978318882784163655e-03 5.224296200601943383e+02
2.001249798969035980e-03 5.277485358200714245e+02
2.024446509976802599e-03 5.331130592868976237e+02
2.047912096665084614e-03 5.385233681067362568e+02
2.071649675602067840e-03 5.439796359404195982e+02
2.095662399480431679e-03 5.494820324853200191e+02
2.119953457536069303e-03 5.550307233654921220e+02
2.144526075971666789e-03 5.606258700207329184e+02
2.169383518385183292e-03 5.662676295944741014e+02
2.194529086203312468e-03 5.719561548206435191e+02
2.219966119119953351e-03 5.776915921523986981e+02
2.245697995539773072e-03 5.834740764119444520e+02
2.271728133026903931e-03 5.893037356134083211e+02
2.298059988758849835e-03 5.951806924745750393e+02
2.324697059985647227e-03 6.011050642899847389e+02
2.351642884494347698e-03 6.070769628029870546e+02
2.378901041078892130e-03 6.130964940767875078e+02
2.406475150015422761e-03 6.191637583644928782e+02
2.434368873543109931e-03 6.252788497895387536e+02
2.462585916350545565e-03 6.314418492166398664e+02
2.491130026067787072e-03 6.376528217291333931e+02
2.520004993764090716e-03 6.439118247972725158e+02
2.549214654451422042e-03 6.502189087205741771e+02
2.578762887593799742e-03 6.565741164793472535e+02
2.608653617622546696e-03 6.629774835853941113e+02
2.638890814457508453e-03 6.694290379319293152e+02
2.669478494034319832e-03 6.759287996427885901e+02
2.700420718837771242e-03 6.824767802570495405e+02
2.731721598441374903e-03 6.890729782970313408e+02
2.763385290053167829e-03 6.957173816318490935e+02
2.795415999067855668e-03 7.024099694363377466e+02
2.827817979625339880e-03 7.091507120415983536e+02
2.860595535175740160e-03 7.159395707752159979e+02
2.893753019050949830e-03 7.227764978011132371e+02
2.927294835042814833e-03 7.296614359589647165e+02
2.961225437988033050e-03 7.365943185772871402e+02
2.995549334359811234e-03 7.435750636883311699e+02
3.030271082866395349e-03 7.506035665495749072e+02
3.065395295056525492e-03 7.576797100041918611e+02
3.100926635931925118e-03 7.648033659886588111e+02
3.136869824566874444e-03 7.719743953586105363e+02
3.173229634734975584e-03 7.791926477148480217e+02
3.210010895543170123e-03 7.864579612295722200e+02
3.247218492073126669e-03 7.937701624729095329e+02
3.284857366030041314e-03 8.011290661368584551e+02
3.322932516398970689e-03 8.085344733823181969e+02
3.361449000108763119e-03 8.159861719484648575e+02
3.400411932703704086e-03 8.234839371417118628e+02
3.439826489022923713e-03 8.310275316951449440e+02
3.479697903887689868e-03 8.386167055970084903e+02
3.520031472796677097e-03 8.462511959201324316e+02
3.560832552629275994e-03 8.539307266524051556e+02
3.602106562357069216e-03 8.616550085283213321e+02
3.643858983763542669e-03 8.694237236091091745e+02
3.686095362172155891e-03 8.772364769578828145e+02
3.728821307182831907e-03 8.850928408863453569e+02
3.772042493416996253e-03 8.929923703677310414e+02
3.815764661271247096e-03 9.009346028298100464e+02
3.859993617679764906e-03 9.089190579506101813e+02
3.904735236885557934e-03 9.169452374569066251e+02
3.949995461220641955e-03 9.250126249258058806e+02
3.995780301895267457e-03 9.331206878815299888e+02
4.042095839796303568e-03 9.412689708586723327e+02
4.088948226294858955e-03 9.494571315245126470e+02
4.136343684063272831e-03 9.576848255414054165e+02
4.184288507901578850e-03 9.659516977804156568e+02
4.232789065573546415e-03 9.742573822381444870e+02
4.281851798652410411e-03 9.826015019551878140e+02
4.331483223376396928e-03 9.909836689363010009e+02
4.381689931514188077e-03 9.994034840723869593e+02
4.432478591240393562e-03 1.007860450874320918e+03
4.483855948021185124e-03 1.016353388504572990e+03
4.535828825510184945e-03 1.024880765127462837e+03
4.588404126454754574e-03 1.033440999555247799e+03
4.641588833612774606e-03 1.042032462535822788e+03
4.695390010680057340e-03 1.050653476366829182e+03
4.749814803228498243e-03 1.059302314536080303e+03
4.804870439655126689e-03 1.067977201389333459e+03
4.860564232142133151e-03 1.076676314060925051e+03
4.916903577628024651e-03 1.085398372972373636e+03
4.973895958790060245e-03 1.094143463612562982e+03
5.031548945038048955e-03 1.102911885822391923e+03
5.089870193519678392e-03 1.111703959860409668e+03
5.148867450137491197e-03 1.120520026624805496e+03
5.208548550577657595e-03 1.129360447875403224e+03
5.268921421350668960e-03 1.138225606455921252e+03
5.329994080844086858e-03 1.147115906516763971e+03
5.391774640387498457e-03 1.156031696679216111e+03
5.454271305329828380e-03 1.164972089286864730e+03
5.517492376129119747e-03 1.173935152901802894e+03
5.581446249454959617e-03 1.182918875893310769e+03
5.646141419303662458e-03 1.191921194991489983e+03
5.711586478126426739e-03 1.200939995088269825e+03
5.777790117970500218e-03 1.209973109074061995e+03
5.844761131633627142e-03 1.219018317711200325e+03
5.912508413831872763e-03 1.228073349545618385e+03
5.981040962380937930e-03 1.237136056139462880e+03
6.050367879391214433e-03 1.246204997242895843e+03
6.120498372476694711e-03 1.255278910910005607e+03
6.191441755977841743e-03 1.264356516066560289e+03
6.263207452198682815e-03 1.273436512612785691e+03
6.335804992658246836e-03 1.282517581537943897e+03
6.409244019356445839e-03 1.291598385044925408e+03
6.483534286054717238e-03 1.300677566684947351e+03
6.558685659571428586e-03 1.309753747934936428e+03
6.634708121092339726e-03 1.318825368639661519e+03
6.711611767496278476e-03 1.327890617614454186e+03
6.789406812696106158e-03 1.336947637903611849e+03
6.868103588995296514e-03 1.345994543495976359e+03
6.947712548460231209e-03 1.355029419564338468e+03
7.028244264308346374e-03 1.364050322726539434e+03
7.109709432312428558e-03 1.373055281328584215e+03
7.192118872221184116e-03 1.382042295750077301e+03
7.275483529196219955e-03 1.391009337054954131e+03
7.359814475265760887e-03 1.399954335289381788e+03
7.445122910795134823e-03 1.408875186510206277e+03
7.531420165974363201e-03 1.417769759657563782e+03
7.618717702322989373e-03 1.426635897024761789e+03
7.707027114212296713e-03 1.435471414709689725e+03
7.796360130405225256e-03 1.444274103091221150e+03
7.886728615614147300e-03 1.453041727331003813e+03
7.978144572076614760e-03 1.461772027787185834e+03
8.070620141149495441e-03 1.470462682972858374e+03
8.164167604921463567e-03 1.479111254434697457e+03
8.258799387844257406e-03 1.487715263813095135e+03
8.354528058382861000e-03 1.496272207117381868e+03
8.451366330684714073e-03 1.504779555434561416e+03
8.549327066268371661e-03 1.513234755669328251e+03
8.648423275731715806e-03 1.521635231315655574e+03
8.748668120479906676e-03 1.529978383260275905e+03
8.850074914473426979e-03 1.538261585549544407e+03
8.952657125996391421e-03 1.546482103426665390e+03
9.056428379445279064e-03 1.554637105758287134e+03
9.161402457138508384e-03 1.562723736530009774e+03
9.267593301146874116e-03 1.570739118180702917e+03
9.375015015145274355e-03 1.578680352683200226e+03
9.483681866285915280e-03 1.586544522663108864e+03
9.593608287093137454e-03 1.594328692555679481e+03
9.704808877380292215e-03 1.602029909800869518e+03
9.817298406188829443e-03 1.609645174796867877e+03
9.931091813749784100e-03 1.617171332067728827e+03
1.004620421346811773e-02 1.624605170201324881e+03
1.016265089392994099e-02 1.631943462176299136e+03
1.028044732093308204e-02 1.639182966879311834e+03
1.039960913954119000e-02 1.646320430665295135e+03
1.052015217616157974e-02 1.653352588962418849e+03
1.064209244064722934e-02 1.660276167921187607e+03
1.076544612842314681e-02 1.667087884352636593e+03
1.089022962263729542e-02 1.673784360762615051e+03
1.101645949633655273e-02 1.680362085704798346e+03
1.114415251466786827e-02 1.686817532071401729e+03
1.127332563710485222e-02 1.693147169055234372e+03
1.140399601970031561e-02 1.699347464233738719e+03
1.153618101736477233e-02 1.705414885702111405e+03
1.166989818617145645e-02 1.711345904254099423e+03
1.180516528568804208e-02 1.717136995609785117e+03
1.194200028133531391e-02 1.722784620629086476e+03
1.208042134677327073e-02 1.728285060643774159e+03
1.222044686631487166e-02 1.733634510384785244e+03
1.236209543736768203e-02 1.738829174557243732e+03
1.250538587290389754e-02 1.743865271307909097e+03
1.265033720395902610e-02 1.748739035005815140e+03
1.279696868215939552e-02 1.753446719072702990e+03
1.294529978227914289e-02 1.757984598861205995e+03
1.309535020482666470e-02 1.762348974411246900e+03
1.324713987866115404e-02 1.766536102284413801e+03
1.340068896363949026e-02 1.770542087080492138e+03
1.355601785329367710e-02 1.774363036473126385e+03
1.371314717753943473e-02 1.777995092991444835e+03
1.387209780541619544e-02 1.781434437451680878e+03
1.403289084785870784e-02 1.784677292431415026e+03
1.419554766050099524e-02 1.787719925783302415e+03
1.436008984651259215e-02 1.790558654184962052e+03
1.452653925946778904e-02 1.793189838098424616e+03
1.469491800624815429e-02 1.795609735166097835e+03
1.486524844997855720e-02 1.797814522305798391e+03
1.503755321299736145e-02 1.799800433776561249e+03
1.521185517986103040e-02 1.801563769965344136e+03
1.538817750038344936e-02 1.803100901477997240e+03
1.556654359271059974e-02 1.804408273251014862e+03
1.574697714643085236e-02 1.805482408679328046e+03
1.592950212572120244e-02 1.806319913754972276e+03
1.611414277253018015e-02 1.806917450714346842e+03
1.630092360979739502e-02 1.807271629506811450e+03
1.648986944471062324e-02 1.807379113133012652e+03
1.668100537200057146e-02 1.807236663980685080e+03
1.687435677727374198e-02 1.806841148247571937e+03
1.706994934038405520e-02 1.806189540343389126e+03
1.726780903884354151e-02 1.805278927269796668e+03
1.746796215127244256e-02 1.804106512971699431e+03
1.767043526088944369e-02 1.802669622237344129e+03
1.787525525904233581e-02 1.800965682242325101e+03
1.808244934877948837e-02 1.798992215167263112e+03
1.829204504846291754e-02 1.796746874548310416e+03
1.850407019542300510e-02 1.794227452369630328e+03
1.871855294965576663e-02 1.791431883191984980e+03
1.893552179756293266e-02 1.788358248204323900e+03
1.915500555573526609e-02 1.785004779190884847e+03
1.937703337477986176e-02 1.781369862406107359e+03
1.960163474319183419e-02 1.777452059803392785e+03
1.982883949127068474e-02 1.773250251443227626e+03
2.005867779508231641e-02 1.768763563459942134e+03
2.029118018046676200e-02 1.763991288681796732e+03
2.052637752709248961e-02 1.758932888763435585e+03
2.076430107255772262e-02 1.753587996930007193e+03
2.100498241653913495e-02 1.747956420575475022e+03
2.124845352498879944e-02 1.742038143708708731e+03
2.149474673437978475e-02 1.735833329574821391e+03
2.174389475600078253e-02 1.729342509163923296e+03
2.199593068030071888e-02 1.722566888996926309e+03
2.225088798128367282e-02 1.715507930256065720e+03
2.250880052095458397e-02 1.708167266592207170e+03
2.276970255381677299e-02 1.700546704287659622e+03
2.303362873142129202e-02 1.692648222241042276e+03
2.330061410696921201e-02 1.684473971771648621e+03
2.357069413996725274e-02 1.676026276241212372e+03
2.384390470093718586e-02 1.667307669523571576e+03
2.412028207618003781e-02 1.658321618647007426e+03
2.439986297259547771e-02 1.649072436124800788e+03
2.468268452255688306e-02 1.639564593293112694e+03
2.496878428884323833e-02 1.629802690743675612e+03
2.525820026962782502e-02 1.619791454554132542e+03
2.555097090352503181e-02 1.609535732408399554e+03
2.584713507469561106e-02 1.599040489611463954e+03
2.614673211801089858e-02 1.588310805003267205e+03
2.644980182427715890e-02 1.577352196043859522e+03
2.675638444552042375e-02 1.566171883185398201e+03
2.706652070033239293e-02 1.554777620523678252e+03
2.738025177927854228e-02 1.543177184793710239e+03
2.769761935036888292e-02 1.531378367672202103e+03
2.801866556459190957e-02 1.519388968351400990e+03
2.834343306151305975e-02 1.507216786259642276e+03
2.867196497493766996e-02 1.494869613935593406e+03
2.900430493863987227e-02 1.482355251703661452e+03
2.934049709215783702e-02 1.469682813142939722e+03
2.968058608665600367e-02 1.456863415292811624e+03
3.002461709085545161e-02 1.443908199258257810e+03
3.037263579703308389e-02 1.430828134034354207e+03
3.072468842709001266e-02 1.417634007723389686e+03
3.108082173869059980e-02 1.404336419385728504e+03
3.144108303147261779e-02 1.390945771516342575e+03
3.180552015332915178e-02 1.377472263138000244e+03
3.217418150676367578e-02 1.363926118377842613e+03
3.254711605531845214e-02 1.350319536357703100e+03
3.292437333007763867e-02 1.336665596730545758e+03
3.330600343624585263e-02 1.322977018040757002e+03
3.369205705980264642e-02 1.309266140267070341e+03
3.408258547423447665e-02 1.295544921349923470e+03
3.447764054734461098e-02 1.281824934768556432e+03
3.487727474814172890e-02 1.268117368121766049e+03
3.528154115380878475e-02 1.254433024377602806e+03
3.569049345675226470e-02 1.240783624968618142e+03
3.610418597173332272e-02 1.227184042799095323e+03
3.652267364308171838e-02 1.213649166829083697e+03
3.694601205199299354e-02 1.200193266849647216e+03
3.737425742391059513e-02 1.186830001349167333e+03
3.780746663599345719e-02 1.173572426987846029e+03
3.824569722466996530e-02 1.160433009561053723e+03
3.868900739327971183e-02 1.147423636334731555e+03
3.913745601980380545e-02 1.134555532613826699e+03
3.959110266468453265e-02 1.121837357456116706e+03
4.005000757873606460e-02 1.109275429632531313e+03
4.051423171114643812e-02 1.096875652127005424e+03
4.098383671757255958e-02 1.084643601181163604e+03
4.145888496832907111e-02 1.072584537600107751e+03
4.193943955667183560e-02 1.060703418281171480e+03
4.242556430717771970e-02 1.049004907931578828e+03
4.291732378422153521e-02 1.037493390943485110e+03
4.341478330055086043e-02 1.026174417876204416e+03
4.391800892596080946e-02 1.015060529734900229e+03
4.442706749606879085e-02 1.004165971331736159e+03
4.494202662119135827e-02 9.935043031770586595e+02
4.546295469532394412e-02 9.830884380259793716e+02
4.598992090522435044e-02 9.729306801571566439e+02
4.652299523960182898e-02 9.630427661095051235e+02
4.706224849841277036e-02 9.534359067373386551e+02
4.760775230226364785e-02 9.441195988939176686e+02
4.815957910192344982e-02 9.350876376020594307e+02
4.871780218794626721e-02 9.263236951374220780e+02
4.928249570040506289e-02 9.178118416116625440e+02
4.985373463873887800e-02 9.095367155238578789e+02
5.043159487171355176e-02 9.014834916314113116e+02
5.101615314749827212e-02 8.936378512163767027e+02
5.160748710385902605e-02 8.859859555566354175e+02
5.220567527846971256e-02 8.785158266934415678e+02
5.281079711934324322e-02 8.712200698715888620e+02
5.342293299538347640e-02 8.640922978542570263e+02
5.404216420705911655e-02 8.571263152930512206e+02
5.466857299720174340e-02 8.503161106196530454e+02
5.530224256192894927e-02 8.436558483305495884e+02
5.594325706169369500e-02 8.371398502987777874e+02
5.659170163246236840e-02 8.307575852601571569e+02
5.724766239702173964e-02 8.244860386214121490e+02
5.791122647641750582e-02 8.183008603780450585e+02
5.858248200152529894e-02 8.121784102441905588e+02
5.926151812475548286e-02 8.060957368112402719e+02
5.994842503189401484e-02 8.000305633348806396e+02
6.064329395408056544e-02 7.939612181745071666e+02
6.134621717992497919e-02 7.878661064594087975e+02
6.205728806776493467e-02 7.817239947444085146e+02
6.277660105806494306e-02 7.755143548695173195e+02
6.350425168595953684e-02 7.692173829294207508e+02
6.424033659394184914e-02 7.628140197042305317e+02
6.498495354469883967e-02 7.562856961331149250e+02
6.573820143409576933e-02 7.496120976350248384e+02
6.650018030431112392e-02 7.427724806844677232e+02
6.727099135712333311e-02 7.357471206197367337e+02
6.805073696735199074e-02 7.285173771189853369e+02
6.883952069645490890e-02 7.210657527772207231e+02
6.963744730628212976e-02 7.133774487578535854e+02
7.044462277299029518e-02 7.054428639192523178e+02
7.126115430111740201e-02 6.972541267607512054e+02
7.208715033782125969e-02 6.888044464559803828e+02
7.292272058728306583e-02 6.800881533975365301e+02
7.376797602527726538e-02 6.711019952029421347e+02
7.462302891391099646e-02 6.618511465317598095e+02
7.548799281653424675e-02 6.523441419589289580e+02
7.636298261282230271e-02 6.425900944481827537e+02
7.724811451403391926e-02 6.325986748737542484e+02
7.814350607844536278e-02 6.223820189882075056e+02
7.904927622696410194e-02 6.119625073769738037e+02
7.996554525892338172e-02 6.013653378243244561e+02
8.089243486805931804e-02 5.906151024922455690e+02
8.183006815867380213e-02 5.797357489796236223e+02
8.277856966198465782e-02 5.687543600473071592e+02
8.373806535266484219e-02 5.577049077501021657e+02
8.470868266557393667e-02 5.466205986848112843e+02
8.569055051268339995e-02 5.355327694146102431e+02
8.668379930019762258e-02 5.244718743537007413e+02
8.768856094587416938e-02 5.134744301269943207e+02
8.870496889654395922e-02 5.025781318448071602e+02
8.973315814583508743e-02 4.918177588195415524e+02
9.077326525210215047e-02 4.812255699723260136e+02
9.182542835656276603e-02 4.708376342492771300e+02
9.288978720164486891e-02 4.606926468737839855e+02
9.396648314954682280e-02 4.508259287103636552e+02
9.505565920101186062e-02 4.412694292469350899e+02
9.615746001432085022e-02 4.320519590923217947e+02
9.727203192450530056e-02 4.231991067054561881e+02
9.839952296278213495e-02 4.147336185500736860e+02
9.954008287621508855e-02 4.066760280409782808e+02
1.006938631476026330e-01 3.990449669919659641e+02
1.018610170155973965e-01 3.918548772976523082e+02
1.030416994950586612e-01 3.851031875273227456e+02
1.042360673976400476e-01 3.787815227646862013e+02
1.054442793526167294e-01 3.728821871238203016e+02
1.066664958279537889e-01 3.673978949782555787e+02
1.079028791516182112e-01 3.623094085845165750e+02
1.091535935331389984e-01 3.575821751427008621e+02
1.104188050854159470e-01 3.531826599516901979e+02
1.116986818467821246e-01 3.490792978667914213e+02
1.129933938033220592e-01 3.452373886753434817e+02
1.143031129114477906e-01 3.416113258229847247e+02
1.156280131207374218e-01 3.381555386033257946e+02
1.169682703970383736e-01 3.348263676214875773e+02
1.183240627458377325e-01 3.315799535289191908e+02
1.196955702359041446e-01 3.283683644791701681e+02
1.210829750232038649e-01 3.251444296096731819e+02
1.224864613750929060e-01 3.218628322603586867e+02
1.239062156947914467e-01 3.184803267207285558e+02
1.253424265461398623e-01 3.149560152766857755e+02
1.267952846786432330e-01 3.112511920049734613e+02
1.282649830528058976e-01 3.073299067150773567e+02
1.297517168657586206e-01 3.031667997008078714e+02
1.312556835771841179e-01 2.987462747135269865e+02
1.327770829355428006e-01 2.940551846185707063e+02
1.343161170046014707e-01 2.890869753956117734e+02
1.358729901902707704e-01 2.838553136565132604e+02
1.374479092677535763e-01 2.783795026551946989e+02
1.390410834090068104e-01 2.726800009479394475e+02
1.406527242105235220e-01 2.667900225255550026e+02
1.422830457214351030e-01 2.607521013770955847e+02
1.439322644719404909e-01 2.546069897553557269e+02
1.456005995020647481e-01 2.483993291869388713e+02
1.472882723907500968e-01 2.421814906764872433e+02
1.489955072852852114e-01 2.360025906514937901e+02
1.507225309310754602e-01 2.299111699628596739e+02
1.524695727017571223e-01 2.239616043241232433e+02
1.542368646296626011e-01 2.182044254371872967e+02
1.560246414366366907e-01 2.126852379746213160e+02
1.578331405652114716e-01 2.074462741846799361e+02
1.596626022101423625e-01 2.025255344930230024e+02
1.615132693503088801e-01 1.979512338656273585e+02
1.633853877809858524e-01 1.937328235565396426e+02
1.652792061464892492e-01 1.898761906125761243e+02
1.671949759731987672e-01 1.863745774939732769e+02
1.691329517029645513e-01 1.831996567341314233e+02
1.710933907269012455e-01 1.803226658409118670e+02
1.730765534195721767e-01 1.777050572387879868e+02
1.750827031735721628e-01 1.752993278047472074e+02
1.771121064345085594e-01 1.730594659068084127e+02
1.791650327363897566e-01 1.709359009264199756e+02
1.812417547374234328e-01 1.688790970070549804e+02
1.833425482562288100e-01 1.668403683372767432e+02
1.854676923084695728e-01 1.647703871540725231e+02
1.876174691439118081e-01 1.626222357283434974e+02
1.897921642839097145e-01 1.603542435278213247e+02
1.919920665593281006e-01 1.579290150972996969e+02
1.942174681489023391e-01 1.553198568571431508e+02
1.964686646180442142e-01 1.525167014454909236e+02
1.987459549580979923e-01 1.495169452970651776e+02
2.010496416260496022e-01 1.463409486216899040e+02
2.033800305846977796e-01 1.430169592390301148e+02
2.057374313432909774e-01 1.395846492861542174e+02
2.081221569986336506e-01 1.360912925259628707e+02
2.105345242766701597e-01 1.325846524797233599e+02
2.129748535745517590e-01 1.291143649598180616e+02
2.154434690031879762e-01 1.257262494873987748e+02
2.179406984302951489e-01 1.224627085871474890e+02
2.204668735239406208e-01 1.193607052341828734e+02
2.230223297965933937e-01 1.164484005068441377e+02
2.256074066496857322e-01 1.137475921485485202e+02
2.282224474186894947e-01 1.112658127907176890e+02
2.308677994187165183e-01 1.090034196880857280e+02
2.335438139906475252e-01 1.069458953076284331e+02
2.362508465477944353e-01 1.050720488130443755e+02
2.389892566231045512e-01 1.033494615197832189e+02
2.417594079169126942e-01 1.017412907021384143e+02
2.445616683452441209e-01 1.002043517325059554e+02
2.473964100886809347e-01 9.869461064559104102e+01
2.502640096417915183e-01 9.716895482006229656e+01
2.531648478631349786e-01 9.558923412590735325e+01
2.560993100258455168e-01 9.392794768018151785e+01
2.590677858688005264e-01 9.216854107996174150e+01
2.620706696483847131e-01 9.030953548189481239e+01
2.651083601908534870e-01 8.836063195521394675e+01
2.681812609453009255e-01 8.634143264594483469e+01
2.712897800372461865e-01 8.427796862960620672e+01
2.744343303228360953e-01 8.219953677316733831e+01
2.776153294436795038e-01 8.013828459616534872e+01
2.808331998823167530e-01 7.812611601586401378e+01
2.840883690183299559e-01 7.619383396888680693e+01
2.873812691851060364e-01 7.436597342059025095e+01
2.907123377272573528e-01 7.265943986864131432e+01
2.940820170587059579e-01 7.107870053485471828e+01
2.974907547214434844e-01 6.961796170058889288e+01
3.009390034449713203e-01 6.826215608597338758e+01
3.044272212064296212e-01 6.698989439602927121e+01
3.079558712914221008e-01 6.577671905063243685e+01
3.115254223555483648e-01 6.459644252689913912e+01
3.151363484866475662e-01 6.342324309417453065e+01
3.187891292677637600e-01 6.223447460107371398e+01
3.224842498408434510e-01 6.101329712909324599e+01
3.262222009711663318e-01 5.975249465842684771e+01
3.300034791125279754e-01 5.845421207742167979e+01
3.338285864731757036e-01 5.712889579685878516e+01
3.376980310825088427e-01 5.579273230349128454e+01
3.416123268585519734e-01 5.446443229727445612e+01
3.455719936762132183e-01 5.316319305298392095e+01
3.495775574363269023e-01 5.190676206277898075e+01
3.536295501355037896e-01 5.070859697393436250e+01
3.577285099367869536e-01 4.957553263938410737e+01
3.618749812411271027e-01 4.850710530340343496e+01
3.660695147596894072e-01 4.749635985134126059e+01
3.703126675869919948e-01 4.653229876283769784e+01
3.746050032748987069e-01 4.560206096782236784e+01
3.789470919074662825e-01 4.469197158606162645e+01
3.833395101766597923e-01 4.378864357956054221e+01
3.877828414589447603e-01 4.288100673451486244e+01
3.922776758927711827e-01 4.196340585536749757e+01
3.968246104569475019e-01 4.103735723669972657e+01
4.014242490499316252e-01 4.011013425078360228e+01
4.060772025700360999e-01 3.919124585408700057e+01
4.107840889965636011e-01 3.828950235376215971e+01
4.155455334718866078e-01 3.741232835436581183e+01
4.203621683844705470e-01 3.656620412010757804e+01
4.252346334528675498e-01 3.575564732484964736e+01
4.301635758106789886e-01 3.498047660289407901e+01
4.351496500925045585e-01 3.423505931570251448e+01
4.401935185208863954e-01 3.351142245137565823e+01
4.452958509942646081e-01 3.280303674272551717e+01
4.504573251759450558e-01 3.210526735756933192e+01
4.556786265841057948e-01 3.141378917898610013e+01
4.609604486828429160e-01 3.072534188291472290e+01
4.663034929742719270e-01 3.004072739396902847e+01
4.717084690917007217e-01 2.936496500936031850e+01
4.771760948938736924e-01 2.870335288088844905e+01
4.827070965603176278e-01 2.805870910701674958e+01
4.883022086877874535e-01 2.743273328020258006e+01
4.939621743878316318e-01 2.682713497143966563e+01
4.996877453854872697e-01 2.624153492676966692e+01
5.054796821191230860e-01 2.567236116278706959e+01
5.113387538414317923e-01 2.511559527040863671e+01
5.172657387216013092e-01 2.456916840519777878e+01
5.232614239486657048e-01 2.403167693581105624e+01
5.293266058360548421e-01 2.350155164572954192e+01
5.354620899273596635e-01 2.297908639125122576e+01
5.416686911033142815e-01 2.246689724658853393e+01
5.479472336900278462e-01 2.196698866305629494e+01
5.542985515684663023e-01 2.147953119865717753e+01
5.607234882852017988e-01 2.100486467268649804e+01
5.672228971644530660e-01 2.054340755057503642e+01
5.737976414214123189e-01 2.009357756430669184e+01
5.804485942768968787e-01 1.965308952868949177e+01
5.871766390733248464e-01 1.922143708734002487e+01
5.939826693920350342e-01 1.879850484357397633e+01
6.008675891719672535e-01 1.838328208230497296e+01
6.078323128297217215e-01 1.797616786807860834e+01
6.148777653810012511e-01 1.757875741151283577e+01
6.220048825634703071e-01 1.719086669699392189e+01
6.292146109610337046e-01 1.681228543278603027e+01
6.365079081295554886e-01 1.644276963705896577e+01
6.438857427240405329e-01 1.608178101232435964e+01
6.513490946272790794e-01 1.572881416137024679e+01
6.588989550799940753e-01 1.538341121169894343e+01
6.665363268124905316e-01 1.504537703901986845e+01
6.742622241778335468e-01 1.471469896558545187e+01
6.820776732865669878e-01 1.439135947703927521e+01
6.899837121430004716e-01 1.407533142073467936e+01
6.979813907830648700e-01 1.376653250976560905e+01
7.060717714137764167e-01 1.346479959284464023e+01
7.142559285543118586e-01 1.316996571872670074e+01
7.225349491787196321e-01 1.288186798186864301e+01
7.309099328602896017e-01 1.260034742239209749e+01
7.393819919175852462e-01 1.232524892855981946e+01
7.479522515621810363e-01 1.205642114170199974e+01
7.566218500481046716e-01 1.179371636352880692e+01
7.653919388230141507e-01 1.153699046577090748e+01
7.742636826811252204e-01 1.128610280208625660e+01
7.832382599179181781e-01 1.104091612217758112e+01
7.923168624866241405e-01 1.080129648806269671e+01
8.015006961565395160e-01 1.056711319244459446e+01
8.107909806731679048e-01 1.033823867954306408e+01
8.201889499202184020e-01 1.011455007421379904e+01
8.296958520834889494e-01 9.895932500994712555e+00
8.393129498166350677e-01 9.682274459678737344e+00
8.490415204088734846e-01 9.473466671257931182e+00
8.588828559546241026e-01 9.269402043993128615e+00
8.688382635251177266e-01 9.069975639579434201e+00
8.789090653419935339e-01 8.875084639428321154e+00
8.890965989529141522e-01 8.684628311084702901e+00
8.994022174092030086e-01 8.498507974797650633e+00
9.098272894455547988e-01 8.316626970261960849e+00
9.203731996618214062e-01 8.138890623546021885e+00
9.310413487069052474e-01 7.965206214222499526e+00
9.418331534647932379e-01 7.795482942715258545e+00
9.527500472427273825e-01 7.629631897877106717e+00
9.637934799615772707e-01 7.467566024810271763e+00
9.749649183484077053e-01 7.309200092942537808e+00
9.862658461312796554e-01 7.154450664369374380e+00
9.976977642363179521e-01 7.003236062473672696e+00
1.009262190987045615e+00 6.855476340831990534e+00
1.020960662306044986e+00 6.711093082018011025e+00
1.032794731918950104e+00 6.570008257253291184e+00
1.044765971560803308e+00 6.432145006060136616e+00
1.056875971184801477e+00 6.297428238356109986e+00
1.069126339173473994e+00 6.165784598989326959e+00
1.081518702552286326e+00 6.037142429461837878e+00
1.094054707205741162e+00 5.911431730415173114e+00
1.106736018095972218e+00 5.788584124864656566e+00
1.119564319483875581e+00 5.668532822172463348e+00
1.132541315152809203e+00 5.551212582746153146e+00
1.145668728634869460e+00 5.436559683452161451e+00
1.158948303439808925e+00 5.324511883732043316e+00
1.172381803286597357e+00 5.215008392410339866e+00
1.185971012337668551e+00 5.107989835182228155e+00
1.199717735435881671e+00 5.003398222770204740e+00
1.213623798344238169e+00 4.901176919737967097e+00
1.227691047988357376e+00 4.801270613950815225e+00
1.241921352701781833e+00 4.703625286671088368e+00
1.256316602474119026e+00 4.608188183278074668e+00
1.270878709202055257e+00 4.514907765325109068e+00
1.285609606943292516e+00 4.423733273350517692e+00
1.300511252173406351e+00 4.334614745024982341e+00
1.315585624045702007e+00 4.247503421131254342e+00
1.330834724654073264e+00 4.162351734489946331e+00
1.346260579298908633e+00 4.079113280466224012e+00
1.361865236756078401e+00 3.997742788204524444e+00
1.377650769549050969e+00 3.918196092572389766e+00
1.393619274224140003e+00 3.840430106797319443e+00
1.409772871628964586e+00 3.764402795779648425e+00
1.426113707194127000e+00 3.690073150064343110e+00
1.442643951218154141e+00 3.617401160457011766e+00
1.459365799155753374e+00 3.546347793267265569e+00
1.476281471909387077e+00 3.476874966165076408e+00
1.493393216124249800e+00 3.408945524634755309e+00
1.510703304486652465e+00 3.342523219012128788e+00
1.528214036025868250e+00 3.277572682090605483e+00
1.545927736419473675e+00 3.214059407282614522e+00
1.563846758302243289e+00 3.151949727322321149e+00
1.581973481578597518e+00 3.091210791667486024e+00
1.600310313738698254e+00 3.031810247742826370e+00
1.618859690178196420e+00 2.973715922001292089e+00
1.637624074521683681e+00 2.916896392074961319e+00
1.656605958949910251e+00 2.861321047676458562e+00
1.675807864530764357e+00 2.806960068321365576e+00
1.695232341554117506e+00 2.753784401693911921e+00
1.714881969870537537e+00 2.701765742636907941e+00
1.734759359233926546e+00 2.650876512746587199e+00
1.754867149648146718e+00 2.601089840554452692e+00
1.775208011717630985e+00 2.552379542278400137e+00
1.795784647002092393e+00 2.504720103125919639e+00
1.816599788375324875e+00 2.458086659132838303e+00
1.837656200388168903e+00 2.412454979521577503e+00
1.858956679635682452e+00 2.367801449563309291e+00
1.880504055128578100e+00 2.324103053928948448e+00
1.902301188668940934e+00 2.281337360514482882e+00
1.924350975230327832e+00 2.239482504726284962e+00
1.946656343342259454e+00 2.198517174212883951e+00
1.969220255479166903e+00 2.158420594029879513e+00
1.992045708453865194e+00 2.119172416794339320e+00
2.015135733815553110e+00 2.080752357838197231e+00
2.038493398252459343e+00 2.043140532834896383e+00
2.062121803999140468e+00 2.006317586517172291e+00
2.086024089248501578e+00 1.970264677374673035e+00
2.110203428568589779e+00 1.934963462800117551e+00
2.134663033324239123e+00 1.900396084697752563e+00
2.159406152103561904e+00 1.866545155539045320e+00
2.184436071149423508e+00 1.833393744850324136e+00
2.209756114795899062e+00 1.800925366118513393e+00
2.235369645909789149e+00 1.769123964100943081e+00
2.261280066337272743e+00 1.737973902525889569e+00
2.287490817355697814e+00 1.707459952171199946e+00
2.314005380130648604e+00 1.677567279308311843e+00
2.340827276178290006e+00 1.648281434500028952e+00
2.367960067833074778e+00 1.619588341740130888e+00
2.395407358720871738e+00 1.591474287924099729e+00
2.423172794237594019e+00 1.563925912639650084e+00
2.451260062033334020e+00 1.536930198267274061e+00
2.479672892502154724e+00 1.510474439997940399e+00
2.508415059277536496e+00 1.484546014540178760e+00
2.537490379733563284e+00 1.459132471664160047e+00
2.566902715491944598e+00 1.434221692418227612e+00
2.596655972934865719e+00 1.409801882298104436e+00
2.626754103723832223e+00 1.385861561671024145e+00
2.657201105324501267e+00 1.362389556507650257e+00
2.688001021537603119e+00 1.339374989411404648e+00
2.719157943036010661e+00 1.316807270934660545e+00
2.750676007908059884e+00 1.294676091172105803e+00
2.782559402207119170e+00 1.272971411621577120e+00
2.814812360507575661e+00 1.251683457303399027e+00
2.847439166467243155e+00 1.230802709129041439e+00
2.880444153396288787e+00 1.210319896510979154e+00
2.913831704832780201e+00 1.190225990205214801e+00
2.947606255124850971e+00 1.170512195378705211e+00
2.981772290019666816e+00 1.151169944894063768e+00
3.016334347259191695e+00 1.132190892804106896e+00
3.051297017182866167e+00 1.113566908049272719e+00
3.086664943337265488e+00 1.095290066488614933e+00
3.122442823092849373e+00 1.077352562117803947e+00
3.158635408267811417e+00 1.059746674834686875e+00
3.195247505759207129e+00 1.042464880552026019e+00
3.232283978181375250e+00 1.025499854354863238e+00
3.269749744511758038e+00 1.008844464681837749e+00
3.307649780744232881e+00 9.924917676929432275e-01
3.345989120549966334e+00 9.764350018171997769e-01
3.384772855945975767e+00 9.606675824740626979e-01
3.424006137971419506e+00 9.451830969624578360e-01
3.463694177371722915e+00 9.299752995117075427e-01
3.503842245290665680e+00 9.150381064887439519e-01
3.544455673970426268e+00 9.003655917562674027e-01
3.585539857459808299e+00 8.859519821765924341e-01
3.627100252330640817e+00 8.717916532562646204e-01
3.669142378402487914e+00 8.578791249266679575e-01
3.711671819475755196e+00 8.442090574558446248e-01
3.754694224073326314e+00 8.307762474872922853e-01
3.798215306190726892e+00 8.175756242012210961e-01
3.842240846055053005e+00 8.046022455843685472e-01
3.886776690892660646e+00 7.918512768945851210e-01
3.931828755705757406e+00 7.793179520295762108e-01
3.977403024058025149e+00 7.669976175238475413e-01
4.023505548869283466e+00 7.548857399231636567e-01
4.070142453219429690e+00 7.429779023887734812e-01
4.117319931161670610e+00 7.312698014069576313e-01
4.165044248545179073e+00 7.197572436003408791e-01
4.213321743847276757e+00 7.084361426374998771e-01
4.262158829015312733e+00 6.973025162374629771e-01
4.311561990318218740e+00 6.863524832659931851e-01
4.361537789207996951e+00 6.755822609204353846e-01
4.412092863191181991e+00 6.649881620002390248e-01
4.463233926710382882e+00 6.545665922602013076e-01
4.514967772036088789e+00 6.443140478437183738e-01
4.567301270168734995e+00 6.342271127933042374e-01
4.620241371751302673e+00 6.243024566358525984e-01
4.673795107992455122e+00 6.145368320401110029e-01
4.727969591600383659e+00 6.049270725440070162e-01
4.782772017727470626e+00 5.954700903494606345e-01
4.838209664925944509e+00 5.861628729080896605e-01
4.894289896114520033e+00 5.770024731075117375e-01
4.951020159556341227e+00 5.679860129693636850e-01
5.008407989848203457e+00 5.591106858393484202e-01
5.066461008921252507e+00 5.503737544718210195e-01
5.125186927053318797e+00 5.417725491529240545e-01
5.184593543892900058e+00 5.333044658784281689e-01
5.244688749495107771e+00 5.249669645845064236e-01
5.305480525369564937e+00 5.167575674297035793e-01
5.366976945540468336e+00 5.086738571264196596e-01
5.429186177618927189e+00 5.007134753203480448e-01
5.492116483887774514e+00 4.928741210162800312e-01
5.555776222398865372e+00 4.851535490487704494e-01
5.620173848083176438e+00 4.775495685962604098e-01
5.685317913873744189e+00 4.700600417372416406e-01
5.751217071841596251e+00 4.626828820470991754e-01
5.817880074344919272e+00 4.554160532343693446e-01
5.885315775191436671e+00 4.482575678151418663e-01
5.953533130814357754e+00 4.412054858244032207e-01
6.022541201461917737e+00 4.342579140177119656e-01
6.092349152400691636e+00 4.274130134092518074e-01
6.162966255132924509e+00 4.206689968191573148e-01
6.234401888627847832e+00 4.140241189766126206e-01
6.306665540567391481e+00 4.074766750929489367e-01
6.379766808606270878e+00 4.010249998122671355e-01
6.453715401646691774e+00 3.946674661902054848e-01
6.528521141127827221e+00 3.884024847000289160e-01
6.604193962330286993e+00 3.822285022651885078e-01
6.680743915695598112e+00 3.761440013175982311e-01
6.758181168161097041e+00 3.701474988807855748e-01
6.836516004510227340e+00 3.642375456772287134e-01
6.915758828738503894e+00 3.584127252591330359e-01
6.995920165435354221e+00 3.526716531619484840e-01
7.077010661181871498e+00 3.470129760799571805e-01
7.159041085964872764e+00 3.414353710632943573e-01
7.242022334607302270e+00 3.359375447357357269e-01
7.325965428215218900e+00 3.305182325326819215e-01
7.410881515641548845e+00 3.251761979587417528e-01
7.496781874966857551e+00 3.199102319493235536e-01
7.583677914997172920e+00 3.147191631828591962e-01
7.671581176779286970e+00 3.096018673305975799e-01
7.760503335133557279e+00 3.045572457641017583e-01
7.850456200204484425e+00 2.995842222757390538e-01
7.941451719029317680e+00 2.946817425214779407e-01
8.033501977124714699e+00 2.898487734773714242e-01
8.126619200091928619e+00 2.850843029092999248e-01
8.220815755240526101e+00 2.803873388556673563e-01
8.316104153230948981e+00 2.757569091226876323e-01
8.412497049736094468e+00 2.711920607919416915e-01
8.510007247122224783e+00 2.666918597398796886e-01
8.608647696149226647e+00 2.622553901689778644e-01
8.708431497690707346e+00 2.578817541502173016e-01
8.809371904473977111e+00 2.535700711766299964e-01
8.911482322840175385e+00 2.493194777276102059e-01
9.014776314524892697e+00 2.451291268437236770e-01
9.119267598459275703e+00 2.409981877117589044e-01
9.224970052592155412e+00 2.369258452597579057e-01
9.331897715733223464e+00 2.329112997617723280e-01
9.440064789417590418e+00 2.289537724038313571e-01
9.549485639791939207e+00 2.250525250875179961e-01
9.660174799522621925e+00 2.212068391178470261e-01
9.772146969725703514e+00 2.174160070248539189e-01
9.885417021919554514e+00 2.136793323077660345e-01
9.999999999999984013e+00 2.099961291856523304e-01
