1.000000000000000048e-04 4.387419323677963234e+02
1.011591112223829728e-04 4.436611540767236193e+02
1.023316578330244966e-04 4.486354733841296820e+02
1.035177955630176363e-04 4.536655051063913788e+02
1.047176819485520245e-04 4.587518700982340647e+02
1.059314763518370031e-04 4.638951960604785540e+02
1.071593399822671198e-04 4.690961176241564772e+02
1.084014359178330883e-04 4.743552764259600849e+02
1.096579291267809898e-04 4.796733211845460119e+02
1.109289864895222780e-04 4.850509077775996616e+02
1.122147768207980425e-04 4.904886993199334597e+02
1.135154708920999033e-04 4.959873664512005575e+02
1.148312414543511137e-04 5.015475878427239422e+02
1.161622632608502026e-04 5.071700497962610257e+02
1.175087130904807752e-04 5.128554462146552169e+02
1.188707697711903445e-04 5.186044786852335164e+02
1.202486142037412301e-04 5.244178565640891065e+02
1.216424293857368039e-04 5.302962970612896925e+02
1.230524004359261579e-04 5.362405253269986360e+02
1.244787146187906256e-04 5.422512745259839448e+02
1.259215613694151213e-04 5.483292856422701789e+02
1.273811323186478520e-04 5.544753075497221744e+02
1.288576213185518003e-04 5.606900973752070740e+02
1.303512244681509209e-04 5.669744206014598831e+02
1.318621401394748729e-04 5.733290511581722058e+02
1.333905690039058638e-04 5.797547715140053697e+02
1.349367140588306701e-04 5.862523727696543574e+02
1.365007806546013845e-04 5.928226547518398775e+02
1.380829765218092534e-04 5.994664258959269318e+02
1.396835117988739897e-04 6.061845023637184795e+02
1.413025990599533870e-04 6.129777088601313153e+02
1.429404533431761061e-04 6.198468791192335630e+02
1.445972921792019735e-04 6.267928560014752293e+02
1.462733356201130139e-04 6.338164915915425581e+02
1.479688062686396383e-04 6.409186472972546653e+02
1.496839293077255632e-04 6.481001939494830140e+02
1.514189325304352289e-04 6.553620119081314215e+02
1.531740463702080011e-04 6.627049915804366265e+02
1.549495039314631917e-04 6.701300338602809461e+02
1.567455410205595065e-04 6.776380496020226474e+02
1.585623961771137158e-04 6.852299596560301325e+02
1.604003107056820173e-04 6.929066949765854133e+02
1.622595287078087273e-04 7.006691967309575375e+02
1.641402971144466632e-04 7.085184164095962842e+02
1.660428657187529853e-04 7.164553159374964935e+02
1.679674872092653496e-04 7.244808676100306002e+02
1.699144172034626271e-04 7.325960524540025744e+02
1.718839142817145805e-04 7.408018609952737279e+02
1.738762400216250798e-04 7.490992944848255775e+02
1.758916590327733002e-04 7.574893650281342161e+02
1.779304389918577567e-04 7.659730956994743565e+02
1.799928506782476725e-04 7.745515206574176545e+02
1.820791680099462630e-04 7.832256852614464151e+02
1.841896680799711133e-04 7.919966461897976160e+02
1.863246311931559835e-04 8.008654715830720079e+02
1.884843409033795745e-04 8.098332412182001008e+02
1.906690840512252356e-04 8.189010465711465940e+02
1.928791508020778235e-04 8.280699909252592761e+02
1.951148346846616683e-04 8.373411894952832881e+02
1.973764326300255834e-04 8.467157695526200314e+02
1.996642450109793916e-04 8.561948705518494762e+02
2.019785756819878484e-04 8.657796442585196246e+02
2.043197320195270865e-04 8.754712548237345118e+02
2.066880249629082160e-04 8.852708775874714320e+02
2.090837690555750453e-04 8.951796990670201239e+02
2.115072824868795298e-04 9.051989184136772337e+02
2.139588871343421834e-04 9.153297476099719461e+02
2.164389086064020889e-04 9.255734116015223663e+02
2.189476762856621176e-04 9.359311484301741757e+02
2.214855233726359721e-04 9.464042093684538486e+02
2.240527869300018495e-04 9.569938590552203550e+02
2.266498079273692845e-04 9.677013754966463921e+02
2.292769312865648918e-04 9.785280495412786195e+02
2.319345059274427814e-04 9.894751854904699258e+02
2.346228848142263134e-04 1.000544101511927806e+03
2.373424250023866691e-04 1.011736129780815872e+03
2.400934876860652035e-04 1.023052616621955394e+03
2.428764382460451090e-04 1.034494922653310141e+03
2.456916462982790305e-04 1.046064422930851833e+03
2.485394857429798965e-04 1.057762507080709156e+03
2.514203348142797370e-04 1.069590578110322667e+03
2.543345761304648903e-04 1.081550051378754006e+03
2.572825967447932359e-04 1.093642356840608727e+03
2.602647881969005024e-04 1.105868939443889758e+03
2.632815465648020731e-04 1.118231259277955587e+03
2.663332725174980963e-04 1.130730791722874756e+03
2.694203713681882413e-04 1.143369027600077743e+03
2.725432531281028249e-04 1.156147473324321709e+03
2.757023325609583289e-04 1.169067650839290991e+03
2.788980292380439777e-04 1.182131095478964653e+03
2.821307675939471824e-04 1.195339356908844138e+03
2.854009769829237591e-04 1.208694000786714241e+03
2.887090917359235484e-04 1.222196608940693295e+03
2.920555512182745244e-04 1.235848779523931398e+03
2.954407998880380793e-04 1.249652127170567610e+03
2.988652873550383024e-04 1.263608283152998411e+03
3.023294684405777215e-04 1.277718895540319636e+03
3.058338032378432473e-04 1.291985628894294450e+03
3.093787571730137595e-04 1.306410163350936273e+03
3.129648010670751349e-04 1.320994195925508620e+03
3.165924111983521496e-04 1.335739440971937029e+03
3.202620693657651165e-04 1.350647630345120660e+03
3.239742629528196056e-04 1.365720513564575185e+03
3.277294849923383015e-04 1.380959857979333037e+03
3.315282342319423692e-04 1.396367448934201775e+03
3.353710152002930081e-04 1.411945089763459691e+03
3.392583382740992667e-04 1.427694597378338358e+03
3.431907197459043682e-04 1.443617801739160086e+03
3.471686818926560223e-04 1.459716550753392085e+03
3.511927530450728672e-04 1.475992710691441061e+03
3.552634676578139803e-04 1.492448166347686083e+03
3.593813663804626239e-04 1.509084821202500734e+03
3.635469961293318715e-04 1.525904597585478314e+03
3.677609101601031711e-04 1.542909436839614955e+03
3.720236681413067385e-04 1.560101299334643045e+03
3.763358362286533740e-04 1.577482163849506378e+03
3.806979871402285448e-04 1.595054028276143754e+03
3.851107002325569739e-04 1.612818910121774479e+03
3.895745615775502574e-04 1.630778846677296997e+03
3.940901640403448279e-04 1.648935895186188645e+03
3.986581073580439810e-04 1.667292133014510682e+03
4.032789982193706307e-04 1.685849657821923984e+03
4.079534503452450522e-04 1.704610587695784261e+03
4.126820845702952557e-04 1.723577057176425797e+03
4.174655289253135972e-04 1.742751213451271951e+03
4.223044187206673248e-04 1.762135223253794265e+03
4.271993966306778055e-04 1.781731273879210448e+03
4.321511127789762923e-04 1.801541573345308279e+03
4.371602248248503283e-04 1.821568350554214021e+03
4.422273980505898373e-04 1.841813855454691065e+03
4.473533054498464575e-04 1.862280359205252807e+03
4.525386278170167947e-04 1.882970153937571922e+03
4.577840538376617388e-04 1.903885548441014180e+03
4.630902801799738800e-04 1.925028869724766082e+03
4.684580115873046222e-04 1.946402466223474221e+03
4.738879609717652546e-04 1.968008708009022939e+03
4.793808495089108153e-04 1.989849986946887384e+03
4.849374067335234439e-04 2.011928716852912203e+03
4.905583706365046568e-04 2.034247333650497922e+03
4.962444877628915604e-04 2.056808295527915561e+03
5.019965133110080614e-04 2.079614081086255737e+03
5.078152112327671743e-04 2.102667184513258690e+03
5.137013543351340219e-04 2.125970120857638904e+03
5.196557243827659538e-04 2.149525427593235690e+03
5.256791122018420349e-04 2.173335664765547790e+03
5.317723177850967571e-04 2.197403415138531273e+03
5.379361503980699009e-04 2.221731284341201444e+03
5.441714286865889172e-04 2.246321901014479408e+03
5.504789807854969502e-04 2.271177916721082511e+03
5.568596444286410272e-04 2.296301999321722633e+03
5.633142670601353798e-04 2.321696831779745025e+03
5.698437059469137721e-04 2.347365119534479163e+03
5.764488282925875340e-04 2.373309591048772745e+03
5.831305113526219844e-04 2.399532997936174979e+03
5.898896425508494586e-04 2.426038115087735605e+03
5.967271195973311917e-04 2.452827740798133163e+03
6.036438506075865983e-04 2.479904696891336698e+03
6.106407542232038244e-04 2.507271828111610375e+03
6.177187597338490302e-04 2.534931998243914222e+03
6.248788072006889295e-04 2.562888092875851271e+03
6.321218475812450180e-04 2.591143021287097781e+03
6.394488428556939106e-04 2.619699716567233281e+03
6.468607661546322196e-04 2.648561135728384215e+03
6.543586018883232108e-04 2.677730259817094520e+03
6.619433458774390093e-04 2.707210094025189392e+03
6.696160054853217717e-04 2.737003667722517093e+03
6.773775997517746681e-04 2.767114024774906738e+03
6.852291595284059830e-04 2.797544213464184850e+03
6.931717276155402148e-04 2.828297303024205121e+03
7.012063589007179638e-04 2.859376385924306305e+03
7.093341204987991394e-04 2.890784577935445213e+03
7.175560918936924699e-04 2.922525018194409313e+03
7.258733650817247602e-04 2.954600869266093468e+03
7.342870447166760257e-04 2.987015317203610721e+03
7.427982482564913450e-04 3.019771571393803697e+03
7.514081061116963198e-04 3.052872862082668689e+03
7.601177617955326210e-04 3.086322441140134288e+03
7.689283720758308604e-04 3.120123583889476777e+03
7.778411071286484360e-04 3.154279589187176498e+03
7.868571506936848170e-04 3.188793779463936062e+03
7.959777002314981234e-04 3.223669500763123779e+03
8.052039670825472846e-04 3.258910122776843764e+03
8.145371766280737639e-04 3.294519038878715492e+03
8.239785684528515806e-04 3.330499657892884898e+03
8.335293965098190729e-04 3.366855382314394774e+03
8.431909292866253619e-04 3.403589630062459946e+03
8.529644499741018170e-04 3.440705840843223086e+03
8.628512566366892044e-04 3.478207476117257102e+03
8.728526623848374341e-04 3.516098019063633274e+03
8.829699955494085860e-04 3.554380974539712042e+03
8.932045998580961195e-04 3.593059869037041608e+03
9.035578346138924653e-04 3.632138250301382413e+03
9.140310748756226740e-04 3.671619676967802206e+03
9.246257116405735008e-04 3.711507715974890289e+03
9.353431520292382036e-04 3.751805953896139272e+03
9.461848194721997124e-04 3.792517997556451519e+03
9.571521538991858893e-04 3.833647473934127447e+03
9.682466119303117331e-04 3.875198030058165841e+03
9.794696670695391023e-04 3.917173332900460991e+03
9.908228099003791103e-04 3.959577069262587429e+03
1.002307548283864732e-03 4.002412939977540645e+03
1.013925407558814544e-03 4.045684627015414662e+03
1.025677930744421434e-03 4.089395814134703414e+03
1.037566678745185456e-03 4.133550201738446049e+03
1.049593230558226948e-03 4.178151506713050367e+03
1.061759183482999420e-03 4.223203462215019499e+03
1.074066153333433013e-03 4.268709817450835544e+03
1.086515774652537783e-03 4.314674337449886480e+03
1.099109700929496542e-03 4.361100802740399558e+03
1.111849604819270662e-03 4.407992995674549093e+03
1.124737178364751356e-03 4.455354685070514279e+03
1.137774133221490730e-03 4.503189649305213607e+03
1.150962200885031431e-03 4.551501679336893176e+03
1.164303132920876341e-03 4.600294578385449313e+03
1.177798701197118681e-03 4.649572161603674431e+03
1.191450698119775244e-03 4.699338255740547538e+03
1.205260936870841855e-03 4.749596698795802695e+03
1.219231251649110278e-03 4.800351336033246298e+03
1.233363497913775222e-03 4.851605973612487105e+03
1.247659552630868939e-03 4.903364389721167754e+03
1.262121314522546408e-03 4.955630367682260840e+03
1.276750704319265127e-03 5.008407696227578526e+03
1.291549665014883131e-03 5.061700169002625444e+03
1.306520162124720367e-03 5.115511584061211579e+03
1.321664183946604648e-03 5.169845743349052100e+03
1.336983741824946011e-03 5.224706452176454150e+03
1.352480870417874584e-03 5.280097511308121284e+03
1.368157627967470829e-03 5.336022695724157529e+03
1.384016096573131068e-03 5.392485774100400704e+03
1.400058382468096939e-03 5.449490514452470961e+03
1.416286616299197981e-03 5.507040683510396775e+03
1.432702953409829925e-03 5.565140046081148284e+03
1.449309574126215940e-03 5.623792364398927020e+03
1.466108684046983808e-03 5.683001397463844114e+03
1.483102514336103470e-03 5.742770898862235299e+03
1.500293322019217047e-03 5.803104565027845638e+03
1.517683390283404692e-03 5.864006019575449500e+03
1.535275028780421847e-03 5.925478871003587301e+03
1.553070573933459063e-03 5.987526715738203166e+03
1.571072389247449340e-03 6.050153137273161519e+03
1.589282865622977398e-03 6.113361705297026674e+03
1.607704421673822760e-03 6.177155974805072219e+03
1.626339504048191073e-03 6.241539485197730755e+03
1.645190587753661863e-03 6.306515751169049508e+03
1.664260176485902803e-03 6.372088211786130159e+03
1.683550802961201673e-03 6.438260260051158184e+03
1.703065029252843121e-03 6.505035265678257019e+03
1.722805447131393322e-03 6.572416574122700695e+03
1.742774678408918554e-03 6.640407505504485016e+03
1.762975375287204483e-03 6.709011353517048519e+03
1.783410220710006724e-03 6.778231384319946301e+03
1.804081928719382128e-03 6.848070835191984770e+03
1.824993244816151307e-03 6.918532873417436349e+03
1.846146946324546618e-03 6.989620546692108292e+03
1.867545842761074654e-03 7.061336853983671972e+03
1.889192776207665675e-03 7.133684755110587503e+03
1.911090621689137074e-03 7.206667169415713033e+03
1.933242287555043959e-03 7.280286974422871936e+03
1.955650715865948734e-03 7.354547004477916744e+03
1.978318882784163655e-03 7.429450049372409012e+03
2.001249798969035980e-03 7.504998848261420790e+03
2.024446509976802599e-03 7.581196024983491952e+03
2.047912096665084614e-03 7.658044100526814873e+03
2.071649675602067840e-03 7.735545539346385340e+03
2.095662399480431679e-03 7.813702748991370754e+03
2.119953457536069303e-03 7.892518078524815792e+03
2.144526075971666789e-03 7.971993816927364605e+03
2.169383518385183292e-03 8.052132191484594841e+03
2.194529086203312468e-03 8.132935366158910256e+03
2.219966119119953351e-03 8.214405415572302445e+03
2.245697995539773072e-03 8.296544250729475607e+03
2.271728133026903931e-03 8.379353685865398802e+03
2.298059988758849835e-03 8.462835459355828789e+03
2.324697059985647227e-03 8.546991231895151941e+03
2.351642884494347698e-03 8.631822584660014400e+03
2.378901041078892130e-03 8.717331017457729104e+03
2.406475150015422761e-03 8.803517946860176380e+03
2.434368873543109931e-03 8.890384701839520858e+03
2.462585916350545565e-03 8.977932429704856986e+03
2.491130026067787072e-03 9.066162062719964524e+03
2.520004993764090716e-03 9.155074425543725738e+03
2.549214654451422042e-03 9.244670240896999530e+03
2.578762887593799742e-03 9.334950127446714760e+03
2.608653617622546696e-03 9.425914597676603080e+03
2.638890814457508453e-03 9.517564055748480314e+03
2.669478494034319832e-03 9.609898795351449735e+03
2.700420718837771242e-03 9.702919002806123899e+03
2.731721598441374903e-03 9.796624788834446008e+03
2.763385290053167829e-03 9.891016166424979019e+03
2.795415999067855668e-03 9.986093031894550222e+03
2.827817979625339880e-03 1.008185516265926526e+04
2.860595535175740160e-03 1.017830221507620445e+04
2.893753019050949830e-03 1.027543372227925101e+04
2.927294835042814833e-03 1.037324909200911316e+04
2.961225437988033050e-03 1.047174760274808250e+04
2.995549334359811234e-03 1.057092803747286234e+04
3.030271082866395349e-03 1.067078820780908973e+04
3.065395295056525492e-03 1.077132563298318564e+04
3.100926635931925118e-03 1.087253764568261431e+04
3.136869824566874444e-03 1.097442138904477360e+04
3.173229634734975584e-03 1.107697381365159345e+04
3.210010895543170123e-03 1.118019167453157206e+04
3.247218492073126669e-03 1.128407152817142196e+04
3.284857366030041314e-03 1.138860987491300511e+04
3.322932516398970689e-03 1.149380524566685563e+04
3.361449000108763119e-03 1.159965780161787006e+04
3.400411932703704086e-03 1.170616769327659131e+04
3.439826489022923713e-03 1.181333501509345297e+04
3.479697903887689868e-03 1.192115980488823152e+04
3.520031472796677097e-03 1.202964204328108826e+04
3.560832552629275994e-03 1.213878165312702731e+04
3.602106562357069216e-03 1.224857849895232175e+04
3.643858983763542669e-03 1.235902941527566691e+04
3.686095362172155891e-03 1.247011882494937709e+04
3.728821307182831907e-03 1.258182738934338340e+04
3.772042493416996253e-03 1.269413504168646250e+04
3.815764661271247096e-03 1.280702097758687160e+04
3.859993617679764906e-03 1.292046364588950746e+04
3.904735236885557934e-03 1.303444073989112258e+04
3.949995461220641955e-03 1.314892918893654860e+04
3.995780301895267457e-03 1.326390585251531775e+04
4.042095839796303568e-03 1.337937607778727215e+04
4.088948226294858955e-03 1.349538480965261806e+04
4.136343684063272831e-03 1.361198136653907204e+04
4.184288507901578850e-03 1.372921679637311172e+04
4.232789065573546415e-03 1.384714389994385965e+04
4.281851798652410411e-03 1.396581725625064428e+04
4.331483223376396928e-03 1.408529324995285606e+04
4.381689931514188077e-03 1.420563010103846318e+04
4.432478591240393562e-03 1.432686448363189265e+04
4.483855948021185124e-03 1.444885210632720009e+04
4.535828825510184945e-03 1.457135823379113208e+04
4.588404126454754574e-03 1.469413963280330063e+04
4.641588833612774606e-03 1.481694496968205931e+04
4.695390010680057340e-03 1.493951478824312653e+04
4.749814803228498243e-03 1.506158153203871734e+04
4.804870439655126689e-03 1.518286961321790659e+04
4.860564232142133151e-03 1.530309616466955231e+04
4.916903577628024651e-03 1.542213889604654833e+04
4.973895958790060245e-03 1.554026918958122769e+04
5.031548945038048955e-03 1.565782492702523086e+04
5.089870193519678392e-03 1.577515518551439163e+04
5.148867450137491197e-03 1.589262014959191038e+04
5.208548550577657595e-03 1.601059110340143525e+04
5.268921421350668960e-03 1.612945050764136795e+04
5.329994080844086858e-03 1.624959216589778225e+04
5.391774640387498457e-03 1.637140049623113009e+04
5.454271305329828380e-03 1.649492930043709202e+04
5.517492376129119747e-03 1.661995468579215594e+04
5.581446249454959617e-03 1.674623753315850263e+04
5.646141419303662458e-03 1.687353113062247212e+04
5.711586478126426739e-03 1.700158099969331306e+04
5.777790117970500218e-03 1.713012475897130571e+04
5.844761131633627142e-03 1.725889202739424218e+04
5.912508413831872763e-03 1.738760436922552981e+04
5.981040962380937930e-03 1.751602692276830567e+04
6.050367879391214433e-03 1.764414082403657085e+04
6.120498372476694711e-03 1.777198709525049708e+04
6.191441755977841743e-03 1.789960844827547044e+04
6.263207452198682815e-03 1.802704927979083368e+04
6.335804992658246836e-03 1.815435566801311870e+04
6.409244019356445839e-03 1.828157537045793651e+04
6.483534286054717238e-03 1.840875782283205263e+04
6.558685659571428586e-03 1.853595330440004182e+04
6.634708121092339726e-03 1.866317557013882833e+04
6.711611767496278476e-03 1.879038558822985578e+04
6.789406812696106158e-03 1.891753953275368622e+04
6.868103588995296514e-03 1.904459264668584001e+04
6.947712548460231209e-03 1.917149924530700082e+04
7.028244264308346374e-03 1.929821272063000288e+04
7.109709432312428558e-03 1.942468554687520736e+04
7.192118872221184116e-03 1.955086928702154182e+04
7.275483529196219955e-03 1.967671653281282852e+04
7.359814475265760887e-03 1.980219479682840029e+04
7.445122910795134823e-03 1.992727885366207192e+04
7.531420165974363201e-03 2.005194329096385627e+04
7.618717702322989373e-03 2.017616246512208818e+04
7.707027114212296713e-03 2.029991050706684473e+04
7.796360130405225256e-03 2.042316132828053014e+04
7.886728615614147300e-03 2.054588862701440667e+04
7.978144572076614760e-03 2.066806588730835574e+04
8.070620141149495441e-03 2.078966393450673786e+04
8.164167604921463567e-03 2.091064731147963903e+04
8.258799387844257406e-03 2.103097927170263210e+04
8.354528058382861000e-03 2.115062267622994841e+04
8.451366330684714073e-03 2.126954000450039530e+04
8.549327066268371661e-03 2.138769336564597688e+04
8.648423275731715806e-03 2.150504451030435666e+04
8.748668120479906676e-03 2.162155484294316557e+04
8.850074914473426979e-03 2.173718542541645729e+04
8.952657125996391421e-03 2.185189683875535775e+04
9.056428379445279064e-03 2.196564921817215145e+04
9.161402457138508384e-03 2.207840239658160863e+04
9.267593301146874116e-03 2.219011592383343304e+04
9.375015015145274355e-03 2.230074908227838387e+04
9.483681866285915280e-03 2.241026090285992905e+04
9.593608287093137454e-03 2.251861018172999684e+04
9.704808877380292215e-03 2.262575549738906193e+04
9.817298406188829443e-03 2.273165470226228717e+04
9.931091813749784100e-03 2.283626308939573937e+04
1.004620421346811773e-02 2.293953507063042707e+04
1.016265089392994099e-02 2.304142485157317060e+04
1.028044732093308204e-02 2.314188645361749150e+04
1.039960913954119000e-02 2.324087373657286662e+04
1.052015217616157974e-02 2.333834042192665584e+04
1.064209244064722934e-02 2.343424011673154746e+04
1.076544612842314681e-02 2.352852631420719263e+04
1.089022962263729542e-02 2.362115123759492417e+04
1.101645949633655273e-02 2.371206530200687848e+04
1.114415251466786827e-02 2.380121872806584361e+04
1.127332563710485222e-02 2.388856170647800536e+04
1.140399601970031561e-02 2.397404442802060657e+04
1.153618101736477233e-02 2.405761711421232030e+04
1.166989818617145645e-02 2.413923004865246548e+04
1.180516528568804208e-02 2.421883360901149717e+04
1.194200028133531391e-02 2.429637799427409846e+04
1.208042134677327073e-02 2.437181094668507285e+04
1.222044686631487166e-02 2.444507904026658071e+04
1.236209543736768203e-02 2.451612901917791896e+04
1.250538587290389754e-02 2.458490784692907255e+04
1.265033720395902610e-02 2.465136274607866289e+04
1.279696868215939552e-02 2.471544123861475600e+04
1.294529978227914289e-02 2.477709118698855673e+04
1.309535020482666470e-02 2.483626083336331794e+04
1.324713987866115404e-02 2.489289782089918299e+04
1.340068896363949026e-02 2.494694763697134840e+04
1.355601785329367710e-02 2.499835583881550701e+04
1.371314717753943473e-02 2.504706850936198316e+04
1.387209780541619544e-02 2.509303230604890632e+04
1.403289084785870784e-02 2.513619451020739871e+04
1.419554766050099524e-02 2.517650307697324024e+04
1.436008984651259215e-02 2.521390668567733883e+04
1.452653925946778904e-02 2.524835467207062538e+04
1.469491800624815429e-02 2.527979501394589897e+04
1.486524844997855720e-02 2.530817463759053499e+04
1.503755321299736145e-02 2.533344131847174867e+04
1.521185517986103040e-02 2.535554380356457477e+04
1.538817750038344936e-02 2.537443186905486800e+04
1.556654359271059974e-02 2.539005637828700492e+04
1.574697714643085236e-02 2.540236933988637975e+04
1.592950212572120244e-02 2.541132396598303967e+04
1.611414277253018015e-02 2.541687432109063229e+04
1.630092360979739502e-02 2.541897386823157285e+04
1.648986944471062324e-02 2.541757688621904163e+04
1.668100537200057146e-02 2.541263909423119912e+04
1.687435677727374198e-02 2.540411771357946782e+04
1.706994934038405520e-02 2.539197152911795274e+04
1.726780903884354151e-02 2.537616095027457050e+04
1.746796215127244256e-02 2.535664807161109638e+04
1.767043526088944369e-02 2.533339672785524817e+04
1.787525525904233581e-02 2.530637228221488112e+04
1.808244934877948837e-02 2.527554154673446465e+04
1.829204504846291754e-02 2.524087322388324174e+04
1.850407019542300510e-02 2.520233799892934258e+04
1.871855294965576663e-02 2.515990859673820160e+04
1.893552179756293266e-02 2.511355983741427190e+04
1.915500555573526609e-02 2.506326869067931693e+04
1.937703337477986176e-02 2.500901432887880583e+04
1.960163474319183419e-02 2.495077844125873889e+04
1.982883949127068474e-02 2.488854737206477512e+04
2.005867779508231641e-02 2.482231102968052073e+04
2.029118018046676200e-02 2.475206168613245245e+04
2.052637752709248961e-02 2.467779400407768844e+04
2.076430107255772262e-02 2.459950507307373118e+04
2.100498241653913495e-02 2.451719444374166414e+04
2.124845352498879944e-02 2.443086415973183466e+04
2.149474673437978475e-02 2.434051879223596552e+04
2.174389475600078253e-02 2.424616816322911473e+04
2.199593068030071888e-02 2.414783179150700380e+04
2.225088798128367282e-02 2.404553279852811102e+04
2.250880052095458397e-02 2.393929671598814093e+04
2.276970255381677299e-02 2.382915148499815041e+04
2.303362873142129202e-02 2.371512745275655834e+04
2.330061410696921201e-02 2.359725736668759055e+04
2.357069413996725274e-02 2.347557636602224738e+04
2.384390470093718586e-02 2.335012252944899228e+04
2.412028207618003781e-02 2.322094721316502546e+04
2.439986297259547771e-02 2.308811378581017561e+04
2.468268452255688306e-02 2.295168779510675813e+04
2.496878428884323833e-02 2.281173654229328531e+04
2.525820026962782502e-02 2.266832902598147848e+04
2.555097090352503181e-02 2.252153588458029481e+04
2.584713507469561106e-02 2.237142933735523184e+04
2.614673211801089858e-02 2.221808312419128924e+04
2.644980182427715890e-02 2.206157711442523578e+04
2.675638444552042375e-02 2.190201523253854248e+04
2.706652070033239293e-02 2.173950885872058643e+04
2.738025177927854228e-02 2.157416957784314218e+04
2.769761935036888292e-02 2.140610906959195927e+04
2.801866556459190957e-02 2.123543900267536810e+04
2.834343306151305975e-02 2.106227093133679955e+04
2.867196497493766996e-02 2.088671619426619509e+04
2.900430493863987227e-02 2.070888612138735334e+04
2.934049709215783702e-02 2.052891045318696342e+04
2.968058608665600367e-02 2.034694706455281994e+04
3.002461709085545161e-02 2.016315402439031823e+04
3.037263579703308389e-02 1.997768682918673949e+04
3.072468842709001266e-02 1.979069828166018851e+04
3.108082173869059980e-02 1.960233837862709333e+04
3.144108303147261779e-02 1.941275420795321043e+04
3.180552015332915178e-02 1.922208985444452628e+04
3.217418150676367578e-02 1.903048961242963196e+04
3.254711605531845214e-02 1.883812536175766218e+04
3.292437333007763867e-02 1.864518118780319128e+04
3.330600343624585263e-02 1.845183594872693720e+04
3.369205705980264642e-02 1.825826303659239056e+04
3.408258547423447665e-02 1.806463033507389264e+04
3.447764054734461098e-02 1.787110019208070298e+04
3.487727474814172890e-02 1.767782940661886460e+04
3.528154115380878475e-02 1.748496925289419596e+04
3.569049345675226470e-02 1.729268351624605930e+04
3.610418597173332272e-02 1.710117938111893091e+04
3.652267364308171838e-02 1.691066404163686821e+04
3.694601205199299354e-02 1.672133592247275737e+04
3.737425742391059513e-02 1.653338479936475778e+04
3.780746663599345719e-02 1.634699194194020129e+04
3.824569722466996530e-02 1.616233027714909076e+04
3.868900739327971183e-02 1.597956457165246866e+04
3.913745601980380545e-02 1.579885028217804211e+04
3.959110266468453265e-02 1.562030708535543272e+04
4.005000757873606460e-02 1.544402204243539927e+04
4.051423171114643812e-02 1.527007637691498167e+04
4.098383671757255958e-02 1.509854671993350712e+04
4.145888496832907111e-02 1.492950527424748907e+04
4.193943955667183560e-02 1.476301998113450827e+04
4.242556430717771970e-02 1.459915468974847681e+04
4.291732378422153521e-02 1.443796932848511096e+04
4.341478330055086043e-02 1.427953964223090406e+04
4.391800892596080946e-02 1.412403662582305333e+04
4.442706749606879085e-02 1.397165441203954651e+04
4.494202662119135827e-02 1.382257771300026434e+04
4.546295469532394412e-02 1.367698233412477930e+04
4.598992090522435044e-02 1.353503572468285893e+04
4.652299523960182898e-02 1.339689754758672825e+04
4.706224849841277036e-02 1.326272026655142326e+04
4.760775230226364785e-02 1.313263277015897438e+04
4.815957910192344982e-02 1.300654754625530222e+04
4.871780218794626721e-02 1.288423763054061237e+04
4.928249570040506289e-02 1.276548165111809431e+04
4.985373463873887800e-02 1.265006617223276226e+04
5.043159487171355176e-02 1.253778524388598089e+04
5.101615314749827212e-02 1.242843998465923687e+04
5.160748710385902605e-02 1.232183820895907593e+04
5.220567527846971256e-02 1.221781355658130087e+04
5.281079711934324322e-02 1.211626321422231558e+04
5.342293299538347640e-02 1.201709835886351357e+04
5.404216420705911655e-02 1.192023285294988091e+04
5.466857299720174340e-02 1.182558313049756362e+04
5.530224256192894927e-02 1.173306808865391031e+04
5.594325706169369500e-02 1.164260882992754341e+04
5.659170163246236840e-02 1.155406042981630890e+04
5.724766239702173964e-02 1.146710802146801689e+04
5.791122647641750582e-02 1.138141857574326241e+04
5.858248200152529894e-02 1.129666873241633039e+04
5.926151812475548286e-02 1.121254449836809363e+04
5.994842503189401484e-02 1.112874103494152769e+04
6.064329395408056544e-02 1.104496187010984977e+04
6.134621717992497919e-02 1.096091321517084725e+04
6.205728806776493467e-02 1.087630699908730821e+04
6.277660105806494306e-02 1.079086455225435020e+04
6.350425168595953684e-02 1.070431682658103273e+04
6.424033659394184914e-02 1.061640464444649115e+04
6.498495354469883967e-02 1.052687543367540820e+04
6.573820143409576933e-02 1.043545462090730507e+04
6.650018030431112392e-02 1.034186244379828349e+04
6.727099135712333311e-02 1.024583245370382065e+04
6.805073696735199074e-02 1.014711234574340233e+04
6.883952069645490890e-02 1.004546470694920572e+04
6.963744730628212976e-02 9.940689358018815255e+03
7.044462277299029518e-02 9.832659340777783655e+03
7.126115430111740201e-02 9.721270843750360655e+03
7.208715033782125969e-02 9.606433760555806657e+03
7.292272058728306583e-02 9.488072194293803477e+03
7.376797602527726538e-02 9.366142705069551084e+03
7.462302891391099646e-02 9.240719234960935864e+03
7.548799281653424675e-02 9.111921628309077278e+03
7.636298261282230271e-02 8.979876348466437776e+03
7.724811451403391926e-02 8.844716186650533928e+03
7.814350607844536278e-02 8.706606775383195782e+03
7.904927622696410194e-02 8.565854899606889376e+03
7.996554525892338172e-02 8.422805565234890310e+03
8.089243486805931804e-02 8.277794533408843563e+03
8.183006815867380213e-02 8.131147846857199511e+03
8.277856966198465782e-02 7.983233488619284799e+03
8.373806535266484219e-02 7.834512950698726854e+03
8.470868266557393667e-02 7.685437118791118337e+03
8.569055051268339995e-02 7.536431314599339203e+03
8.668379930019762258e-02 7.387908427806811233e+03
8.768856094587416938e-02 7.240360882119075541e+03
8.870496889654395922e-02 7.094296656655606967e+03
8.973315814583508743e-02 6.950185416017337047e+03
9.077326525210215047e-02 6.808463539628874969e+03
9.182542835656276603e-02 6.669612775106595109e+03
9.288978720164486891e-02 6.534146243648161544e+03
9.396648314954682280e-02 6.402534529379126070e+03
9.505565920101186062e-02 6.275205899724403935e+03
9.615746001432085022e-02 6.152548685818172999e+03
9.727203192450530056e-02 6.034899398402162660e+03
9.839952296278213495e-02 5.922550372459985738e+03
9.954008287621508855e-02 5.815767911432998517e+03
1.006938631476026330e-01 5.714796483792682011e+03
1.018610170155973965e-01 5.619826372505222935e+03
1.030416994950586612e-01 5.530814034839555461e+03
1.042360673976400476e-01 5.447636709359320776e+03
1.054442793526167294e-01 5.370182225606774409e+03
1.066664958279537889e-01 5.298345228522725847e+03
1.079028791516182112e-01 5.231862534544383379e+03
1.091535935331389984e-01 5.170267071385279451e+03
1.104188050854159470e-01 5.113104189050072819e+03
1.116986818467821246e-01 5.059944352132144559e+03
1.129933938033220592e-01 5.010317474178894372e+03
1.143031129114477906e-01 4.963612481432389359e+03
1.156280131207374218e-01 4.919217374131939323e+03
1.169682703970383736e-01 4.876543330677305676e+03
1.183240627458377325e-01 4.834998829478508014e+03
1.196955702359041446e-01 4.793942071539178869e+03
1.210829750232038649e-01 4.752739714609460862e+03
1.224864613750929060e-01 4.710780198503247448e+03
1.239062156947914467e-01 4.667480318250834898e+03
1.253424265461398623e-01 4.622292602948572494e+03
1.267952846786432330e-01 4.574696000777469635e+03
1.282649830528058976e-01 4.524202639275981710e+03
1.297517168657586206e-01 4.470471133365692367e+03
1.312556835771841179e-01 4.413294965053438318e+03
1.327770829355428006e-01 4.352496280214754734e+03
1.343161170046014707e-01 4.287983744054406998e+03
1.358729901902707704e-01 4.219945198132887526e+03
1.374479092677535763e-01 4.148644223835949560e+03
1.390410834090068104e-01 4.074357127802810282e+03
1.406527242105235220e-01 3.997531998167912661e+03
1.422830457214351030e-01 3.918744252753369892e+03
1.439322644719404909e-01 3.838546182833512830e+03
1.456005995020647481e-01 3.757538495280366988e+03
1.472882723907500968e-01 3.676420611960645601e+03
1.489955072852852114e-01 3.595853452471000764e+03
1.507225309310754602e-01 3.516488041932947453e+03
1.524695727017571223e-01 3.439038857743889366e+03
1.542368646296626011e-01 3.364176920342684298e+03
1.560246414366366907e-01 3.292509463697274441e+03
1.578331405652114716e-01 3.224579831210402062e+03
1.596626022101423625e-01 3.160882148910010983e+03
1.615132693503088801e-01 3.101785621786762022e+03
1.633853877809858524e-01 3.047399896426339637e+03
1.652792061464892492e-01 2.997789850076268522e+03
1.671949759731987672e-01 2.952858373135471993e+03
1.691329517029645513e-01 2.912224586187689511e+03
1.710933907269012455e-01 2.875498958279314593e+03
1.730765534195721767e-01 2.842168811743235892e+03
1.750827031735721628e-01 2.811606637229790977e+03
1.771121064345085594e-01 2.783200264584452270e+03
1.791650327363897566e-01 2.756296706805357644e+03
1.812417547374234328e-01 2.730241793978079841e+03
1.833425482562288100e-01 2.704391746375220464e+03
1.854676923084695728e-01 2.678098649494420442e+03
1.876174691439118081e-01 2.650741758343212950e+03
1.897921642839097145e-01 2.621774842008493579e+03
1.919920665593281006e-01 2.590706938182151589e+03
1.942174681489023391e-01 2.557187533814557810e+03
1.964686646180442142e-01 2.521092278680107484e+03
1.987459549580979923e-01 2.482390787709903179e+03
2.010496416260496022e-01 2.441359226835362279e+03
2.033800305846977796e-01 2.398378806299814187e+03
2.057374313432909774e-01 2.353976274138288773e+03
2.081221569986336506e-01 2.308779608125948471e+03
2.105345242766701597e-01 2.263419379406696407e+03
2.129748535745517590e-01 2.218543295842338011e+03
2.154434690031879762e-01 2.174751616953184566e+03
2.179406984302951489e-01 2.132587048573661832e+03
2.204668735239406208e-01 2.092526800838287727e+03
2.230223297965933937e-01 2.054922371035485867e+03
2.256074066496857322e-01 2.020046379219499840e+03
2.282224474186894947e-01 1.987983698811096474e+03
2.308677994187165183e-01 1.958726990803034369e+03
2.335438139906475252e-01 1.932080531533622434e+03
2.362508465477944353e-01 1.907761817690498901e+03
2.389892566231045512e-01 1.885349981336315977e+03
2.417594079169126942e-01 1.864366632039522983e+03
2.445616683452441209e-01 1.844258587109413384e+03
2.473964100886809347e-01 1.824460925660649536e+03
2.502640096417915183e-01 1.804425651982166073e+03
2.531648478631349786e-01 1.783667266217587212e+03
2.560993100258455168e-01 1.761841936738936738e+03
2.590677858688005264e-01 1.738744674610410357e+03
2.620706696483847131e-01 1.714365986430149860e+03
2.651083601908534870e-01 1.688837035781976283e+03
2.681812609453009255e-01 1.662415498517362266e+03
2.712897800372461865e-01 1.635436801234435507e+03
2.744343303228360953e-01 1.608276735355841765e+03
2.776153294436795038e-01 1.581341186340692957e+03
2.808331998823167530e-01 1.555030136859624690e+03
2.840883690183299559e-01 1.529724186154124254e+03
2.873812691851060364e-01 1.505721639988335482e+03
2.907123377272573528e-01 1.483224106935481359e+03
2.940820170587059579e-01 1.462276059989545502e+03
2.974907547214434844e-01 1.442796691468212657e+03
3.009390034449713203e-01 1.424591596690734832e+03
3.044272212064296212e-01 1.407392271513885817e+03
3.079558712914221008e-01 1.390894799613080522e+03
3.115254223555483648e-01 1.374777169885185458e+03
3.151363484866475662e-01 1.358725522325199336e+03
3.187891292677637600e-01 1.342467192658994463e+03
3.224842498408434510e-01 1.325803071677644994e+03
3.262222009711663318e-01 1.308652513246499439e+03
3.300034791125279754e-01 1.291048098830025538e+03
3.338285864731757036e-01 1.273122229877941891e+03
3.376980310825088427e-01 1.255073681133569607e+03
3.416123268585519734e-01 1.237128227433583561e+03
3.455719936762132183e-01 1.219514248899917220e+03
3.495775574363269023e-01 1.202439277695504416e+03
3.536295501355037896e-01 1.186056720344679434e+03
3.577285099367869536e-01 1.170440571100629313e+03
3.618749812411271027e-01 1.155578845542177305e+03
3.660695147596894072e-01 1.141384492897428800e+03
3.703126675869919948e-01 1.127725397331868407e+03
3.746050032748987069e-01 1.114450274578819517e+03
3.789470919074662825e-01 1.101400936806466234e+03
3.833395101766597923e-01 1.088425037611878679e+03
3.877828414589447603e-01 1.075399169345558676e+03
3.922776758927711827e-01 1.062263207925842607e+03
3.968246104569475019e-01 1.049038412990917323e+03
4.014242490499316252e-01 1.035809688682779552e+03
4.060772025700360999e-01 1.022685049916596654e+03
4.107840889965636011e-01 1.009762553010654756e+03
4.155455334718866078e-01 9.971229318616516366e+02
4.203621683844705470e-01 9.848347363619976704e+02
4.252346334528675498e-01 9.729433620160799592e+02
4.301635758106789886e-01 9.614426909263451080e+02
4.351496500925045585e-01 9.502685304375288524e+02
4.401935185208863954e-01 9.393331908233403738e+02
4.452958509942646081e-01 9.285662347591911612e+02
4.504573251759450558e-01 9.179186406996559526e+02
4.556786265841057948e-01 9.073457133270525219e+02
4.609604486828429160e-01 8.968151562360053504e+02
4.663034929742719270e-01 8.863370389502479156e+02
4.717084690917007217e-01 8.759640166781755397e+02
4.771760948938736924e-01 8.657501604912872608e+02
4.827070965603176278e-01 8.557229653132754947e+02
4.883022086877874535e-01 8.458979015187437653e+02
4.939621743878316318e-01 8.362900667885343182e+02
4.996877453854872697e-01 8.268932395268310529e+02
5.054796821191230860e-01 8.176704462819977834e+02
5.113387538414317923e-01 8.085816135312092001e+02
5.172657387216013092e-01 7.996062288712377040e+02
5.232614239486657048e-01 7.907308812250023493e+02
5.293266058360548421e-01 7.819408354152812990e+02
5.354620899273596635e-01 7.732393706154556412e+02
5.416686911033142815e-01 7.646506618399374702e+02
5.479472336900278462e-01 7.561925543662991913e+02
5.542985515684663023e-01 7.478655793569157595e+02
5.607234882852017988e-01 7.396716462725722749e+02
5.672228971644530660e-01 7.316130584353986706e+02
5.737976414214123189e-01 7.236745725519494954e+02
5.804485942768968787e-01 7.158353408744040962e+02
5.871766390733248464e-01 7.080905166810415494e+02
5.939826693920350342e-01 7.004387150401809095e+02
6.008675891719672535e-01 6.928709919053326303e+02
6.078323128297217215e-01 6.853904767937848419e+02
6.148777653810012511e-01 6.780096992716030400e+02
6.220048825634703071e-01 6.707263148123911378e+02
6.292146109610337046e-01 6.635374766150412142e+02
6.365079081295554886e-01 6.564406227635155346e+02
6.438857427240405329e-01 6.494309884237792403e+02
6.513490946272790794e-01 6.425039745538690568e+02
6.588989550799940753e-01 6.356552733291683808e+02
6.665363268124905316e-01 6.288826226092666047e+02
6.742622241778335468e-01 6.221852666994370793e+02
6.820776732865669878e-01 6.155624916266494893e+02
6.899837121430004716e-01 6.090135818686069342e+02
6.979813907830648700e-01 6.025374240578496483e+02
7.060717714137764167e-01 5.961322551144273802e+02
7.142559285543118586e-01 5.897962973250849927e+02
7.225349491787196321e-01 5.835278237807755204e+02
7.309099328602896017e-01 5.773251571530406636e+02
7.393819919175852462e-01 5.711866685114623579e+02
7.479522515621810363e-01 5.651107761806415510e+02
7.566218500481046716e-01 5.590959446350653934e+02
7.653919388230141507e-01 5.531406834303421647e+02
7.742636826811252204e-01 5.472435461693494290e+02
7.832382599179181781e-01 5.414031295018097580e+02
7.923168624866241405e-01 5.356180721559741187e+02
8.015006961565395160e-01 5.298870540010482273e+02
8.107909806731679048e-01 5.242087951443120346e+02
8.201889499202184020e-01 5.185820755290214947e+02
8.296958520834889494e-01 5.130057789641458612e+02
8.393129498166350677e-01 5.074788365859578789e+02
8.490415204088734846e-01 5.020002121879554124e+02
8.588828559546241026e-01 4.965689015318434940e+02
8.688382635251177266e-01 4.911839316772649227e+02
8.789090653419935339e-01 4.858443603294110176e+02
8.890965989529141522e-01 4.805492752038160802e+02
8.994022174092030086e-01 4.752977934075220787e+02
9.098272894455547988e-01 4.700890608359204066e+02
9.203731996618214062e-01 4.649222515845735302e+02
9.310413487069052474e-01 4.597965673753095643e+02
9.418331534647932379e-01 4.547112369959661464e+02
9.527500472427273825e-01 4.496655157531333771e+02
9.637934799615772707e-01 4.446586849372598067e+02
9.749649183484077053e-01 4.396900512995807730e+02
9.862658461312796554e-01 4.347589465402368205e+02
9.976977642363179521e-01 4.298647268070732821e+02
1.009262190987045615e+00 4.250067722045477012e+02
1.020960662306044986e+00 4.201844912824145695e+02
1.032794731918950104e+00 4.153973534982395677e+02
1.044765971560803308e+00 4.106448665058235861e+02
1.056875971184801477e+00 4.059265573990326743e+02
1.069126339173473994e+00 4.012419722091581207e+02
1.081518702552286326e+00 3.965906755117926537e+02
1.094054707205741162e+00 3.919722500393359610e+02
1.106736018095972218e+00 3.873862962988231970e+02
1.119564319483875581e+00 3.828324321948017541e+02
1.132541315152809203e+00 3.783102926569716828e+02
1.145668728634869460e+00 3.738195292722942895e+02
1.158948303439808925e+00 3.693598099213538148e+02
1.172381803286597357e+00 3.649308184186915014e+02
1.185971012337668551e+00 3.605322541568806400e+02
1.199717735435881671e+00 3.561638317541434731e+02
1.213623798344238169e+00 3.518252807052511457e+02
1.227691047988357376e+00 3.475163450355659052e+02
1.241921352701781833e+00 3.432367829579567342e+02
1.256316602474119026e+00 3.389863665324808153e+02
1.270878709202055257e+00 3.347648837828414230e+02
1.285609606943292516e+00 3.305721909552887041e+02
1.300511252173406351e+00 3.264082084024892652e+02
1.315585624045702007e+00 3.222728656921507877e+02
1.330834724654073264e+00 3.181660989556501136e+02
1.346260579298908633e+00 3.140878506585532364e+02
1.361865236756078401e+00 3.100380693722718775e+02
1.377650769549050969e+00 3.060167095468721641e+02
1.393619274224140003e+00 3.020237312850143212e+02
1.409772871628964586e+00 2.980591001170665209e+02
1.426113707194127000e+00 2.941227867773581011e+02
1.442643951218154141e+00 2.902147669816196185e+02
1.459365799155753374e+00 2.863350212056193413e+02
1.476281471909387077e+00 2.824835344649931699e+02
1.493393216124249800e+00 2.786602960963503506e+02
1.510703304486652465e+00 2.748652995395996754e+02
1.528214036025868250e+00 2.710985421216077498e+02
1.545927736419473675e+00 2.673600248411754592e+02
1.563846758302243289e+00 2.636497521553836805e+02
1.581973481578597518e+00 2.599677320349451293e+02
1.600310313738698254e+00 2.563140196521736129e+02
1.618859690178196420e+00 2.526887625182892521e+02
1.637624074521683681e+00 2.490921145819013134e+02
1.656605958949910251e+00 2.455242239919296878e+02
1.675807864530764357e+00 2.419852330607645570e+02
1.695232341554117506e+00 2.384752782300541014e+02
1.714881969870537537e+00 2.349944900391235478e+02
1.734759359233926546e+00 2.315429930960353886e+02
1.754867149648146718e+00 2.281209060513140230e+02
1.775208011717630985e+00 2.247283415743347916e+02
1.795784647002092393e+00 2.213654063323892842e+02
1.816599788375324875e+00 2.180322009724305303e+02
1.837656200388168903e+00 2.147288201055075660e+02
1.858956679635682452e+00 2.114553522938898595e+02
1.880504055128578100e+00 2.082118800408764514e+02
1.902301188668940934e+00 2.049984797833084258e+02
1.924350975230327832e+00 2.018152218867591614e+02
1.946656343342259454e+00 1.986621706434134182e+02
1.969220255479166903e+00 1.955393842726255684e+02
1.992045708453865194e+00 1.924469320763567453e+02
2.015135733815553110e+00 1.893849578394217588e+02
2.038493398252459343e+00 1.863536172536587685e+02
2.062121803999140468e+00 1.833530522773297093e+02
2.086024089248501578e+00 1.803833913436253340e+02
2.110203428568589779e+00 1.774447495779365340e+02
2.134663033324239123e+00 1.745372290182942834e+02
2.159406152103561904e+00 1.716609188387769507e+02
2.184436071149423508e+00 1.688158955756294972e+02
2.209756114795899062e+00 1.660022233558828759e+02
2.235369645909789149e+00 1.632199541282640212e+02
2.261280066337272743e+00 1.604691278961537364e+02
2.287490817355697814e+00 1.577497729524077386e+02
2.314005380130648604e+00 1.550619061158028273e+02
2.340827276178290006e+00 1.524055329689264795e+02
2.367960067833074778e+00 1.497806480972831196e+02
2.395407358720871738e+00 1.471872353294479296e+02
2.423172794237594019e+00 1.446252679780453150e+02
2.451260062033334020e+00 1.420947090813736509e+02
2.479672892502154724e+00 1.395955139400365965e+02
2.508415059277536496e+00 1.371276553299850036e+02
2.537490379733563284e+00 1.346911123429164832e+02
2.566902715491944598e+00 1.322858517641739695e+02
2.596655972934865719e+00 1.299118280794332918e+02
2.626754103723832223e+00 1.275689838254997710e+02
2.657201105324501267e+00 1.252572499398445416e+02
2.688001021537603119e+00 1.229765461086146416e+02
2.719157943036010661e+00 1.207267811128567274e+02
2.750676007908059884e+00 1.185078531726931601e+02
2.782559402207119170e+00 1.163196502892171083e+02
2.814812360507575661e+00 1.141620505838734232e+02
2.847439166467243155e+00 1.120349226351025749e+02
2.880444153396288787e+00 1.099381258120382654e+02
2.913831704832780201e+00 1.078715106050581909e+02
2.947606255124850971e+00 1.058349189529921688e+02
2.981772290019666816e+00 1.038281845668140164e+02
3.016334347259191695e+00 1.018511332496384512e+02
3.051297017182866167e+00 9.990358321286265664e+01
3.086664943337265488e+00 9.798534545051863631e+01
3.122442823092849373e+00 9.609622680657449223e+01
3.158635408267811417e+00 9.423603111531491550e+01
3.195247505759207129e+00 9.240455560995165740e+01
3.232283978181375250e+00 9.060159093130236840e+01
3.269749744511758038e+00 8.882692143869746815e+01
3.307649780744232881e+00 8.708032551581740677e+01
3.345989120549966334e+00 8.536157587134127311e+01
3.384772855945975767e+00 8.367043983431530307e+01
3.424006137971419506e+00 8.200667964415289646e+01
3.463694177371722915e+00 8.037005273519294235e+01
3.503842245290665680e+00 7.876031201573601948e+01
3.544455673970426268e+00 7.717720614150850622e+01
3.585539857459808299e+00 7.562047978349362154e+01
3.627100252330640817e+00 7.408987389008500202e+01
3.669142378402487914e+00 7.258512594352617953e+01
3.711671819475755196e+00 7.110597021060857514e+01
3.754694224073326314e+00 6.965213798759272379e+01
3.798215306190726892e+00 6.822335783935032794e+01
3.842240846055053005e+00 6.681935583250282207e+01
3.886776690892660646e+00 6.543985539362870441e+01
3.931828755705757406e+00 6.408457681997931843e+01
3.977403024058025149e+00 6.275323848948008987e+01
4.023505548869283466e+00 6.144555729098660635e+01
4.070142453219429690e+00 6.016124882264382734e+01
4.117319931161670610e+00 5.890002758466332011e+01
4.165044248545179073e+00 5.766160716655143403e+01
4.213321743847276757e+00 5.644570042882196503e+01
4.262158829015312733e+00 5.525201967923201352e+01
4.311561990318218740e+00 5.408027684358359721e+01
4.361537789207996951e+00 5.293018363114138225e+01
4.412092863191181991e+00 5.180145169471104794e+01
4.463233926710382882e+00 5.069379278543896561e+01
4.514967772036088789e+00 4.960691890238578594e+01
4.567301270168734995e+00 4.854054243693658321e+01
4.620241371751302673e+00 4.749437631210954436e+01
4.673795107992455122e+00 4.646813411682990846e+01
4.727969591600383659e+00 4.546153023523704917e+01
4.782772017727470626e+00 4.447427997109565467e+01
4.838209664925944509e+00 4.350609938809814281e+01
4.894289896114520033e+00 4.255670374864403271e+01
4.951020159556341227e+00 4.162580892267637722e+01
5.008407989848203457e+00 4.071313240789542220e+01
5.066461008921252507e+00 3.981839342176180452e+01
5.125186927053318797e+00 3.894131298550501441e+01
5.184593543892900058e+00 3.808161400418322273e+01
5.244688749495107771e+00 3.723902134287374821e+01
5.305480525369564937e+00 3.641326189907312028e+01
5.366976945540468336e+00 3.560406467138541586e+01
5.429186177618927189e+00 3.481116082457880623e+01
5.492116483887774514e+00 3.403428375109280069e+01
5.555776222398865372e+00 3.327316912907319590e+01
5.620173848083176438e+00 3.252755497701787135e+01
5.685317913873744189e+00 3.179718170511164033e+01
5.751217071841596251e+00 3.108179216333368089e+01
5.817880074344919272e+00 3.038113168641362094e+01
5.885315775191436671e+00 2.969494813572246983e+01
5.953533130814357754e+00 2.902299193817093936e+01
6.022541201461917737e+00 2.836501605852339125e+01
6.092349152400691636e+00 2.772077481691736622e+01
6.162966255132924509e+00 2.709002413975583679e+01
6.234401888627847832e+00 2.647252282515562527e+01
6.306665540567391481e+00 2.586803260513014990e+01
6.379766808606270878e+00 2.527631815654013536e+01
6.453715401646691774e+00 2.469714711002763252e+01
6.528521141127827221e+00 2.413029005700047591e+01
6.604193962330286993e+00 2.357552055473130537e+01
6.680743915695598112e+00 2.303261512963594981e+01
6.758181168161097041e+00 2.250135327879281277e+01
6.836516004510227340e+00 2.198151746976688514e+01
6.915758828738503894e+00 2.147289313879791806e+01
6.995920165435354221e+00 2.097526868741339712e+01
7.077010661181871498e+00 2.048843547752633043e+01
7.159041085964872764e+00 2.001218782507380922e+01
7.242022334607302270e+00 1.954632299225573888e+01
7.325965428215218900e+00 1.909064117842770614e+01
7.410881515641548845e+00 1.864494550970418274e+01
7.496781874966857551e+00 1.820904202330880395e+01
7.583677914997172920e+00 1.778273913817493224e+01
7.671581176779286970e+00 1.736584719735071758e+01
7.760503335133557279e+00 1.695817944162529400e+01
7.850456200204484425e+00 1.655955211383885128e+01
7.941451719029317680e+00 1.616978443364904905e+01
8.033501977124714699e+00 1.578869857169185664e+01
8.126619200091928619e+00 1.541611962317568718e+01
8.220815755240526101e+00 1.505187558094188560e+01
8.316104153230948981e+00 1.469579730802882800e+01
8.412497049736094468e+00 1.434771850977316809e+01
8.510007247122224783e+00 1.400747570547931353e+01
8.608647696149226647e+00 1.367490819969280835e+01
8.708431497690707346e+00 1.334985805310499529e+01
8.809371904473977111e+00 1.303217005312208165e+01
8.911482322840175385e+00 1.272169168412643181e+01
9.014776314524892697e+00 1.241827309745909602e+01
9.119267598459275703e+00 1.212176708115117485e+01
9.224970052592155412e+00 1.183202902943111035e+01
9.331897715733223464e+00 1.154891691203263449e+01
9.440064789417590418e+00 1.127229110106428500e+01
9.549485639791939207e+00 1.100201386604888221e+01
9.660174799522621925e+00 1.073794985810718039e+01
9.772146969725703514e+00 1.047996626543135612e+01
9.885417021919554514e+00 1.022793277695527081e+01
9.999999999999984013e+00 9.981721546169479709e+00
