1.000000000000000048e-04 2.361324079789834514e+02
1.011591112223829728e-04 2.387800442841253243e+02
1.023316578330244966e-04 2.414573363821203884e+02
1.035177955630176363e-04 2.441646152581197668e+02
1.047176819485520245e-04 2.469022154638763595e+02
1.059314763518370031e-04 2.496704752568137167e+02
1.071593399822671198e-04 2.524697366419564446e+02
1.084014359178330883e-04 2.553003454130416969e+02
1.096579291267809898e-04 2.581626511940665409e+02
1.109289864895222780e-04 2.610570074812893608e+02
1.122147768207980425e-04 2.639837716857007308e+02
1.135154708920999033e-04 2.669433052077550883e+02
1.148312414543511137e-04 2.699359735457597935e+02
1.161622632608502026e-04 2.729621462664214846e+02
1.175087130904807752e-04 2.760221970323210599e+02
1.188707697711903445e-04 2.791165036468975700e+02
1.202486142037412301e-04 2.822454480999273301e+02
1.216424293857368039e-04 2.854094166134864849e+02
1.230524004359261579e-04 2.886087996884136828e+02
1.244787146187906256e-04 2.918439921412581270e+02
1.259215613694151213e-04 2.951153929255434036e+02
1.273811323186478520e-04 2.984234051650897186e+02
1.288576213185518003e-04 3.017684364206774603e+02
1.303512244681509209e-04 3.051508987486568003e+02
1.318621401394748729e-04 3.085712087498760638e+02
1.333905690039058638e-04 3.120297876191258410e+02
1.349367140588306701e-04 3.155270611951272599e+02
1.365007806546013845e-04 3.190634600110353745e+02
1.380829765218092534e-04 3.226394193260450720e+02
1.396835117988739897e-04 3.262553790874113702e+02
1.413025990599533870e-04 3.299117840484890962e+02
1.429404533431761061e-04 3.336090838569582502e+02
1.445972921792019735e-04 3.373477331079092778e+02
1.462733356201130139e-04 3.411281913974582380e+02
1.479688062686396383e-04 3.449509233769420575e+02
1.496839293077255632e-04 3.488163988076769897e+02
1.514189325304352289e-04 3.527250926130441258e+02
1.531740463702080011e-04 3.566774846645580510e+02
1.549495039314631917e-04 3.606740596203719065e+02
1.567455410205595065e-04 3.647153073910652097e+02
1.585623961771137158e-04 3.688017232425322618e+02
1.604003107056820173e-04 3.729338078533053249e+02
1.622595287078087273e-04 3.771120673724412882e+02
1.641402971144466632e-04 3.813370134780270746e+02
1.660428657187529853e-04 3.856091634362849732e+02
1.679674872092653496e-04 3.899290401572812925e+02
1.699144172034626271e-04 3.942971722154879330e+02
1.718839142817145805e-04 3.987140939255361332e+02
1.738762400216250798e-04 4.031803454290407558e+02
1.758916590327733002e-04 4.076964727570930336e+02
1.779304389918577567e-04 4.122630278930448640e+02
1.799928506782476725e-04 4.168805688359288411e+02
1.820791680099462630e-04 4.215496596645581349e+02
1.841896680799711133e-04 4.262708706021272747e+02
1.863246311931559835e-04 4.310447778107769068e+02
1.884843409033795745e-04 4.358719628666112840e+02
1.906690840512252356e-04 4.407530134718386989e+02
1.928791508020778235e-04 4.456885236795010314e+02
1.951148346846616683e-04 4.506790939599699755e+02
1.973764326300255834e-04 4.557253312681269222e+02
1.996642450109793916e-04 4.608278491111875041e+02
2.019785756819878484e-04 4.659872676172204251e+02
2.043197320195270865e-04 4.712042136054299704e+02
2.066880249629082160e-04 4.764793206824256799e+02
2.090837690555750453e-04 4.818132293156328956e+02
2.115072824868795298e-04 4.872065868783000155e+02
2.139588871343421834e-04 4.926600477202236448e+02
2.164389086064020889e-04 4.981742732405541005e+02
2.189476762856621176e-04 5.037499319612949762e+02
2.214855233726359721e-04 5.093876996015646341e+02
2.240527869300018495e-04 5.150882591525587486e+02
2.266498079273692845e-04 5.208523005705807236e+02
2.292769312865648918e-04 5.266805189883393723e+02
2.319345059274427814e-04 5.325736161160787105e+02
2.346228848142263134e-04 5.385323010857293866e+02
2.373424250023866691e-04 5.445572905263348957e+02
2.400934876860652035e-04 5.506493086391477618e+02
2.428764382460451090e-04 5.568090872734537697e+02
2.456916462982790305e-04 5.630373660030610381e+02
2.485394857429798965e-04 5.693348922075724658e+02
2.514203348142797370e-04 5.757024215347795462e+02
2.543345761304648903e-04 5.821407183184367113e+02
2.572825967447932359e-04 5.886505550552453769e+02
2.602647881969005024e-04 5.952327124141399963e+02
2.632815465648020731e-04 6.018879793185742528e+02
2.663332725174980963e-04 6.086171530295831644e+02
2.694203713681882413e-04 6.154210392296280361e+02
2.725432531281028249e-04 6.223004521071960653e+02
2.757023325609583289e-04 6.292562142185295215e+02
2.788980292380439777e-04 6.362891542183002684e+02
2.821307675939471824e-04 6.434001077529972008e+02
2.854009769829237591e-04 6.505899190927809741e+02
2.887090917359235484e-04 6.578594412397967517e+02
2.920555512182745244e-04 6.652095360118927374e+02
2.954407998880380793e-04 6.726410741269908158e+02
2.988652873550383024e-04 6.801549352881885397e+02
3.023294684405777215e-04 6.877520082694522898e+02
3.058338032378432473e-04 6.954331906563585335e+02
3.093787571730137595e-04 7.031993881284927284e+02
3.129648010670751349e-04 7.110515153990639874e+02
3.165924111983521496e-04 7.189904965238316663e+02
3.202620693657651165e-04 7.270172649883556915e+02
3.239742629528196056e-04 7.351327637959722097e+02
3.277294849923383015e-04 7.433379455563857618e+02
3.315282342319423692e-04 7.516337725750191794e+02
3.353710152002930081e-04 7.600212168865922422e+02
3.392583382740992667e-04 7.685012588575232257e+02
3.431907197459043682e-04 7.770748870506080266e+02
3.471686818926560223e-04 7.857430998525730956e+02
3.511927530450728672e-04 7.945069056458851264e+02
3.552634676578139803e-04 8.033673228980098884e+02
3.593813663804626239e-04 8.123253802513423807e+02
3.635469961293318715e-04 8.213821166137681757e+02
3.677609101601031711e-04 8.305385812498267342e+02
3.720236681413067385e-04 8.397958334839759118e+02
3.763358362286533740e-04 8.491549407893778607e+02
3.806979871402285448e-04 8.586169802518298866e+02
3.851107002325569739e-04 8.681830395162656941e+02
3.895745615775502574e-04 8.778542168780776365e+02
3.940901640403448279e-04 8.876316213734428402e+02
3.986581073580439810e-04 8.975163728702353865e+02
4.032789982193706307e-04 9.075096021594952163e+02
4.079534503452450522e-04 9.176124510294355332e+02
4.126820845702952557e-04 9.278260703961595937e+02
4.174655289253135972e-04 9.381516185140841344e+02
4.223044187206673248e-04 9.485902642498738260e+02
4.271993966306778055e-04 9.591431875735501080e+02
4.321511127789762923e-04 9.698115796454783322e+02
4.371602248248503283e-04 9.805966429037060834e+02
4.422273980505898373e-04 9.914995911517090690e+02
4.473533054498464575e-04 1.002521649646496712e+03
4.525386278170167947e-04 1.013664054936322714e+03
4.577840538376617388e-04 1.024928052143445029e+03
4.630902801799738800e-04 1.036314895928302121e+03
4.684580115873046222e-04 1.047825852483176050e+03
4.738879609717652546e-04 1.059462199650473622e+03
4.793808495089108153e-04 1.071225227006297246e+03
4.849374067335234439e-04 1.083116235944199161e+03
4.905583706365046568e-04 1.095136539759107336e+03
4.962444877628915604e-04 1.107287463731354137e+03
5.019965133110080614e-04 1.119570344217855336e+03
5.078152112327671743e-04 1.131986526273747359e+03
5.137013543351340219e-04 1.144537366264608636e+03
5.196557243827659538e-04 1.157224232645569145e+03
5.256791122018420349e-04 1.170048506039985341e+03
5.317723177850967571e-04 1.183011579318154418e+03
5.379361503980699009e-04 1.196114857676023121e+03
5.441714286865889172e-04 1.209359758713941574e+03
5.504789807854969502e-04 1.222747712340778435e+03
5.568596444286410272e-04 1.236280155861483991e+03
5.633142670601353798e-04 1.249958533066369228e+03
5.698437059469137721e-04 1.263784299636870855e+03
5.764488282925875340e-04 1.277758923519759719e+03
5.831305113526219844e-04 1.291883884991341802e+03
5.898896425508494586e-04 1.306160676721503023e+03
5.967271195973311917e-04 1.320590803837173553e+03
6.036438506075865983e-04 1.335175783985520411e+03
6.106407542232038244e-04 1.349917147005976631e+03
6.177187597338490302e-04 1.364816432861089652e+03
6.248788072006889295e-04 1.379875193102755475e+03
6.321218475812450180e-04 1.395094991873786284e+03
6.394488428556939106e-04 1.410477405966445986e+03
6.468607661546322196e-04 1.426024024878024193e+03
6.543586018883232108e-04 1.441736450866011864e+03
6.619433458774390093e-04 1.457616299002504547e+03
6.696160054853217717e-04 1.473665197190835670e+03
6.773775997517746681e-04 1.489884781494482240e+03
6.852291595284059830e-04 1.506276691273559209e+03
6.931717276155402148e-04 1.522842577163970418e+03
7.012063589007179638e-04 1.539584102179250749e+03
7.093341204987991394e-04 1.556502941742427538e+03
7.175560918936924699e-04 1.573600783716761725e+03
7.258733650817247602e-04 1.590879328435355319e+03
7.342870447166760257e-04 1.608340288729533313e+03
7.427982482564913450e-04 1.625985389776399415e+03
7.514081061116963198e-04 1.643816366986233788e+03
7.601177617955326210e-04 1.661834966628060783e+03
7.689283720758308604e-04 1.680042947355654633e+03
7.778411071286484360e-04 1.698442080255507790e+03
7.868571506936848170e-04 1.717034148862713664e+03
7.959777002314981234e-04 1.735820949175315945e+03
8.052039670825472846e-04 1.754804289667223657e+03
8.145371766280737639e-04 1.773985991299327907e+03
8.239785684528515806e-04 1.793367883686752066e+03
8.335293965098190729e-04 1.812951794963807060e+03
8.431909292866253619e-04 1.832739561896557234e+03
8.529644499741018170e-04 1.852733032836718621e+03
8.628512566366892044e-04 1.872934067700837659e+03
8.728526623848374341e-04 1.893344537947376011e+03
8.829699955494085860e-04 1.913966326551636712e+03
8.932045998580961195e-04 1.934801327978388144e+03
9.035578346138924653e-04 1.955851448001112431e+03
9.140310748756226740e-04 1.977118598969686900e+03
9.246257116405735008e-04 1.998604698623413924e+03
9.353431520292382036e-04 2.020311675246794721e+03
9.461848194721997124e-04 2.042241467941149949e+03
9.571521538991858893e-04 2.064396026570399044e+03
9.682466119303117331e-04 2.086777311704077420e+03
9.794696670695391023e-04 2.109387294557554924e+03
9.908228099003791103e-04 2.132227956929526044e+03
1.002307548283864732e-03 2.155301288876902618e+03
1.013925407558814544e-03 2.178609275609023825e+03
1.025677930744421434e-03 2.202153905683517678e+03
1.037566678745185456e-03 2.225937176895910852e+03
1.049593230558226948e-03 2.249961096194049787e+03
1.061759183482999420e-03 2.274227679570956298e+03
1.074066153333433013e-03 2.298738951954168897e+03
1.086515774652537783e-03 2.323496947091447964e+03
1.099109700929496542e-03 2.348503707362976002e+03
1.111849604819270662e-03 2.373761273215555320e+03
1.124737178364751356e-03 2.399271671290337508e+03
1.137774133221490730e-03 2.425036932445707407e+03
1.150962200885031431e-03 2.451059094179053773e+03
1.164303132920876341e-03 2.477340200451529654e+03
1.177798701197118681e-03 2.503882301508203909e+03
1.191450698119775244e-03 2.530687453693653424e+03
1.205260936870841855e-03 2.557757719262947376e+03
1.219231251649110278e-03 2.585095164874940565e+03
1.233363497913775222e-03 2.612701844766458180e+03
1.247659552630868939e-03 2.640579804706545929e+03
1.262121314522546408e-03 2.668731093891506589e+03
1.276750704319265127e-03 2.697157764971521829e+03
1.291549665014883131e-03 2.725861873797753560e+03
1.306520162124720367e-03 2.754845479164157950e+03
1.321664183946604648e-03 2.784110642543625090e+03
1.336983741824946011e-03 2.813659427818275162e+03
1.352480870417874584e-03 2.843493892596093701e+03
1.368157627967470829e-03 2.873616064332770293e+03
1.384016096573131068e-03 2.904027962901333922e+03
1.400058382468096939e-03 2.934731607388850080e+03
1.416286616299197981e-03 2.965729015749085193e+03
1.432702953409829925e-03 2.997022204448834145e+03
1.449309574126215940e-03 3.028613188107463429e+03
1.466108684046983808e-03 3.060503979129748132e+03
1.483102514336103470e-03 3.092696586655495139e+03
1.500293322019217047e-03 3.125192993233843026e+03
1.517683390283404692e-03 3.157995147708635614e+03
1.535275028780421847e-03 3.191104991077460909e+03
1.553070573933459063e-03 3.224524457783470098e+03
1.571072389247449340e-03 3.258255475252157339e+03
1.589282865622977398e-03 3.292299963420176482e+03
1.607704421673822760e-03 3.326659834256893646e+03
1.626339504048191073e-03 3.361336991277902143e+03
1.645190587753661863e-03 3.396333325630934723e+03
1.664260176485902803e-03 3.431650694731186377e+03
1.683550802961201673e-03 3.467290934483560704e+03
1.703065029252843121e-03 3.503255868671421013e+03
1.722805447131393322e-03 3.539547308432832779e+03
1.742774678408918554e-03 3.576167051691019878e+03
1.762975375287204483e-03 3.613116882576740409e+03
1.783410220710006724e-03 3.650398570842316531e+03
1.804081928719382128e-03 3.688013871120626845e+03
1.824993244816151307e-03 3.725964496140833944e+03
1.846146946324546618e-03 3.764252084391925564e+03
1.867545842761074654e-03 3.802878246678968935e+03
1.889192776207665675e-03 3.841844572545367555e+03
1.911090621689137074e-03 3.881152629554667783e+03
1.933242287555043959e-03 3.920803962563482855e+03
1.955650715865948734e-03 3.960800092985382435e+03
1.978318882784163655e-03 4.001142518046164241e+03
2.001249798969035980e-03 4.041832707932589074e+03
2.024446509976802599e-03 4.082872076735191513e+03
2.047912096665084614e-03 4.124261987888994554e+03
2.071649675602067840e-03 4.166003774750582124e+03
2.095662399480431679e-03 4.208098740294559320e+03
2.119953457536069303e-03 4.250548156268365346e+03
2.144526075971666789e-03 4.293353262338368950e+03
2.169383518385183292e-03 4.336515265227568307e+03
2.194529086203312468e-03 4.380035337844535206e+03
2.219966119119953351e-03 4.423914602110798114e+03
2.245697995539773072e-03 4.468154079528668262e+03
2.271728133026903931e-03 4.512754736092047096e+03
2.298059988758849835e-03 4.557717496490766280e+03
2.324697059985647227e-03 4.603043243120408079e+03
2.351642884494347698e-03 4.648732815083919377e+03
2.378901041078892130e-03 4.694787007185437687e+03
2.406475150015422761e-03 4.741206568916185461e+03
2.434368873543109931e-03 4.787992202390372768e+03
2.462585916350545565e-03 4.835144522646104633e+03
2.491130026067787072e-03 4.882664043403440701e+03
2.520004993764090716e-03 4.930551221903569058e+03
2.549214654451422042e-03 4.978806461047506673e+03
2.578762887593799742e-03 5.027430108267386458e+03
2.608653617622546696e-03 5.076422454391570682e+03
2.638890814457508453e-03 5.125783732503597093e+03
2.669478494034319832e-03 5.175514116795791779e+03
2.700420718837771242e-03 5.225613719537072939e+03
2.731721598441374903e-03 5.276082577797164049e+03
2.763385290053167829e-03 5.326920659410307053e+03
2.795415999067855668e-03 5.378127867790219170e+03
2.827817979625339880e-03 5.429704040771992368e+03
2.860595535175740160e-03 5.481648949422707119e+03
2.893753019050949830e-03 5.533962296848558253e+03
2.927294835042814833e-03 5.586643716999010394e+03
2.961225437988033050e-03 5.639692772862610582e+03
2.995549334359811234e-03 5.693108824768423801e+03
3.030271082866395349e-03 5.746890859402003116e+03
3.065395295056525492e-03 5.801037732751418844e+03
3.100926635931925118e-03 5.855548207632116828e+03
3.136869824566874444e-03 5.910420952187081639e+03
3.173229634734975584e-03 5.965654538389307163e+03
3.210010895543170123e-03 6.021247440547190308e+03
3.247218492073126669e-03 6.077198033813599068e+03
3.284857366030041314e-03 6.133504635085649170e+03
3.322932516398970689e-03 6.190166110802560979e+03
3.361449000108763119e-03 6.247181759622738355e+03
3.400411932703704086e-03 6.304550833370090913e+03
3.439826489022923713e-03 6.362272523191660184e+03
3.479697903887689868e-03 6.420345958783376773e+03
3.520031472796677097e-03 6.478770207617834785e+03
3.560832552629275994e-03 6.537544274175828832e+03
3.602106562357069216e-03 6.596667099180223886e+03
3.643858983763542669e-03 6.656136639493013718e+03
3.686095362172155891e-03 6.715946964625852161e+03
3.728821307182831907e-03 6.776090932803370379e+03
3.772042493416996253e-03 6.836561129006012379e+03
3.815764661271247096e-03 6.897349861465510912e+03
3.859993617679764906e-03 6.958449158247585729e+03
3.904735236885557934e-03 7.019850763926827312e+03
3.949995461220641955e-03 7.081546136359702359e+03
3.995780301895267457e-03 7.143526656951092264e+03
4.042095839796303568e-03 7.205792309553808082e+03
4.088948226294858955e-03 7.268355057120494166e+03
4.136343684063272831e-03 7.331228135911091158e+03
4.184288507901578850e-03 7.394425251366917109e+03
4.232789065573546415e-03 7.457960584363649104e+03
4.281851798652410411e-03 7.521848797731572631e+03
4.331483223376396928e-03 7.586105043059857962e+03
4.381689931514188077e-03 7.650744967799931146e+03
4.432478591240393562e-03 7.715777562674174078e+03
4.483855948021185124e-03 7.781156410395580679e+03
4.535828825510184945e-03 7.846807377520448426e+03
4.588404126454754574e-03 7.912653678331111223e+03
4.641588833612774606e-03 7.978615994090264394e+03
4.695390010680057340e-03 8.044612458945769504e+03
4.749814803228498243e-03 8.110558654020535869e+03
4.804870439655126689e-03 8.176367610118863013e+03
4.860564232142133151e-03 8.241950013191510152e+03
4.916903577628024651e-03 8.307265440722698258e+03
4.973895958790060245e-03 8.372393580015859698e+03
5.031548945038048955e-03 8.437434382270936112e+03
5.089870193519678392e-03 8.502491210502463218e+03
5.148867450137491197e-03 8.567670836610732295e+03
5.208548550577657595e-03 8.633083451499012881e+03
5.268921421350668960e-03 8.698842689020068065e+03
5.329994080844086858e-03 8.765065664541674778e+03
5.391774640387498457e-03 8.831866597811242173e+03
5.454271305329828380e-03 8.899258335398544659e+03
5.517492376129119747e-03 8.967168499513181814e+03
5.581446249454959617e-03 9.035519909514552637e+03
5.646141419303662458e-03 9.104232941718812071e+03
5.711586478126426739e-03 9.173225493245521648e+03
5.777790117970500218e-03 9.242412953102091706e+03
5.844761131633627142e-03 9.311708180901930973e+03
5.912508413831872763e-03 9.381021493618714885e+03
5.981040962380937930e-03 9.450276436613321493e+03
6.050367879391214433e-03 9.519462453502061180e+03
6.120498372476694711e-03 9.588587192701405002e+03
6.191441755977841743e-03 9.657658730360157278e+03
6.263207452198682815e-03 9.726685570788153200e+03
6.335804992658246836e-03 9.795676647098243848e+03
6.409244019356445839e-03 9.864641321884786521e+03
6.483534286054717238e-03 9.933589387949403317e+03
6.558685659571428586e-03 1.000253081143195777e+04
6.634708121092339726e-03 1.007146419801653064e+04
6.711611767496278476e-03 1.014037177180551771e+04
6.789406812696106158e-03 1.020923418824267719e+04
6.868103588995296514e-03 1.027803172723237549e+04
6.947712548460231209e-03 1.034674429504266118e+04
7.028244264308346374e-03 1.041535142655974050e+04
7.109709432312428558e-03 1.048383228790320391e+04
7.192118872221184116e-03 1.055216567940789901e+04
7.275483529196219955e-03 1.062033060129772457e+04
7.359814475265760887e-03 1.068831029762966864e+04
7.445122910795134823e-03 1.075609002930033057e+04
7.531420165974363201e-03 1.082365490793188110e+04
7.618717702322989373e-03 1.089098988449600438e+04
7.707027114212296713e-03 1.095807975260782950e+04
7.796360130405225256e-03 1.102490915196725655e+04
7.886728615614147300e-03 1.109146257194646751e+04
7.978144572076614760e-03 1.115772435273317387e+04
8.070620141149495441e-03 1.122367783083656104e+04
8.164167604921463567e-03 1.128930407152885164e+04
8.258799387844257406e-03 1.135458361893867550e+04
8.354528058382861000e-03 1.141949681194107143e+04
8.451366330684714073e-03 1.148402378981083712e+04
8.549327066268371661e-03 1.154814449813335523e+04
8.648423275731715806e-03 1.161183869497510204e+04
8.748668120479906676e-03 1.167508595731556852e+04
8.850074914473426979e-03 1.173786566891820985e+04
8.952657125996391421e-03 1.180015671969986215e+04
9.056428379445279064e-03 1.186193755581729783e+04
9.161402457138508384e-03 1.192318644922855856e+04
9.267593301146874116e-03 1.198388151425200704e+04
9.375015015145274355e-03 1.204400071590131483e+04
9.483681866285915280e-03 1.210352187850693736e+04
9.593608287093137454e-03 1.216242269462362310e+04
9.704808877380292215e-03 1.222068073422438829e+04
9.817298406188829443e-03 1.227827317642388880e+04
9.931091813749784100e-03 1.233517584164566142e+04
1.004620421346811773e-02 1.239136407766275261e+04
1.016265089392994099e-02 1.244681311610894772e+04
1.028044732093308204e-02 1.250149808428655888e+04
1.039960913954119000e-02 1.255539401730644204e+04
1.052015217616157974e-02 1.260847587057053533e+04
1.064209244064722934e-02 1.266071853259778072e+04
1.076544612842314681e-02 1.271209682583040012e+04
1.089022962263729542e-02 1.276258490963538497e+04
1.101645949633655273e-02 1.281215600259285566e+04
1.114415251466786827e-02 1.286078321688680080e+04
1.127332563710485222e-02 1.290843964390986548e+04
1.140399601970031561e-02 1.295509837033448275e+04
1.153618101736477233e-02 1.300073249455344740e+04
1.166989818617145645e-02 1.304531514348310884e+04
1.180516528568804208e-02 1.308881948971997917e+04
1.194200028133531391e-02 1.313121859410658180e+04
1.208042134677327073e-02 1.317248409948173139e+04
1.222044686631487166e-02 1.321258696733868419e+04
1.236209543736768203e-02 1.325149824318113133e+04
1.250538587290389754e-02 1.328918908344468946e+04
1.265033720395902610e-02 1.332563077695388529e+04
1.279696868215939552e-02 1.336079476675705519e+04
1.294529978227914289e-02 1.339465267232350197e+04
1.309535020482666470e-02 1.342717631085918765e+04
1.324713987866115404e-02 1.345833719993670275e+04
1.340068896363949026e-02 1.348810576545248296e+04
1.355601785329367710e-02 1.351645247694221507e+04
1.371314717753943473e-02 1.354334808125221934e+04
1.387209780541619544e-02 1.356876362885095295e+04
1.403289084785870784e-02 1.359267050045497308e+04
1.419554766050099524e-02 1.361504043394674591e+04
1.436008984651259215e-02 1.363584555155548514e+04
1.452653925946778904e-02 1.365505832013990585e+04
1.469491800624815429e-02 1.367265040938281527e+04
1.486524844997855720e-02 1.368859286367254390e+04
1.503755321299736145e-02 1.370285717666878736e+04
1.521185517986103040e-02 1.371541535919486705e+04
1.538817750038344936e-02 1.372623997055135260e+04
1.556654359271059974e-02 1.373530414997440857e+04
1.574697714643085236e-02 1.374258164820270940e+04
1.592950212572120244e-02 1.374804685911232264e+04
1.611414277253018015e-02 1.375167463574937028e+04
1.630092360979739502e-02 1.375343952543221349e+04
1.648986944471062324e-02 1.375331651711952509e+04
1.668100537200057146e-02 1.375128137138006241e+04
1.687435677727374198e-02 1.374731065395078258e+04
1.706994934038405520e-02 1.374138176911374831e+04
1.726780903884354151e-02 1.373347299288425347e+04
1.746796215127244256e-02 1.372356350595447111e+04
1.767043526088944369e-02 1.371163342351918800e+04
1.787525525904233581e-02 1.369766367310289206e+04
1.808244934877948837e-02 1.368163594764634581e+04
1.829204504846291754e-02 1.366353295573734067e+04
1.850407019542300510e-02 1.364333847286492528e+04
1.871855294965576663e-02 1.362103737244358126e+04
1.893552179756293266e-02 1.359661565622442686e+04
1.915500555573526609e-02 1.357006048403700333e+04
1.937703337477986176e-02 1.354136020280215962e+04
1.960163474319183419e-02 1.351050451926189817e+04
1.982883949127068474e-02 1.347748567587678190e+04
2.005867779508231641e-02 1.344229785109150544e+04
2.029118018046676200e-02 1.340493649913951231e+04
2.052637752709248961e-02 1.336539836488235596e+04
2.076430107255772262e-02 1.332368150378252358e+04
2.100498241653913495e-02 1.327978530074647824e+04
2.124845352498879944e-02 1.323371048778687873e+04
2.149474673437978475e-02 1.318545916306682011e+04
2.174389475600078253e-02 1.313503626122935748e+04
2.199593068030071888e-02 1.308245195414484442e+04
2.225088798128367282e-02 1.302771836260287819e+04
2.250880052095458397e-02 1.297084891317102301e+04
2.276970255381677299e-02 1.291185833817043749e+04
2.303362873142129202e-02 1.285076267429771542e+04
2.330061410696921201e-02 1.278757925987747149e+04
2.357069413996725274e-02 1.272232673073212209e+04
2.384390470093718586e-02 1.265502531776864816e+04
2.412028207618003781e-02 1.258570245704560512e+04
2.439986297259547771e-02 1.251439210536730025e+04
2.468268452255688306e-02 1.244112940591742699e+04
2.496878428884323833e-02 1.236595045776154984e+04
2.525820026962782502e-02 1.228889228577475842e+04
2.555097090352503181e-02 1.220999280978489878e+04
2.584713507469561106e-02 1.212929081296739969e+04
2.614673211801089858e-02 1.204682590952987630e+04
2.644980182427715890e-02 1.196264103927237375e+04
2.675638444552042375e-02 1.187679217044887992e+04
2.706652070033239293e-02 1.178933931892708824e+04
2.738025177927854228e-02 1.170034262451117138e+04
2.769761935036888292e-02 1.160986229158050082e+04
2.801866556459190957e-02 1.151795853191327296e+04
2.834343306151305975e-02 1.142469150873524450e+04
2.867196497493766996e-02 1.133012128204559849e+04
2.900430493863987227e-02 1.123430791979059904e+04
2.934049709215783702e-02 1.113732142132417175e+04
2.968058608665600367e-02 1.103924695926591085e+04
3.002461709085545161e-02 1.094016982876956354e+04
3.037263579703308389e-02 1.084017395670031874e+04
3.072468842709001266e-02 1.073934183569385095e+04
3.108082173869059980e-02 1.063775446315605768e+04
3.144108303147261779e-02 1.053549128513553114e+04
3.180552015332915178e-02 1.043263014499012752e+04
3.217418150676367578e-02 1.032924901145504919e+04
3.254711605531845214e-02 1.022544071101940790e+04
3.292437333007763867e-02 1.012130465475112578e+04
3.330600343624585263e-02 1.001693745736324854e+04
3.369205705980264642e-02 9.912432807571820376e+03
3.408258547423447665e-02 9.807881444221939091e+03
3.447764054734461098e-02 9.703371140429404477e+03
3.487727474814172890e-02 9.598986695377127035e+03
3.528154115380878475e-02 9.494809946091920210e+03
3.569049345675226470e-02 9.390929428522069429e+03
3.610418597173332272e-02 9.287456927388368058e+03
3.652267364308171838e-02 9.184504235328020513e+03
3.694601205199299354e-02 9.082178448561375262e+03
3.737425742391059513e-02 8.980582029723816959e+03
3.780746663599345719e-02 8.879812882666163205e+03
3.824569722466996530e-02 8.779964438320766931e+03
3.868900739327971183e-02 8.681125750753855755e+03
3.913745601980380545e-02 8.583380862091795279e+03
3.959110266468453265e-02 8.486794272037919654e+03
4.005000757873606460e-02 8.391412666476633603e+03
4.051423171114643812e-02 8.297279605926061777e+03
4.098383671757255958e-02 8.204436205006335513e+03
4.145888496832907111e-02 8.112921218466209211e+03
4.193943955667183560e-02 8.022771128773644705e+03
4.242556430717771970e-02 7.934020235021235749e+03
4.291732378422153521e-02 7.846700742912777969e+03
4.341478330055086043e-02 7.760853332623246388e+03
4.391800892596080946e-02 7.676569697875369457e+03
4.442706749606879085e-02 7.593953931677733635e+03
4.494202662119135827e-02 7.513105087184232616e+03
4.546295469532394412e-02 7.434117448120171503e+03
4.598992090522435044e-02 7.357080818680766242e+03
4.652299523960182898e-02 7.282080823619975490e+03
4.706224849841277036e-02 7.209199217536548531e+03
4.760775230226364785e-02 7.138505006499012779e+03
4.815957910192344982e-02 7.069950002154431786e+03
4.871780218794626721e-02 7.003410493556907568e+03
4.928249570040506289e-02 6.938765805920504135e+03
4.985373463873887800e-02 6.875899571532718255e+03
5.043159487171355176e-02 6.814699487524390861e+03
5.101615314749827212e-02 6.755057091813067927e+03
5.160748710385902605e-02 6.696867563227579922e+03
5.220567527846971256e-02 6.640039998622956773e+03
5.281079711934324322e-02 6.584517674247487776e+03
5.342293299538347640e-02 6.530251418330688466e+03
5.404216420705911655e-02 6.477193536216226676e+03
5.466857299720174340e-02 6.425297747942761816e+03
5.530224256192894927e-02 6.374519128914834255e+03
5.594325706169369500e-02 6.324813970404581596e+03
5.659170163246236840e-02 6.276103081655859569e+03
5.724766239702173964e-02 6.228215926047208086e+03
5.791122647641750582e-02 6.180972290173094734e+03
5.858248200152529894e-02 6.134197264997583261e+03
5.926151812475548286e-02 6.087721093611745346e+03
5.994842503189401484e-02 6.041379067013580425e+03
6.064329395408056544e-02 5.995011176554445228e+03
6.134621717992497919e-02 5.948459631694794552e+03
6.205728806776493467e-02 5.901570203244217737e+03
6.277660105806494306e-02 5.854193856800676258e+03
6.350425168595953684e-02 5.806186875762936324e+03
6.424033659394184914e-02 5.757411002937155899e+03
6.498495354469883967e-02 5.707731782794900937e+03
6.573820143409576933e-02 5.657003927875972295e+03
6.650018030431112392e-02 5.605079960753756495e+03
6.727099135712333311e-02 5.551819712198908746e+03
6.805073696735199074e-02 5.497090762412521144e+03
6.883952069645490890e-02 5.440768840742818611e+03
6.963744730628212976e-02 5.382750008471468391e+03
7.044462277299029518e-02 5.322970268028972896e+03
7.126115430111740201e-02 5.261378191443760443e+03
7.208715033782125969e-02 5.197929747216114265e+03
7.292272058728306583e-02 5.132588556886340484e+03
7.376797602527726538e-02 5.065335604987521947e+03
7.462302891391099646e-02 4.996214454326669511e+03
7.548799281653424675e-02 4.925293089074881209e+03
7.636298261282230271e-02 4.852642958784309485e+03
7.724811451403391926e-02 4.778338811020483263e+03
7.814350607844536278e-02 4.702472658717427294e+03
7.904927622696410194e-02 4.625210845985429842e+03
7.996554525892338172e-02 4.546739691398000105e+03
8.089243486805931804e-02 4.467240441699217627e+03
8.183006815867380213e-02 4.386889017696865267e+03
8.277856966198465782e-02 4.305883074432378635e+03
8.373806535266484219e-02 4.224468968712410970e+03
8.470868266557393667e-02 4.142887159086115389e+03
8.569055051268339995e-02 4.061364368974849640e+03
8.668379930019762258e-02 3.980120495128349376e+03
8.768856094587416938e-02 3.899416934525857869e+03
8.870496889654395922e-02 3.819522886208687396e+03
8.973315814583508743e-02 3.740687020266095260e+03
9.077326525210215047e-02 3.663140149260301769e+03
9.182542835656276603e-02 3.587136962525189119e+03
9.288978720164486891e-02 3.512948514161934327e+03
9.396648314954682280e-02 3.440822943393236073e+03
9.505565920101186062e-02 3.370985575804571454e+03
9.615746001432085022e-02 3.303640200860888399e+03
9.727203192450530056e-02 3.238963285874025132e+03
9.839952296278213495e-02 3.177107887444717107e+03
9.954008287621508855e-02 3.118212758514154302e+03
1.006938631476026330e-01 3.062404533217820699e+03
1.018610170155973965e-01 3.009780648565290448e+03
1.030416994950586612e-01 2.960314702516102443e+03
1.042360673976400476e-01 2.913938234633829325e+03
1.054442793526167294e-01 2.870588130599067426e+03
1.066664958279537889e-01 2.830204617574218901e+03
1.079028791516182112e-01 2.792644469023027341e+03
1.091535935331389984e-01 2.757657067634234863e+03
1.104188050854159470e-01 2.724998711165812892e+03
1.116986818467821246e-01 2.694439327429933201e+03
1.129933938033220592e-01 2.665728155240953583e+03
1.143031129114477906e-01 2.638541446356796314e+03
1.156280131207374218e-01 2.612555931589127340e+03
1.169682703970383736e-01 2.587461465511091774e+03
1.183240627458377325e-01 2.562947947349942751e+03
1.196955702359041446e-01 2.538681382482740446e+03
1.210829750232038649e-01 2.514333644666447071e+03
1.224864613750929060e-01 2.489589224405676305e+03
1.239062156947914467e-01 2.464149144881107986e+03
1.253424265461398623e-01 2.437735263400155873e+03
1.267952846786432330e-01 2.410084420616753505e+03
1.282649830528058976e-01 2.380951722260726910e+03
1.297517168657586206e-01 2.350168551729815135e+03
1.312556835771841179e-01 2.317636220927398881e+03
1.327770829355428006e-01 2.283271264631747727e+03
1.343161170046014707e-01 2.247034644112506612e+03
1.358729901902707704e-01 2.209028978607715544e+03
1.374479092677535763e-01 2.169394978889212780e+03
1.390410834090068104e-01 2.128279428954381274e+03
1.406527242105235220e-01 2.085915365197683059e+03
1.422830457214351030e-01 2.042599208242047553e+03
1.439322644719404909e-01 1.998614691940951616e+03
1.456005995020647481e-01 1.954269822587370754e+03
1.472882723907500968e-01 1.909922586715915941e+03
1.489955072852852114e-01 1.865910108990989784e+03
1.507225309310754602e-01 1.822564238881580650e+03
1.524695727017571223e-01 1.780250509972152486e+03
1.542368646296626011e-01 1.739310868865605698e+03
1.560246414366366907e-01 1.700054089028009457e+03
1.578331405652114716e-01 1.662758410032336542e+03
1.596626022101423625e-01 1.627675599493818254e+03
1.615132693503088801e-01 1.594992266077040085e+03
1.633853877809858524e-01 1.564762827383663989e+03
1.652792061464892492e-01 1.537018045570531285e+03
1.671949759731987672e-01 1.511704541360757958e+03
1.691329517029645513e-01 1.488623103279257975e+03
1.710933907269012455e-01 1.467570609756453905e+03
1.730765534195721767e-01 1.448280878930763720e+03
1.750827031735721628e-01 1.430429581861720862e+03
1.771121064345085594e-01 1.413701811039278709e+03
1.791650327363897566e-01 1.397763087376496287e+03
1.812417547374234328e-01 1.382280083900051068e+03
1.833425482562288100e-01 1.366926649568148605e+03
1.854676923084695728e-01 1.351376331138143996e+03
1.876174691439118081e-01 1.335318419715901882e+03
1.897921642839097145e-01 1.318481056793988046e+03
1.919920665593281006e-01 1.300621653153800025e+03
1.942174681489023391e-01 1.281568811179382919e+03
1.964686646180442142e-01 1.261263896313345185e+03
1.987459549580979923e-01 1.239695532063482005e+03
2.010496416260496022e-01 1.217004221272020004e+03
2.033800305846977796e-01 1.193381853163581354e+03
2.057374313432909774e-01 1.169092571596660719e+03
2.081221569986336506e-01 1.144449916984446645e+03
2.105345242766701597e-01 1.119768615048654283e+03
2.129748535745517590e-01 1.095372524451803883e+03
2.154434690031879762e-01 1.071561135149086567e+03
2.179406984302951489e-01 1.048606848858956710e+03
2.204668735239406208e-01 1.026748321815219015e+03
2.230223297965933937e-01 1.006162576856117767e+03
2.256074066496857322e-01 9.869862914462592016e+02
2.282224474186894947e-01 9.692618533919177253e+02
2.308677994187165183e-01 9.529849696916435278e+02
2.335438139906475252e-01 9.380558785567532141e+02
2.362508465477944353e-01 9.243313296882731720e+02
2.389892566231045512e-01 9.115980289130503706e+02
2.417594079169126942e-01 8.996144997367962333e+02
2.445616683452441209e-01 8.881019485944948428e+02
2.473964100886809347e-01 8.767769352082829073e+02
2.502640096417915183e-01 8.653651736517466588e+02
2.531648478631349786e-01 8.536247510793443780e+02
2.560993100258455168e-01 8.413845096112223700e+02
2.590677858688005264e-01 8.285429122781226852e+02
2.620706696483847131e-01 8.150953010453443994e+02
2.651083601908534870e-01 8.011068600223158001e+02
2.681812609453009255e-01 7.867051229269577561e+02
2.712897800372461865e-01 7.720563461309324111e+02
2.744343303228360953e-01 7.573466688251083951e+02
2.776153294436795038e-01 7.427779897127461481e+02
2.808331998823167530e-01 7.285496530313861285e+02
2.840883690183299559e-01 7.148521974663478886e+02
2.873812691851060364e-01 7.018354599935936449e+02
2.907123377272573528e-01 6.896010401937788856e+02
2.940820170587059579e-01 6.781721906346583637e+02
2.974907547214434844e-01 6.675087848307482545e+02
3.009390034449713203e-01 6.575132924425482770e+02
3.044272212064296212e-01 6.480505994403329169e+02
3.079558712914221008e-01 6.389676828016168884e+02
3.115254223555483648e-01 6.301022320051926044e+02
3.151363484866475662e-01 6.212959194662805658e+02
3.187891292677637600e-01 6.124110758948274906e+02
3.224842498408434510e-01 6.033467382777677130e+02
3.262222009711663318e-01 5.940612395235970098e+02
3.300034791125279754e-01 5.845697394982731794e+02
3.338285864731757036e-01 5.749375487559439080e+02
3.376980310825088427e-01 5.652637783040655677e+02
3.416123268585519734e-01 5.556615613108903062e+02
3.455719936762132183e-01 5.462458747179143757e+02
3.495775574363269023e-01 5.371218869609051580e+02
3.536295501355037896e-01 5.283680344170811622e+02
3.577285099367869536e-01 5.200225862054032859e+02
3.618749812411271027e-01 5.120801597078929035e+02
3.660695147596894072e-01 5.044971016132864179e+02
3.703126675869919948e-01 4.972062090062210586e+02
3.746050032748987069e-01 4.901303135326715505e+02
3.789470919074662825e-01 4.831883261144105859e+02
3.833395101766597923e-01 4.763016087059755819e+02
3.877828414589447603e-01 4.694059576767076010e+02
3.922776758927711827e-01 4.624694110400621980e+02
3.968246104569475019e-01 4.555018673668641327e+02
4.014242490499316252e-01 4.485460936674799655e+02
4.060772025700360999e-01 4.416571775004360916e+02
4.107840889965636011e-01 4.348856012257317047e+02
4.155455334718866078e-01 4.282732095687201763e+02
4.203621683844705470e-01 4.218558537494260463e+02
4.252346334528675498e-01 4.156578831109455905e+02
4.301635758106789886e-01 4.096766166186060332e+02
4.351496500925045585e-01 4.038788362519548514e+02
4.401935185208863954e-01 3.982186517932889842e+02
4.452958509942646081e-01 3.926588122511535062e+02
4.504573251759450558e-01 3.871730755791802494e+02
4.556786265841057948e-01 3.817373648950261327e+02
4.609604486828429160e-01 3.763338201004086159e+02
4.663034929742719270e-01 3.709671219825164599e+02
4.717084690917007217e-01 3.656649452845742303e+02
4.771760948938736924e-01 3.604560686850397246e+02
4.827070965603176278e-01 3.553553686373998062e+02
4.883022086877874535e-01 3.503713189638586414e+02
4.939621743878316318e-01 3.455123715994591294e+02
4.996877453854872697e-01 3.407755800618795092e+02
5.054796821191230860e-01 3.361409241073023395e+02
5.113387538414317923e-01 3.315864648963540162e+02
5.172657387216013092e-01 3.271007885807241564e+02
5.232614239486657048e-01 3.226762800015835069e+02
5.293266058360548421e-01 3.183045058981778084e+02
5.354620899273596635e-01 3.139869509014323512e+02
5.416686911033142815e-01 3.097370592389692092e+02
5.479472336900278462e-01 3.055648195398736675e+02
5.542985515684663023e-01 3.014706627252665498e+02
5.607234882852017988e-01 2.974557671743302762e+02
5.672228971644530660e-01 2.935217818199855628e+02
5.737976414214123189e-01 2.896600559991512114e+02
5.804485942768968787e-01 2.858586257766037875e+02
5.871766390733248464e-01 2.821146463250092324e+02
5.939826693920350342e-01 2.784272723830233076e+02
6.008675891719672535e-01 2.747912152686944864e+02
6.078323128297217215e-01 2.712082185407477368e+02
6.148777653810012511e-01 2.676857889136931021e+02
6.220048825634703071e-01 2.642226979739822923e+02
6.292146109610337046e-01 2.608173662454952364e+02
6.365079081295554886e-01 2.574683469362120150e+02
6.438857427240405329e-01 2.541727933534733666e+02
6.513490946272790794e-01 2.509279709607546351e+02
6.588989550799940753e-01 2.477313328784064765e+02
6.665363268124905316e-01 2.445815873353567156e+02
6.742622241778335468e-01 2.414783568091029053e+02
6.820776732865669878e-01 2.384212798541090592e+02
6.899837121430004716e-01 2.354099850403116818e+02
6.979813907830648700e-01 2.324438457198567960e+02
7.060717714137764167e-01 2.295218270495802813e+02
7.142559285543118586e-01 2.266428825111873948e+02
7.225349491787196321e-01 2.238059945744641368e+02
7.309099328602896017e-01 2.210101738636741686e+02
7.393819919175852462e-01 2.182544583522521293e+02
7.479522515621810363e-01 2.155379125847355226e+02
7.566218500481046716e-01 2.128596269248821784e+02
7.653919388230141507e-01 2.102187168290283239e+02
7.742636826811252204e-01 2.076143221437193631e+02
7.832382599179181781e-01 2.050456064267039551e+02
7.923168624866241405e-01 2.025117562904238753e+02
8.015006961565395160e-01 2.000119807671664489e+02
8.107909806731679048e-01 1.975455106968338441e+02
8.201889499202184020e-01 1.951116050845951975e+02
8.296958520834889494e-01 1.927095656838461366e+02
8.393129498166350677e-01 1.903387174177789802e+02
8.490415204088734846e-01 1.879984031399192759e+02
8.588828559546241026e-01 1.856879831644873775e+02
8.688382635251177266e-01 1.834068348111860018e+02
8.789090653419935339e-01 1.811543519638619557e+02
8.890965989529141522e-01 1.789299446425812334e+02
8.994022174092030086e-01 1.767330385885995270e+02
9.098272894455547988e-01 1.745630748618159203e+02
9.203731996618214062e-01 1.724195094502185555e+02
9.310413487069052474e-01 1.703018128909253619e+02
9.418331534647932379e-01 1.682094699023971600e+02
9.527500472427273825e-01 1.661419790274192394e+02
9.637934799615772707e-01 1.640988522864710433e+02
9.749649183484077053e-01 1.620796148411234014e+02
9.862658461312796554e-01 1.600838046670808978e+02
9.976977642363179521e-01 1.581109722365534935e+02
1.009262190987045615e+00 1.561606802095974729e+02
1.020960662306044986e+00 1.542325037643106214e+02
1.032794731918950104e+00 1.523260344739501591e+02
1.044765971560803308e+00 1.504408771853983353e+02
1.056875971184801477e+00 1.485766474223423472e+02
1.069126339173473994e+00 1.467329711140554309e+02
1.081518702552286326e+00 1.449094843441534692e+02
1.094054707205741162e+00 1.431058331059674913e+02
1.106736018095972218e+00 1.413216730642776611e+02
1.119564319483875581e+00 1.395566693231994293e+02
1.132541315152809203e+00 1.378104961999922580e+02
1.145668728634869460e+00 1.360828370045903455e+02
1.158948303439808925e+00 1.343733838246435255e+02
1.172381803286597357e+00 1.326818373158791360e+02
1.185971012337668551e+00 1.310079064975898007e+02
1.199717735435881671e+00 1.293513085530689750e+02
1.213623798344238169e+00 1.277117686348170622e+02
1.227691047988357376e+00 1.260890196743483784e+02
1.241921352701781833e+00 1.244828021964287927e+02
1.256316602474119026e+00 1.228928641376006254e+02
1.270878709202055257e+00 1.213189611905769141e+02
1.285609606943292516e+00 1.197608678075799276e+02
1.300511252173406351e+00 1.182183762104597946e+02
1.315585624045702007e+00 1.166912846263820569e+02
1.330834724654073264e+00 1.151793966414258392e+02
1.346260579298908633e+00 1.136825210716265673e+02
1.361865236756078401e+00 1.122004718365592879e+02
1.377650769549050969e+00 1.107330678353991971e+02
1.393619274224140003e+00 1.092801328253714388e+02
1.409772871628964586e+00 1.078414953025232563e+02
1.426113707194127000e+00 1.064169883847371381e+02
1.442643951218154141e+00 1.050064496969388586e+02
1.459365799155753374e+00 1.036097212584080722e+02
1.476281471909387077e+00 1.022266493721495948e+02
1.493393216124249800e+00 1.008570845162574869e+02
1.510703304486652465e+00 9.950088123721181432e+01
1.528214036025868250e+00 9.815789804505457994e+01
1.545927736419473675e+00 9.682799731039854407e+01
1.563846758302243289e+00 9.551104516320216931e+01
1.581973481578597518e+00 9.420691142584560396e+01
1.600310313738698254e+00 9.291547486011309331e+01
1.618859690178196420e+00 9.163662860454307690e+01
1.637624074521683681e+00 9.037026966292545183e+01
1.656605958949910251e+00 8.911629735135930730e+01
1.675807864530764357e+00 8.787461323051525142e+01
1.695232341554117506e+00 8.664512103896220196e+01
1.714881969870537537e+00 8.542772662757072055e+01
1.734759359233926546e+00 8.422233789495260226e+01
1.754867149648146718e+00 8.302886472393149120e+01
1.775208011717630985e+00 8.184721891902853486e+01
1.795784647002092393e+00 8.067731414494403452e+01
1.816599788375324875e+00 7.951906586602657967e+01
1.837656200388168903e+00 7.837239128671205890e+01
1.858956679635682452e+00 7.723720929292340998e+01
1.880504055128578100e+00 7.611344039441783593e+01
1.902301188668940934e+00 7.500100666807294658e+01
1.924350975230327832e+00 7.389983170209701768e+01
1.946656343342259454e+00 7.280984054115876347e+01
1.969220255479166903e+00 7.173095963242700179e+01
1.992045708453865194e+00 7.066311885264575210e+01
2.015135733815553110e+00 6.960625916167840899e+01
2.038493398252459343e+00 6.856032499563704619e+01
2.062121803999140468e+00 6.752526111055165359e+01
2.086024089248501578e+00 6.650101255524327826e+01
2.110203428568589779e+00 6.548752464545280816e+01
2.134663033324239123e+00 6.448474293857958628e+01
2.159406152103561904e+00 6.349261320902844830e+01
2.184436071149423508e+00 6.251108142416440927e+01
2.209756114795899062e+00 6.154009372087306673e+01
2.235369645909789149e+00 6.057959638273128888e+01
2.261280066337272743e+00 5.962953581778133128e+01
2.287490817355697814e+00 5.868985853691267351e+01
2.314005380130648604e+00 5.776051113284667338e+01
2.340827276178290006e+00 5.684144025972791781e+01
2.367960067833074778e+00 5.593259261331687782e+01
2.395407358720871738e+00 5.503391491178930295e+01
2.423172794237594019e+00 5.414535387713194581e+01
2.451260062033334020e+00 5.326685621714415930e+01
2.479672892502154724e+00 5.239836939293478224e+01
2.508415059277536496e+00 5.153985016031978716e+01
2.537490379733563284e+00 5.069126070503278214e+01
2.566902715491944598e+00 4.985256218581083232e+01
2.596655972934865719e+00 4.902371463293066256e+01
2.626754103723832223e+00 4.820467696492153920e+01
2.657201105324501267e+00 4.739540700555514974e+01
2.688001021537603119e+00 4.659586150110536806e+01
2.719157943036010661e+00 4.580599613786682767e+01
2.750676007908059884e+00 4.502576555992621365e+01
2.782559402207119170e+00 4.425512338717484795e+01
2.814812360507575661e+00 4.349402223355512120e+01
2.847439166467243155e+00 4.274241372552823748e+01
2.880444153396288787e+00 4.200024852076101922e+01
2.913831704832780201e+00 4.126747632701427904e+01
2.947606255124850971e+00 4.054404592122757123e+01
2.981772290019666816e+00 3.982990516879285536e+01
3.016334347259191695e+00 3.912500104300193726e+01
3.051297017182866167e+00 3.842927964466372259e+01
3.086664943337265488e+00 3.774268636173935221e+01
3.122442823092849373e+00 3.706517210131038098e+01
3.158635408267811417e+00 3.639669523832784392e+01
3.195247505759207129e+00 3.573721290943645812e+01
3.232283978181375250e+00 3.508668038228125141e+01
3.269749744511758038e+00 3.444505111409241493e+01
3.307649780744232881e+00 3.381227680989196926e+01
3.345989120549966334e+00 3.318830748029434119e+01
3.384772855945975767e+00 3.257309149887529287e+01
3.424006137971419506e+00 3.196657565908217080e+01
3.463694177371722915e+00 3.136870523066500738e+01
3.503842245290665680e+00 3.077942401559850083e+01
3.544455673970426268e+00 3.019867440347782050e+01
3.585539857459808299e+00 2.962639742636423890e+01
3.627100252330640817e+00 2.906253281305959035e+01
3.669142378402487914e+00 2.850701904279008048e+01
3.711671819475755196e+00 2.795979339828009458e+01
3.754694224073326314e+00 2.742079201820038037e+01
3.798215306190726892e+00 2.688994994896908608e+01
3.842240846055053005e+00 2.636720119687814190e+01
3.886776690892660646e+00 2.585248055286651336e+01
3.931828755705757406e+00 2.534572707201611763e+01
3.977403024058025149e+00 2.484687936519608087e+01
4.023505548869283466e+00 2.435587458785213499e+01
4.070142453219429690e+00 2.387264851223263662e+01
4.117319931161670610e+00 2.339713559843143287e+01
4.165044248545179073e+00 2.292926906422847821e+01
4.213321743847276757e+00 2.246898095370683279e+01
4.262158829015312733e+00 2.201620220463081878e+01
4.311561990318218740e+00 2.157086271456817528e+01
4.361537789207996951e+00 2.113289140574455516e+01
4.412092863191181991e+00 2.070221628861631658e+01
4.463233926710382882e+00 2.027876452415222985e+01
4.514967772036088789e+00 1.986246248481482723e+01
4.567301270168734995e+00 1.945323581423474124e+01
4.620241371751302673e+00 1.905100948557038620e+01
4.673795107992455122e+00 1.865570785855057068e+01
4.727969591600383659e+00 1.826725473519503495e+01
4.782772017727470626e+00 1.788557341421266145e+01
4.838209664925944509e+00 1.751058689585368455e+01
4.894289896114520033e+00 1.714221884586107336e+01
4.951020159556341227e+00 1.678039294315642849e+01
5.008407989848203457e+00 1.642503243186464701e+01
5.066461008921252507e+00 1.607606017323497838e+01
5.125186927053318797e+00 1.573339869825366222e+01
5.184593543892900058e+00 1.539697025879928916e+01
5.244688749495107771e+00 1.506669687734720675e+01
5.305480525369564937e+00 1.474250039523079892e+01
5.366976945540468336e+00 1.442430251946936437e+01
5.429186177618927189e+00 1.411202486817205148e+01
5.492116483887774514e+00 1.380558901453030707e+01
5.555776222398865372e+00 1.350491652941017584e+01
5.620173848083176438e+00 1.320992902255772528e+01
5.685317913873744189e+00 1.292054818243284053e+01
5.751217071841596251e+00 1.263669581468343495e+01
5.817880074344919272e+00 1.235829387927983802e+01
5.885315775191436671e+00 1.208526452632217563e+01
5.953533130814357754e+00 1.181753013053939227e+01
6.022541201461917737e+00 1.155501332213009746e+01
6.092349152400691636e+00 1.129763697346878182e+01
6.162966255132924509e+00 1.104532423789191498e+01
6.234401888627847832e+00 1.079799862515809217e+01
6.306665540567391481e+00 1.055558403109105292e+01
6.379766808606270878e+00 1.031800476421384083e+01
6.453715401646691774e+00 1.008518557122297565e+01
6.528521141127827221e+00 9.857051661322298486e+00
6.604193962330286993e+00 9.633528729437903948e+00
6.680743915695598112e+00 9.414542978336331913e+00
6.758181168161097041e+00 9.200021139666230141e+00
6.836516004510227340e+00 8.989890493946885996e+00
6.915758828738503894e+00 8.784078889524264966e+00
6.995920165435354221e+00 8.582514760517630847e+00
7.077010661181871498e+00 8.385127143778802861e+00
7.159041085964872764e+00 8.191845694886035645e+00
7.242022334607302270e+00 8.002600703195071219e+00
7.325965428215218900e+00 7.817323105970112707e+00
7.410881515641548845e+00 7.635944501616575231e+00
7.496781874966857551e+00 7.458397161108408113e+00
7.583677914997172920e+00 7.284613919855819297e+00
7.671581176779286970e+00 7.114528085565786419e+00
7.760503335133557279e+00 6.948073677040154550e+00
7.850456200204484425e+00 6.785185461195262668e+00
7.941451719029317680e+00 6.625798959540073696e+00
8.033501977124714699e+00 6.469850453979557159e+00
8.126619200091928619e+00 6.317276991961818133e+00
8.220815755240526101e+00 6.168016390990177733e+00
8.316104153230948981e+00 6.022007242519656245e+00
8.412497049736094468e+00 5.879188915257314463e+00
8.510007247122224783e+00 5.739501557885840377e+00
8.608647696149226647e+00 5.602886101229817228e+00
8.708431497690707346e+00 5.469284259882950749e+00
8.809371904473977111e+00 5.338638533315292811e+00
8.911482322840175385e+00 5.210892206478600741e+00
9.014776314524892697e+00 5.085989349927889869e+00
9.119267598459275703e+00 4.963874819477140932e+00
9.224970052592155412e+00 4.844494255406059047e+00
9.331897715733223464e+00 4.727794081236050161e+00
9.440064789417590418e+00 4.613721449307911726e+00
9.549485639791939207e+00 4.502224062987727038e+00
9.660174799522621925e+00 4.393250365611326202e+00
9.772146969725703514e+00 4.286749607012819929e+00
9.885417021919554514e+00 4.182671838540702680e+00
9.999999999999984013e+00 4.080967907810602924e+00
