1.000000000000000048e-04 3.556961655363605246e+02
1.011591112223829728e-04 3.596843202682225069e+02
1.023316578330244966e-04 3.637171426716683413e+02
1.035177955630176363e-04 3.677951311696741072e+02
1.047176819485520245e-04 3.719187895050509383e+02
1.059314763518370031e-04 3.760886269954162344e+02
1.071593399822671198e-04 3.803051585967852475e+02
1.084014359178330883e-04 3.845689049653138341e+02
1.096579291267809898e-04 3.888803925197325952e+02
1.109289864895222780e-04 3.932401535044227785e+02
1.122147768207980425e-04 3.976487260533152721e+02
1.135154708920999033e-04 4.021066543985248813e+02
1.148312414543511137e-04 4.066144892302676794e+02
1.161622632608502026e-04 4.111727874304110060e+02
1.175087130904807752e-04 4.157821120626891229e+02
1.188707697711903445e-04 4.204430324408576212e+02
1.202486142037412301e-04 4.251561241975543908e+02
1.216424293857368039e-04 4.299219693539338891e+02
1.230524004359261579e-04 4.347411563900436136e+02
1.244787146187906256e-04 4.396142802807494263e+02
1.259215613694151213e-04 4.445419417725297535e+02
1.273811323186478520e-04 4.495247474046353773e+02
1.288576213185518003e-04 4.545633103493854037e+02
1.303512244681509209e-04 4.596582505201114941e+02
1.318621401394748729e-04 4.648101946440273764e+02
1.333905690039058638e-04 4.700197763358514749e+02
1.349367140588306701e-04 4.752876361722133538e+02
1.365007806546013845e-04 4.806144217668511374e+02
1.380829765218092534e-04 4.860007878613271259e+02
1.396835117988739897e-04 4.914473964696379653e+02
1.413025990599533870e-04 4.969549169059250175e+02
1.429404533431761061e-04 5.025240258359821155e+02
1.445972921792019735e-04 5.081554073566323950e+02
1.462733356201130139e-04 5.138497530759649408e+02
1.479688062686396383e-04 5.196077621944159546e+02
1.496839293077255632e-04 5.254301415867138303e+02
1.514189325304352289e-04 5.313176058844978797e+02
1.531740463702080011e-04 5.372708775458273749e+02
1.549495039314631917e-04 5.432906869282750222e+02
1.567455410205595065e-04 5.493777723958515935e+02
1.585623961771137158e-04 5.555328804077161067e+02
1.604003107056820173e-04 5.617567656053685141e+02
1.622595287078087273e-04 5.680501909007861059e+02
1.641402971144466632e-04 5.744139275654488301e+02
1.660428657187529853e-04 5.808487553203174230e+02
1.679674872092653496e-04 5.873554623335843416e+02
1.699144172034626271e-04 5.939348443883484379e+02
1.718839142817145805e-04 6.005877053196414863e+02
1.738762400216250798e-04 6.073148576934843277e+02
1.758916590327733002e-04 6.141171229080385956e+02
1.779304389918577567e-04 6.209953312871393791e+02
1.799928506782476725e-04 6.279503221747764883e+02
1.820791680099462630e-04 6.349829440305634307e+02
1.841896680799711133e-04 6.420940545260169756e+02
1.863246311931559835e-04 6.492845203629601656e+02
1.884843409033795745e-04 6.565552167630550002e+02
1.906690840512252356e-04 6.639070282320034266e+02
1.928791508020778235e-04 6.713408488220024992e+02
1.951148346846616683e-04 6.788575822314567176e+02
1.973764326300255834e-04 6.864581419057288940e+02
1.996642450109793916e-04 6.941434511388550845e+02
2.019785756819878484e-04 7.019144431763056673e+02
2.043197320195270865e-04 7.097720613075504161e+02
2.066880249629082160e-04 7.177172586983077736e+02
2.090837690555750453e-04 7.257509984669540017e+02
2.115072824868795298e-04 7.338742540632852069e+02
2.139588871343421834e-04 7.420880093893572393e+02
2.164389086064020889e-04 7.503932589077269313e+02
2.189476762856621176e-04 7.587910077507433471e+02
2.214855233726359721e-04 7.672822718309043921e+02
2.240527869300018495e-04 7.758680779523011779e+02
2.266498079273692845e-04 7.845494636096555041e+02
2.292769312865648918e-04 7.933274755740974342e+02
2.319345059274427814e-04 8.022031710923714627e+02
2.346228848142263134e-04 8.111776186303168288e+02
2.373424250023866691e-04 8.202518979871034617e+02
2.400934876860652035e-04 8.294271004097373634e+02
2.428764382460451090e-04 8.387043287086296459e+02
2.456916462982790305e-04 8.480846973742433192e+02
2.485394857429798965e-04 8.575693326891847619e+02
2.514203348142797370e-04 8.671593723101684645e+02
2.543345761304648903e-04 8.768559649144432342e+02
2.572825967447932359e-04 8.866602711618716057e+02
2.602647881969005024e-04 8.965734639159936705e+02
2.632815465648020731e-04 9.065967283651809794e+02
2.663332725174980963e-04 9.167312621450060988e+02
2.694203713681882413e-04 9.269782754616730927e+02
2.725432531281028249e-04 9.373389912164875568e+02
2.757023325609583289e-04 9.478146448980909327e+02
2.788980292380439777e-04 9.584064822501024992e+02
2.821307675939471824e-04 9.691157602409443825e+02
2.854009769829237591e-04 9.799437488048846490e+02
2.887090917359235484e-04 9.908917309928882560e+02
2.920555512182745244e-04 1.001961003098029437e+03
2.954407998880380793e-04 1.013152874781965124e+03
2.988652873550383024e-04 1.024468669202441561e+03
3.023294684405777215e-04 1.035909723141803170e+03
3.058338032378432473e-04 1.047477386790778155e+03
3.093787571730137595e-04 1.059173023074420826e+03
3.129648010670751349e-04 1.070998008635518090e+03
3.165924111983521496e-04 1.082953734187759892e+03
3.202620693657651165e-04 1.095041604647538179e+03
3.239742629528196056e-04 1.107263039266805663e+03
3.277294849923383015e-04 1.119619471766973902e+03
3.315282342319423692e-04 1.132112350473900506e+03
3.353710152002930081e-04 1.144743138341101485e+03
3.392583382740992667e-04 1.157513310113000216e+03
3.431907197459043682e-04 1.170424352010018993e+03
3.471686818926560223e-04 1.183477764935870937e+03
3.511927530450728672e-04 1.196675064775637566e+03
3.552634676578139803e-04 1.210017782528617545e+03
3.593813663804626239e-04 1.223507464442170431e+03
3.635469961293318715e-04 1.237145672146426932e+03
3.677609101601031711e-04 1.250933982789933680e+03
3.720236681413067385e-04 1.264873988465725915e+03
3.763358362286533740e-04 1.278967292684930271e+03
3.806979871402285448e-04 1.293215513021991910e+03
3.851107002325569739e-04 1.307620282813383483e+03
3.895745615775502574e-04 1.322183251292277191e+03
3.940901640403448279e-04 1.336906083721300547e+03
3.986581073580439810e-04 1.351790461525960382e+03
4.032789982193706307e-04 1.366838082428910866e+03
4.079534503452450522e-04 1.382050660578059478e+03
4.126820845702952557e-04 1.397429925933477534e+03
4.174655289253135972e-04 1.412977623685330855e+03
4.223044187206673248e-04 1.428695515604971661e+03
4.271993966306778055e-04 1.444585380334524416e+03
4.321511127789762923e-04 1.460649013522596761e+03
4.371602248248503283e-04 1.476888227960791028e+03
4.422273980505898373e-04 1.493304853720821257e+03
4.473533054498464575e-04 1.509900738292334154e+03
4.525386278170167947e-04 1.526677745930908713e+03
4.577840538376617388e-04 1.543637748951208096e+03
4.630902801799738800e-04 1.560782630625157708e+03
4.684580115873046222e-04 1.578114291325109662e+03
4.738879609717652546e-04 1.595634648754476075e+03
4.793808495089108153e-04 1.613345638068314202e+03
4.849374067335234439e-04 1.631249211994193956e+03
4.905583706365046568e-04 1.649347340953142520e+03
4.962444877628915604e-04 1.667642013180903859e+03
5.019965133110080614e-04 1.686135234971069622e+03
5.078152112327671743e-04 1.704829031098431415e+03
5.137013543351340219e-04 1.723725444630884567e+03
5.196557243827659538e-04 1.742826536966190815e+03
5.256791122018420349e-04 1.762134387954647082e+03
5.317723177850967571e-04 1.781651096021931608e+03
5.379361503980699009e-04 1.801378778292095831e+03
5.441714286865889172e-04 1.821319570710571270e+03
5.504789807854969502e-04 1.841475627895857315e+03
5.568596444286410272e-04 1.861849115500937842e+03
5.633142670601353798e-04 1.882442208798076990e+03
5.698437059469137721e-04 1.903257101086608372e+03
5.764488282925875340e-04 1.924296004275895029e+03
5.831305113526219844e-04 1.945561148986650323e+03
5.898896425508494586e-04 1.967054784651691534e+03
5.967271195973311917e-04 1.988779179616318515e+03
6.036438506075865983e-04 2.010736621238112548e+03
6.106407542232038244e-04 2.032929414871943209e+03
6.177187597338490302e-04 2.055359877889996824e+03
6.248788072006889295e-04 2.078030343785163950e+03
6.321218475812450180e-04 2.100943164950082519e+03
6.394488428556939106e-04 2.124100712767086407e+03
6.468607661546322196e-04 2.147505377691019930e+03
6.543586018883232108e-04 2.171159569331118291e+03
6.619433458774390093e-04 2.195065716531938961e+03
6.696160054853217717e-04 2.219226267428081428e+03
6.773775997517746681e-04 2.243643686328627609e+03
6.852291595284059830e-04 2.268320450470738251e+03
6.931717276155402148e-04 2.293259055457142949e+03
7.012063589007179638e-04 2.318462016042356936e+03
7.093341204987991394e-04 2.343931866194743634e+03
7.175560918936924699e-04 2.369671159157103375e+03
7.258733650817247602e-04 2.395682467505964269e+03
7.342870447166760257e-04 2.421968383209146396e+03
7.427982482564913450e-04 2.448531516581907454e+03
7.514081061116963198e-04 2.475374483248635897e+03
7.601177617955326210e-04 2.502499907874763721e+03
7.689283720758308604e-04 2.529910433417278909e+03
7.778411071286484360e-04 2.557608721332953792e+03
7.868571506936848170e-04 2.585597451596260726e+03
7.959777002314981234e-04 2.613879322714885802e+03
8.052039670825472846e-04 2.642457051743039756e+03
8.145371766280737639e-04 2.671333374292031294e+03
8.239785684528515806e-04 2.700511042849296246e+03
8.335293965098190729e-04 2.729992822324518329e+03
8.431909292866253619e-04 2.759781494496255618e+03
8.529644499741018170e-04 2.789879859309069161e+03
8.628512566366892044e-04 2.820290734860836437e+03
8.728526623848374341e-04 2.851016957387403636e+03
8.829699955494085860e-04 2.882061381244034237e+03
8.932045998580961195e-04 2.913426878883932659e+03
9.035578346138924653e-04 2.945116340216187837e+03
9.140310748756226740e-04 2.977132653374661459e+03
9.246257116405735008e-04 3.009478699977858923e+03
9.353431520292382036e-04 3.042157376308651692e+03
9.461848194721997124e-04 3.075171594546509823e+03
9.571521538991858893e-04 3.108524282674705319e+03
9.682466119303117331e-04 3.142218384383278135e+03
9.794696670695391023e-04 3.176256858967667540e+03
9.908228099003791103e-04 3.210642681222950159e+03
1.002307548283864732e-03 3.245378839338515718e+03
1.013925407558814544e-03 3.280468323273445094e+03
1.025677930744421434e-03 3.315914131935473961e+03
1.037566678745185456e-03 3.351719278321735601e+03
1.049593230558226948e-03 3.387886789382450843e+03
1.061759183482999420e-03 3.424419705863300351e+03
1.074066153333433013e-03 3.461321082142682371e+03
1.086515774652537783e-03 3.498593986063443481e+03
1.099109700929496542e-03 3.536241498636185042e+03
1.111849604819270662e-03 3.574266695446066933e+03
1.124737178364751356e-03 3.612672625758015784e+03
1.137774133221490730e-03 3.651462344329602274e+03
1.150962200885031431e-03 3.690638915719287070e+03
1.164303132920876341e-03 3.730205414016806571e+03
1.177798701197118681e-03 3.770164922566677888e+03
1.191450698119775244e-03 3.810520533684575639e+03
1.205260936870841855e-03 3.851275348366813432e+03
1.219231251649110278e-03 3.892432474009760881e+03
1.233363497913775222e-03 3.933994998995732203e+03
1.247659552630868939e-03 3.975965998659033630e+03
1.262121314522546408e-03 4.018348553243468359e+03
1.276750704319265127e-03 4.061145747936908265e+03
1.291549665014883131e-03 4.104360672483873714e+03
1.306520162124720367e-03 4.147996420789730109e+03
1.321664183946604648e-03 4.192056090516510267e+03
1.336983741824946011e-03 4.236542782669833286e+03
1.352480870417874584e-03 4.281459589465557656e+03
1.368157627967470829e-03 4.326809561031671365e+03
1.384016096573131068e-03 4.372595736805472370e+03
1.400058382468096939e-03 4.418821154960010972e+03
1.416286616299197981e-03 4.465488851878971218e+03
1.432702953409829925e-03 4.512601861622096294e+03
1.449309574126215940e-03 4.560163215380147449e+03
1.466108684046983808e-03 4.608175940919923050e+03
1.483102514336103470e-03 4.656643061238322844e+03
1.500293322019217047e-03 4.705567567503631835e+03
1.517683390283404692e-03 4.754952410705514012e+03
1.535275028780421847e-03 4.804800531360722744e+03
1.553070573933459063e-03 4.855114860861043780e+03
1.571072389247449340e-03 4.905898320792573031e+03
1.589282865622977398e-03 4.957153822243764807e+03
1.607704421673822760e-03 5.008884265102398786e+03
1.626339504048191073e-03 5.061092537340809940e+03
1.645190587753661863e-03 5.113781504853254773e+03
1.664260176485902803e-03 5.166953953153374641e+03
1.683550802961201673e-03 5.220612621755243708e+03
1.703065029252843121e-03 5.274760230745612716e+03
1.722805447131393322e-03 5.329399480015474182e+03
1.742774678408918554e-03 5.384533048375430553e+03
1.762975375287204483e-03 5.440163592658570451e+03
1.783410220710006724e-03 5.496293746810337325e+03
1.804081928719382128e-03 5.552926120831341905e+03
1.824993244816151307e-03 5.610063275824024458e+03
1.846146946324546618e-03 5.667707693941164507e+03
1.867545842761074654e-03 5.725861820701496072e+03
1.889192776207665675e-03 5.784528070482975636e+03
1.911090621689137074e-03 5.843708825461103515e+03
1.933242287555043959e-03 5.903406434533530046e+03
1.955650715865948734e-03 5.963623212231947946e+03
1.978318882784163655e-03 6.024361437620460492e+03
2.001249798969035980e-03 6.085623348445760712e+03
2.024446509976802599e-03 6.147411076135111216e+03
2.047912096665084614e-03 6.209726658678658168e+03
2.071649675602067840e-03 6.272572087688427928e+03
2.095662399480431679e-03 6.335949308326239588e+03
2.119953457536069303e-03 6.399860218015378450e+03
2.144526075971666789e-03 6.464306665139423785e+03
2.169383518385183292e-03 6.529290447727712490e+03
2.194529086203312468e-03 6.594813312128192592e+03
2.219966119119953351e-03 6.660876932952293828e+03
2.245697995539773072e-03 6.727482855962981375e+03
2.271728133026903931e-03 6.794632549324435786e+03
2.298059988758849835e-03 6.862327419578458830e+03
2.324697059985647227e-03 6.930568810165077593e+03
2.351642884494347698e-03 6.999357999930951337e+03
2.378901041078892130e-03 7.068696201626317816e+03
2.406475150015422761e-03 7.138584560389404942e+03
2.434368873543109931e-03 7.209024150257528163e+03
2.462585916350545565e-03 7.280015899819115475e+03
2.491130026067787072e-03 7.351560565800996301e+03
2.520004993764090716e-03 7.423658817899621681e+03
2.549214654451422042e-03 7.496311243215615832e+03
2.578762887593799742e-03 7.569518344538618294e+03
2.608653617622546696e-03 7.643280538623331267e+03
2.638890814457508453e-03 7.717598154455979966e+03
2.669478494034319832e-03 7.792471431512233721e+03
2.700420718837771242e-03 7.867900521231713356e+03
2.731721598441374903e-03 7.943885506049555261e+03
2.763385290053167829e-03 8.020426385407348789e+03
2.795415999067855668e-03 8.097523063720700520e+03
2.827817979625339880e-03 8.175175348579671663e+03
2.860595535175740160e-03 8.253382948992375532e+03
2.893753019050949830e-03 8.332145473622636928e+03
2.927294835042814833e-03 8.411462429023737059e+03
2.961225437988033050e-03 8.491333216642175103e+03
2.995549334359811234e-03 8.571756867055584735e+03
3.030271082866395349e-03 8.652731694739935847e+03
3.065395295056525492e-03 8.734255790188048195e+03
3.100926635931925118e-03 8.816327096475215512e+03
3.136869824566874444e-03 8.898943406881520787e+03
3.173229634734975584e-03 8.982102362517935035e+03
3.210010895543170123e-03 9.065801449958305966e+03
3.247218492073126669e-03 9.150037998877647624e+03
3.284857366030041314e-03 9.234809277399110215e+03
3.322932516398970689e-03 9.320113894128759057e+03
3.361449000108763119e-03 9.405951528789229997e+03
3.400411932703704086e-03 9.492321829065316706e+03
3.439826489022923713e-03 9.579224379755374684e+03
3.479697903887689868e-03 9.666658702040969729e+03
3.520031472796677097e-03 9.754624252758925650e+03
3.560832552629275994e-03 9.843120423675476559e+03
3.602106562357069216e-03 9.932146540763475059e+03
3.643858983763542669e-03 1.002169984778731668e+04
3.686095362172155891e-03 1.011176914118805689e+04
3.728821307182831907e-03 1.020234063833638356e+04
3.772042493416996253e-03 1.029340003512873409e+04
3.815764661271247096e-03 1.038493249922492578e+04
3.859993617679764906e-03 1.047692266349746751e+04
3.904735236885557934e-03 1.056935461970698816e+04
3.949995461220641955e-03 1.066221191241638007e+04
3.995780301895267457e-03 1.075547800656868276e+04
4.042095839796303568e-03 1.084915554281994810e+04
4.088948226294858955e-03 1.094327382892775313e+04
4.136343684063272831e-03 1.103786508893445716e+04
4.184288507901578850e-03 1.113296268005230195e+04
4.232789065573546415e-03 1.122860110782946322e+04
4.281851798652410411e-03 1.132481604236292878e+04
4.331483223376396928e-03 1.142164433561963961e+04
4.381689931514188077e-03 1.151912403992797954e+04
4.432478591240393562e-03 1.161727862158941389e+04
4.483855948021185124e-03 1.171600933858310054e+04
4.535828825510184945e-03 1.181515635932804071e+04
4.588404126454754574e-03 1.191455408743648513e+04
4.641588833612774606e-03 1.201403142818179367e+04
4.695390010680057340e-03 1.211341176744131553e+04
4.749814803228498243e-03 1.221251297594187236e+04
4.804870439655126689e-03 1.231114744014675307e+04
4.860564232142133151e-03 1.240912254916069651e+04
4.916903577628024651e-03 1.250635394293793070e+04
4.973895958790060245e-03 1.260302283439967141e+04
5.031548945038048955e-03 1.269935529184659208e+04
5.089870193519678392e-03 1.279558495157266771e+04
5.148867450137491197e-03 1.289195297905525149e+04
5.208548550577657595e-03 1.298870807443012563e+04
5.268921421350668960e-03 1.308610652483083868e+04
5.329994080844086858e-03 1.318441230618351983e+04
5.391774640387498457e-03 1.328388305885504815e+04
5.454271305329828380e-03 1.338455304896837333e+04
5.517492376129119747e-03 1.348626886079761243e+04
5.581446249454959617e-03 1.358886669720310056e+04
5.646141419303662458e-03 1.369217755407444020e+04
5.711586478126426739e-03 1.379602711755782911e+04
5.777790117970500218e-03 1.390023568295780933e+04
5.844761131633627142e-03 1.400461809652314150e+04
5.912508413831872763e-03 1.410898372135778845e+04
5.981040962380937930e-03 1.421317128488295566e+04
6.050367879391214433e-03 1.431716525806979007e+04
6.120498372476694711e-03 1.442099048065289935e+04
6.191441755977841743e-03 1.452467288073296368e+04
6.263207452198682815e-03 1.462823947307168601e+04
6.335804992658246836e-03 1.473171835819737498e+04
6.409244019356445839e-03 1.483513872195667682e+04
6.483534286054717238e-03 1.493853083556091769e+04
6.558685659571428586e-03 1.504192549107643026e+04
6.634708121092339726e-03 1.514532870466427994e+04
6.711611767496278476e-03 1.524871070595957644e+04
6.789406812696106158e-03 1.535203842689903831e+04
6.868103588995296514e-03 1.545527811730045869e+04
6.947712548460231209e-03 1.555839534768996964e+04
7.028244264308346374e-03 1.566135501283235135e+04
7.109709432312428558e-03 1.576412133598632136e+04
7.192118872221184116e-03 1.586665787390034529e+04
7.275483529196219955e-03 1.596892881255286738e+04
7.359814475265760887e-03 1.607090824191681349e+04
7.445122910795134823e-03 1.617257504426407286e+04
7.531420165974363201e-03 1.627390792237483402e+04
7.618717702322989373e-03 1.637488537083793199e+04
7.707027114212296713e-03 1.647548568085854276e+04
7.796360130405225256e-03 1.657568694525433239e+04
7.886728615614147300e-03 1.667546706363763224e+04
7.978144572076614760e-03 1.677480374255814968e+04
8.070620141149495441e-03 1.687367276995714928e+04
8.164167604921463567e-03 1.697204545666763443e+04
8.258799387844257406e-03 1.706989216360053615e+04
8.354528058382861000e-03 1.716718293622198325e+04
8.451366330684714073e-03 1.726388751323309043e+04
8.549327066268371661e-03 1.735997533564883997e+04
8.648423275731715806e-03 1.745541555628244532e+04
8.748668120479906676e-03 1.755017704963534561e+04
8.850074914473426979e-03 1.764422840870135769e+04
8.952657125996391421e-03 1.773753773517338414e+04
9.056428379445279064e-03 1.783007268131178716e+04
9.161402457138508384e-03 1.792180064936206327e+04
9.267593301146874116e-03 1.801268880981280017e+04
9.375015015145274355e-03 1.810270411397980206e+04
9.483681866285915280e-03 1.819181330701844490e+04
9.593608287093137454e-03 1.827998294136018376e+04
9.704808877380292215e-03 1.836717939057730473e+04
9.817298406188829443e-03 1.845336842586791681e+04
9.931091813749784100e-03 1.853851368993929282e+04
1.004620421346811773e-02 1.862257809304460170e+04
1.016265089392994099e-02 1.870552437422697039e+04
1.028044732093308204e-02 1.878731511918973774e+04
1.039960913954119000e-02 1.886791277866489327e+04
1.052015217616157974e-02 1.894727968729685381e+04
1.064209244064722934e-02 1.902537808304127975e+04
1.076544612842314681e-02 1.910217010865087650e+04
1.089022962263729542e-02 1.917761692196661534e+04
1.101645949633655273e-02 1.925167828231287785e+04
1.114415251466786827e-02 1.932431379478857707e+04
1.127332563710485222e-02 1.939548303819670400e+04
1.140399601970031561e-02 1.946514558931210922e+04
1.153618101736477233e-02 1.953326104770288657e+04
1.166989818617145645e-02 1.959978906109435775e+04
1.180516528568804208e-02 1.966468935126244469e+04
1.194200028133531391e-02 1.972792148218833972e+04
1.208042134677327073e-02 1.978944293232432392e+04
1.222044686631487166e-02 1.984921018290915890e+04
1.236209543736768203e-02 1.990717984850195717e+04
1.250538587290389754e-02 1.996330871733325694e+04
1.265033720395902610e-02 2.001755378359252427e+04
1.279696868215939552e-02 2.006987228027606398e+04
1.294529978227914289e-02 2.012022171257243463e+04
1.309535020482666470e-02 2.016855988985841759e+04
1.324713987866115404e-02 2.021484415361228457e+04
1.340068896363949026e-02 2.025903014864648867e+04
1.355601785329367710e-02 2.030107358212389590e+04
1.371314717753943473e-02 2.034093058468273739e+04
1.387209780541619544e-02 2.037855775007684497e+04
1.403289084785870784e-02 2.041391217528520428e+04
1.419554766050099524e-02 2.044695150105238645e+04
1.436008984651259215e-02 2.047763395282116835e+04
1.452653925946778904e-02 2.050591828432238253e+04
1.469491800624815429e-02 2.053176211754208634e+04
1.486524844997855720e-02 2.055512219446593008e+04
1.503755321299736145e-02 2.057595594221176725e+04
1.521185517986103040e-02 2.059422157322377461e+04
1.538817750038344936e-02 2.060987813223322883e+04
1.556654359271059974e-02 2.062288554342478892e+04
1.574697714643085236e-02 2.063320465775236516e+04
1.592950212572120244e-02 2.064079730034349632e+04
1.611414277253018015e-02 2.064562598689890365e+04
1.630092360979739502e-02 2.064765274832349314e+04
1.648986944471062324e-02 2.064684027705221888e+04
1.668100537200057146e-02 2.064315243244039448e+04
1.687435677727374198e-02 2.063655429106471638e+04
1.706994934038405520e-02 2.062701219674234017e+04
1.726780903884354151e-02 2.061449381024889590e+04
1.746796215127244256e-02 2.059896815865858298e+04
1.767043526088944369e-02 2.058040568001157953e+04
1.787525525904233581e-02 2.055877804102022856e+04
1.808244934877948837e-02 2.053405806716722509e+04
1.829204504846291754e-02 2.050622011643967926e+04
1.850407019542300510e-02 2.047524015592478463e+04
1.871855294965576663e-02 2.044109580817741517e+04
1.893552179756293266e-02 2.040376639665513721e+04
1.915500555573526609e-02 2.036323299013133510e+04
1.937703337477986176e-02 2.031947844600215467e+04
1.960163474319183419e-02 2.027248767056916040e+04
1.982883949127068474e-02 2.022224939382139200e+04
2.005867779508231641e-02 2.016875526315220486e+04
2.029118018046676200e-02 2.011199884598424251e+04
2.052637752709248961e-02 2.005197565164183106e+04
2.076430107255772262e-02 1.998868316097171555e+04
2.100498241653913495e-02 1.992212085425308032e+04
2.124845352498879944e-02 1.985229023732613496e+04
2.149474673437978475e-02 1.977919486977579800e+04
2.174389475600078253e-02 1.970284256878190718e+04
2.199593068030071888e-02 1.962324900725298721e+04
2.225088798128367282e-02 1.954043278308579829e+04
2.250880052095458397e-02 1.945441445452828702e+04
2.276970255381677299e-02 1.936521653972374042e+04
2.303362873142129202e-02 1.927286351421958170e+04
2.330061410696921201e-02 1.917738180641575673e+04
2.357069413996725274e-02 1.907879979093308793e+04
2.384390470093718586e-02 1.897714823587942374e+04
2.412028207618003781e-02 1.887246874168356953e+04
2.439986297259547771e-02 1.876481270943528216e+04
2.468268452255688306e-02 1.865423331494704689e+04
2.496878428884323833e-02 1.854078516163023960e+04
2.525820026962782502e-02 1.842452423490927322e+04
2.555097090352503181e-02 1.830550785547002670e+04
2.584713507469561106e-02 1.818379463139714426e+04
2.614673211801089858e-02 1.805944440925595336e+04
2.644980182427715890e-02 1.793252201614309524e+04
2.675638444552042375e-02 1.780311181467853385e+04
2.706652070033239293e-02 1.767130422641022233e+04
2.738025177927854228e-02 1.753718984457002443e+04
2.769761935036888292e-02 1.740085934477694900e+04
2.801866556459190957e-02 1.726240339904796201e+04
2.834343306151305975e-02 1.712191259167159660e+04
2.867196497493766996e-02 1.697947733702658661e+04
2.900430493863987227e-02 1.683518804699796601e+04
2.934049709215783702e-02 1.668915006382752472e+04
2.968058608665600367e-02 1.654149154464443200e+04
3.002461709085545161e-02 1.639234081035656345e+04
3.037263579703308389e-02 1.624182410254365641e+04
3.072468842709001266e-02 1.609006548471991664e+04
3.108082173869059980e-02 1.593718675106502451e+04
3.144108303147261779e-02 1.578330734251754257e+04
3.180552015332915178e-02 1.562854427011313055e+04
3.217418150676367578e-02 1.547301471500274965e+04
3.254711605531845214e-02 1.531685818863437817e+04
3.292437333007763867e-02 1.516022408425334288e+04
3.330600343624585263e-02 1.500325756547882884e+04
3.369205705980264642e-02 1.484609937233750315e+04
3.408258547423447665e-02 1.468888578643691289e+04
3.447764054734461098e-02 1.453174860822034861e+04
3.487727474814172890e-02 1.437481514575505207e+04
3.528154115380878475e-02 1.421820823362623378e+04
3.569049345675226470e-02 1.406206079265051994e+04
3.610418597173332272e-02 1.390654076641396387e+04
3.652267364308171838e-02 1.375181609478220162e+04
3.694601205199299354e-02 1.359804762602941810e+04
3.737425742391059513e-02 1.344538921336172825e+04
3.780746663599345719e-02 1.329398782946796564e+04
3.824569722466996530e-02 1.314398369773015111e+04
3.868900739327971183e-02 1.299551043875978212e+04
3.913745601980380545e-02 1.284869412784104679e+04
3.959110266468453265e-02 1.270363165229824335e+04
4.005000757873606460e-02 1.256039329456983432e+04
4.051423171114643812e-02 1.241904461984355839e+04
4.098383671757255958e-02 1.227964749148793999e+04
4.145888496832907111e-02 1.214226020237706325e+04
4.193943955667183560e-02 1.200693760856740482e+04
4.242556430717771970e-02 1.187373126494465942e+04
4.291732378422153521e-02 1.174268956248709947e+04
4.341478330055086043e-02 1.161387363564604311e+04
4.391800892596080946e-02 1.148742138520287699e+04
4.442706749606879085e-02 1.136348935489879113e+04
4.494202662119135827e-02 1.124222648665419001e+04
4.546295469532394412e-02 1.112377453193470501e+04
4.598992090522435044e-02 1.100826849246487291e+04
4.652299523960182898e-02 1.089583707631462858e+04
4.706224849841277036e-02 1.078660316785252508e+04
4.760775230226364785e-02 1.068067053573037811e+04
4.815957910192344982e-02 1.057796739465406790e+04
4.871780218794626721e-02 1.047830883851486033e+04
4.928249570040506289e-02 1.038151451480585456e+04
4.985373463873887800e-02 1.028741052674941056e+04
5.043159487171355176e-02 1.019582906876191191e+04
5.101615314749827212e-02 1.010660808902699137e+04
5.160748710385902605e-02 1.001959098822114356e+04
5.220567527846971256e-02 9.934642073862798497e+03
5.281079711934324322e-02 9.851677030461949471e+03
5.342293299538347640e-02 9.770622877407548003e+03
5.404216420705911655e-02 9.691408834212097645e+03
5.466857299720174340e-02 9.613966227354932926e+03
5.530224256192894927e-02 9.538228401660788222e+03
5.594325706169369500e-02 9.464130511247698450e+03
5.659170163246236840e-02 9.391554435849804577e+03
5.724766239702173964e-02 9.320244915333714744e+03
5.791122647641750582e-02 9.249932114167126201e+03
5.858248200152529894e-02 9.180354098727126257e+03
5.926151812475548286e-02 9.111256600517202969e+03
5.994842503189401484e-02 9.042392851355842140e+03
6.064329395408056544e-02 8.973523019589381875e+03
6.134621717992497919e-02 8.904410187984016375e+03
6.205728806776493467e-02 8.834822513713845183e+03
6.277660105806494306e-02 8.764535854034791555e+03
6.350425168595953684e-02 8.693333945079377372e+03
6.424033659394184914e-02 8.621008607015546659e+03
6.498495354469883967e-02 8.547357197293753416e+03
6.573820143409576933e-02 8.472160218112194343e+03
6.650018030431112392e-02 8.395194509301200014e+03
6.727099135712333311e-02 8.316247756862567257e+03
6.805073696735199074e-02 8.235119154794307178e+03
6.883952069645490890e-02 8.151620003383543008e+03
6.963744730628212976e-02 8.065591943808034557e+03
7.044462277299029518e-02 7.976936322292590376e+03
7.126115430111740201e-02 7.885573248579528808e+03
7.208715033782125969e-02 7.791433862274796411e+03
7.292272058728306583e-02 7.694460724631459016e+03
7.376797602527726538e-02 7.594622483237009874e+03
7.462302891391099646e-02 7.491982158629270998e+03
7.548799281653424675e-02 7.386639587734774068e+03
7.636298261282230271e-02 7.278699802791433285e+03
7.724811451403391926e-02 7.168272786945316511e+03
7.814350607844536278e-02 7.055494653428301717e+03
7.904927622696410194e-02 6.940614176788204531e+03
7.996554525892338172e-02 6.823910475122920616e+03
8.089243486805931804e-02 6.705655066339453697e+03
8.183006815867380213e-02 6.586111490555397722e+03
8.277856966198465782e-02 6.465576465001102406e+03
8.373806535266484219e-02 6.344420940347968099e+03
8.470868266557393667e-02 6.223007131968269277e+03
8.569055051268339995e-02 6.101676611262627375e+03
8.668379930019762258e-02 5.980760755808471913e+03
8.768856094587416938e-02 5.860653861931997199e+03
8.870496889654395922e-02 5.741762252461999196e+03
8.973315814583508743e-02 5.624461451282803864e+03
9.077326525210215047e-02 5.509100202432869992e+03
9.182542835656276603e-02 5.396063163526166136e+03
9.288978720164486891e-02 5.285759715483500258e+03
9.396648314954682280e-02 5.178565032858601626e+03
9.505565920101186062e-02 5.074820257225912428e+03
9.615746001432085022e-02 4.974834382351073145e+03
9.727203192450530056e-02 4.878874668816981284e+03
9.839952296278213495e-02 4.787172762170176611e+03
9.954008287621508855e-02 4.699939241920971654e+03
1.006938631476026330e-01 4.617366949171737360e+03
1.018610170155973965e-01 4.539605090482970809e+03
1.030416994950586612e-01 4.466615657892400122e+03
1.042360673976400476e-01 4.398297159535554783e+03
1.054442793526167294e-01 4.334556430322781125e+03
1.066664958279537889e-01 4.275305602507508411e+03
1.079028791516182112e-01 4.220330865544440712e+03
1.091535935331389984e-01 4.169255970320680717e+03
1.104188050854159470e-01 4.121714818813493366e+03
1.116986818467821246e-01 4.077361600751845799e+03
1.129933938033220592e-01 4.035818776696445184e+03
1.143031129114477906e-01 3.996597651426153334e+03
1.156280131207374218e-01 3.959209503353924902e+03
1.169682703970383736e-01 3.923184713746064972e+03
1.183240627458377325e-01 3.888052681113554172e+03
1.196955702359041446e-01 3.853304977032212264e+03
1.210829750232038649e-01 3.818440966015908998e+03
1.224864613750929060e-01 3.782978151016623087e+03
1.239062156947914467e-01 3.746457823958950939e+03
1.253424265461398623e-01 3.708451329091725711e+03
1.267952846786432330e-01 3.668551773566258362e+03
1.282649830528058976e-01 3.626379187775502942e+03
1.297517168657586206e-01 3.581669906000679475e+03
1.312556835771841179e-01 3.534267098256103509e+03
1.327770829355428006e-01 3.484036715716847084e+03
1.343161170046014707e-01 3.430912696084527397e+03
1.358729901902707704e-01 3.375047585617031928e+03
1.374479092677535763e-01 3.316652901338643915e+03
1.390410834090068104e-01 3.255949720754831560e+03
1.406527242105235220e-01 3.193292879655184606e+03
1.422830457214351030e-01 3.129136014276315564e+03
1.439322644719404909e-01 3.063913980160017672e+03
1.456005995020647481e-01 2.998099181248212517e+03
1.472882723907500968e-01 2.932241035316452326e+03
1.489955072852852114e-01 2.866858036952544808e+03
1.507225309310754602e-01 2.802460705780329590e+03
1.524695727017571223e-01 2.739609868337629450e+03
1.542368646296626011e-01 2.678831495945879396e+03
1.560246414366366907e-01 2.620601103278741448e+03
1.578331405652114716e-01 2.565344887798231866e+03
1.596626022101423625e-01 2.513449660491161467e+03
1.615132693503088801e-01 2.465203445123897382e+03
1.633853877809858524e-01 2.420690702669470284e+03
1.652792061464892492e-01 2.379960265975663333e+03
1.671949759731987672e-01 2.342932971620661647e+03
1.691329517029645513e-01 2.309306362882785834e+03
1.710933907269012455e-01 2.278771454743889080e+03
1.730765534195721767e-01 2.250922690673955458e+03
1.750827031735721628e-01 2.225264883761907640e+03
1.771121064345085594e-01 2.201315919103888518e+03
1.791650327363897566e-01 2.178562826772195422e+03
1.812417547374234328e-01 2.156492971639419466e+03
1.833425482562288100e-01 2.134603168069907952e+03
1.854676923084695728e-01 2.112388343394155072e+03
1.876174691439118081e-01 2.089365945323646429e+03
1.897921642839097145e-01 2.065112411906861780e+03
1.919920665593281006e-01 2.039248163331928254e+03
1.942174681489023391e-01 2.011503482507469698e+03
1.964686646180442142e-01 1.981784433587994045e+03
1.987459549580979923e-01 1.950070124468722724e+03
2.010496416260496022e-01 1.916576749417244173e+03
2.033800305846977796e-01 1.881601289920184172e+03
2.057374313432909774e-01 1.845553507593619770e+03
2.081221569986336506e-01 1.808921142094868401e+03
2.105345242766701597e-01 1.772193692203075898e+03
2.129748535745517590e-01 1.735874051449102353e+03
2.154434690031879762e-01 1.700427975794180384e+03
2.179406984302951489e-01 1.666277635059777595e+03
2.204668735239406208e-01 1.633793805419362798e+03
2.230223297965933937e-01 1.603250179981737347e+03
2.256074066496857322e-01 1.574858635700996956e+03
2.282224474186894947e-01 1.548684864201866048e+03
2.308677994187165183e-01 1.524722533284664678e+03
2.335438139906475252e-01 1.502818152928514110e+03
2.362508465477944353e-01 1.482750750507140310e+03
2.389892566231045512e-01 1.464191603969726202e+03
2.417594079169126942e-01 1.446767674971417136e+03
2.445616683452441209e-01 1.430047553973299046e+03
2.473964100886809347e-01 1.413591471274096421e+03
2.502640096417915183e-01 1.396973770367752195e+03
2.531648478631349786e-01 1.379818033627244404e+03
2.560993100258455168e-01 1.361857509004687472e+03
2.590677858688005264e-01 1.342933417900748964e+03
2.620706696483847131e-01 1.323038456426853600e+03
2.651083601908534870e-01 1.302274213139116227e+03
2.681812609453009255e-01 1.280839929966161662e+03
2.712897800372461865e-01 1.258995037730284594e+03
2.744343303228360953e-01 1.237030162090263730e+03
2.776153294436795038e-01 1.215259923418019980e+03
2.808331998823167530e-01 1.193994591551036365e+03
2.840883690183299559e-01 1.173529814213685995e+03
2.873812691851060364e-01 1.154097626972562921e+03
2.907123377272573528e-01 1.135855109730700860e+03
2.940820170587059579e-01 1.118837567256740613e+03
2.974907547214434844e-01 1.102982412283186022e+03
3.009390034449713203e-01 1.088138270730043587e+03
3.044272212064296212e-01 1.074095972425519903e+03
3.079558712914221008e-01 1.060618767263999644e+03
3.115254223555483648e-01 1.047455714201264072e+03
3.151363484866475662e-01 1.034361985123541672e+03
3.187891292677637600e-01 1.021124741848919598e+03
3.224842498408434510e-01 1.007588295021786280e+03
3.262222009711663318e-01 9.936891384364391797e+02
3.300034791125279754e-01 9.794517543916093700e+02
3.338285864731757036e-01 9.649782499662348982e+02
3.376980310825088427e-01 9.504229109143893766e+02
3.416123268585519734e-01 9.359612138942408137e+02
3.455719936762132183e-01 9.217710489551028559e+02
3.495775574363269023e-01 9.080147057604501697e+02
3.536295501355037896e-01 8.948124202725365421e+02
3.577285099367869536e-01 8.822225434986738719e+02
3.618749812411271027e-01 8.702362265063362656e+02
3.660695147596894072e-01 8.587856572878811221e+02
3.703126675869919948e-01 8.477673564611395705e+02
3.746050032748987069e-01 8.370628384092279930e+02
3.789470919074662825e-01 8.265478251216551371e+02
3.833395101766597923e-01 8.161022490485956951e+02
3.877828414589447603e-01 8.056286617691901029e+02
3.922776758927711827e-01 7.950788336448758855e+02
3.968246104569475019e-01 7.844689168175349323e+02
4.014242490499316252e-01 7.738650171725232667e+02
4.060772025700360999e-01 7.633517558538604817e+02
4.107840889965636011e-01 7.530064048642765329e+02
4.155455334718866078e-01 7.428925617291795334e+02
4.203621683844705470e-01 7.330644813593577283e+02
4.252346334528675498e-01 7.235587858018742509e+02
4.301635758106789886e-01 7.143707287009132187e+02
4.351496500925045585e-01 7.054498086077439893e+02
4.401935185208863954e-01 6.967264305713746353e+02
4.452958509942646081e-01 6.881445210515006465e+02
4.504573251759450558e-01 6.796648110266118010e+02
4.556786265841057948e-01 6.712514597883714487e+02
4.609604486828429160e-01 6.628781201451058678e+02
4.663034929742719270e-01 6.545525106503631605e+02
4.717084690917007217e-01 6.463164095243811289e+02
4.771760948938736924e-01 6.382129170419199227e+02
4.827070965603176278e-01 6.302641999062543618e+02
4.883022086877874535e-01 6.224828256203256842e+02
4.939621743878316318e-01 6.148810440181500780e+02
4.996877453854872697e-01 6.074541547409349960e+02
5.054796821191230860e-01 6.001724302461066145e+02
5.113387538414317923e-01 5.930034152479299792e+02
5.172657387216013092e-01 5.859304629375433251e+02
5.232614239486657048e-01 5.789425110840048774e+02
5.293266058360548421e-01 5.720274008775735410e+02
5.354620899273596635e-01 5.651876071711629947e+02
5.416686911033142815e-01 5.584428735754222544e+02
5.479472336900278462e-01 5.518076652922677567e+02
5.542985515684663023e-01 5.452826110573312235e+02
5.607234882852017988e-01 5.388692637363683389e+02
5.672228971644530660e-01 5.325697831883554727e+02
5.737976414214123189e-01 5.263716593824110532e+02
5.804485942768968787e-01 5.202576132615163260e+02
5.871766390733248464e-01 5.142237249016677652e+02
5.939826693920350342e-01 5.082687482420595870e+02
6.008675891719672535e-01 5.023852263054116065e+02
6.078323128297217215e-01 4.965757412370774659e+02
6.148777653810012511e-01 4.908508044200187328e+02
6.220048825634703071e-01 4.852086138283722789e+02
6.292146109610337046e-01 4.796468372306466108e+02
6.365079081295554886e-01 4.741633592710651328e+02
6.438857427240405329e-01 4.687542000214141922e+02
6.513490946272790794e-01 4.634155243105756767e+02
6.588989550799940753e-01 4.581437472763302026e+02
6.665363268124905316e-01 4.529370160103833882e+02
6.742622241778335468e-01 4.477947480988692064e+02
6.820776732865669878e-01 4.427163913354962688e+02
6.899837121430004716e-01 4.377013873013250986e+02
6.979813907830648700e-01 4.327488357463964235e+02
7.060717714137764167e-01 4.278572826472500878e+02
7.142559285543118586e-01 4.230252596873300490e+02
7.225349491787196321e-01 4.182513397551051071e+02
7.309099328602896017e-01 4.135341358737454129e+02
7.393819919175852462e-01 4.088723001665728702e+02
7.479522515621810363e-01 4.042645228569452911e+02
7.566218500481046716e-01 3.997095313012190445e+02
7.653919388230141507e-01 3.952060890535266822e+02
7.742636826811252204e-01 3.907529949611173379e+02
7.832382599179181781e-01 3.863490822890631762e+02
7.923168624866241405e-01 3.819932178732217949e+02
8.015006961565395160e-01 3.776843013002943508e+02
8.107909806731679048e-01 3.734212641180602645e+02
8.201889499202184020e-01 3.692030850868692937e+02
8.296958520834889494e-01 3.650288244833277531e+02
8.393129498166350677e-01 3.608975797033362483e+02
8.490415204088734846e-01 3.568084737173613803e+02
8.588828559546241026e-01 3.527606544782111087e+02
8.688382635251177266e-01 3.487532943455854024e+02
8.789090653419935339e-01 3.447855895267858273e+02
8.890965989529141522e-01 3.408567595329524806e+02
8.994022174092030086e-01 3.369660466502186864e+02
9.098272894455547988e-01 3.331127154252159812e+02
9.203731996618214062e-01 3.292960521643488505e+02
9.310413487069052474e-01 3.255153644463241562e+02
9.418331534647932379e-01 3.217699806473787589e+02
9.527500472427273825e-01 3.180592494787267697e+02
9.637934799615772707e-01 3.143825395357143861e+02
9.749649183484077053e-01 3.107392388582219382e+02
9.862658461312796554e-01 3.071287545018524838e+02
9.976977642363179521e-01 3.035505121194693743e+02
1.009262190987045615e+00 3.000039555526463460e+02
1.020960662306044986e+00 2.964885494001904362e+02
1.032794731918950104e+00 2.930037982802646752e+02
1.044765971560803308e+00 2.895492331354501516e+02
1.056875971184801477e+00 2.861243999315595943e+02
1.069126339173473994e+00 2.827288592668036813e+02
1.081518702552286326e+00 2.793621860493789768e+02
1.094054707205741162e+00 2.760239691813553691e+02
1.106736018095972218e+00 2.727138112486085788e+02
1.119564319483875581e+00 2.694313282165678629e+02
1.132541315152809203e+00 2.661761491315083958e+02
1.145668728634869460e+00 2.629479158271742563e+02
1.158948303439808925e+00 2.597462826365077717e+02
1.172381803286597357e+00 2.565709161082656351e+02
1.185971012337668551e+00 2.534214947283110462e+02
1.199717735435881671e+00 2.502977086454015705e+02
1.213623798344238169e+00 2.471992594012508562e+02
1.227691047988357376e+00 2.441258596647308252e+02
1.241921352701781833e+00 2.410772329699792067e+02
1.256316602474119026e+00 2.380531134582960249e+02
1.270878709202055257e+00 2.350532467857501899e+02
1.285609606943292516e+00 2.320774147718142899e+02
1.300511252173406351e+00 2.291254333446774183e+02
1.315585624045702007e+00 2.261971264613238475e+02
1.330834724654073264e+00 2.232923247742178319e+02
1.346260579298908633e+00 2.204108654464724282e+02
1.361865236756078401e+00 2.175525919690224441e+02
1.377650769549050969e+00 2.147173539797305750e+02
1.393619274224140003e+00 2.119050070844264724e+02
1.409772871628964586e+00 2.091154126797866581e+02
1.426113707194127000e+00 2.063484377780208376e+02
1.442643951218154141e+00 2.036039548333491780e+02
1.459365799155753374e+00 2.008818415702116340e+02
1.476281471909387077e+00 1.981819808131826903e+02
1.493393216124249800e+00 1.955042603185663950e+02
1.510703304486652465e+00 1.928485726076465028e+02
1.528214036025868250e+00 1.902148148015531035e+02
1.545927736419473675e+00 1.876028884577534654e+02
1.563846758302243289e+00 1.850126994081207386e+02
1.581973481578597518e+00 1.824441577091571958e+02
1.600310313738698254e+00 1.798971956243126442e+02
1.618859690178196420e+00 1.773717862179448446e+02
1.637624074521683681e+00 1.748679078030639005e+02
1.656605958949910251e+00 1.723855388210335207e+02
1.675807864530764357e+00 1.699246577622569134e+02
1.695232341554117506e+00 1.674852430880948759e+02
1.714881969870537537e+00 1.650672731540527991e+02
1.734759359233926546e+00 1.626707261342504012e+02
1.754867149648146718e+00 1.602955799471942839e+02
1.775208011717630985e+00 1.579418121828750543e+02
1.795784647002092393e+00 1.556094000312085655e+02
1.816599788375324875e+00 1.532983202118338966e+02
1.837656200388168903e+00 1.510085489053039964e+02
1.858956679635682452e+00 1.487400616856663191e+02
1.880504055128578100e+00 1.464928334544731285e+02
1.902301188668940934e+00 1.442668383762318740e+02
1.924350975230327832e+00 1.420620498153064375e+02
1.946656343342259454e+00 1.398784402743042108e+02
1.969220255479166903e+00 1.377159813339567904e+02
1.992045708453865194e+00 1.355746535985370826e+02
2.015135733815553110e+00 1.334544836376360308e+02
2.038493398252459343e+00 1.313555074749335176e+02
2.062121803999140468e+00 1.292777555785527568e+02
2.086024089248501578e+00 1.272212529192619144e+02
2.110203428568589779e+00 1.251860190332791234e+02
2.134663033324239123e+00 1.231720680865159636e+02
2.159406152103561904e+00 1.211794089402148984e+02
2.184436071149423508e+00 1.192080452179177286e+02
2.209756114795899062e+00 1.172579753737384181e+02
2.235369645909789149e+00 1.153291927618762429e+02
2.261280066337272743e+00 1.134216857073192131e+02
2.287490817355697814e+00 1.115354375777006197e+02
2.314005380130648604e+00 1.096704268562467917e+02
2.340827276178290006e+00 1.078266272157738825e+02
2.367960067833074778e+00 1.060040075936820756e+02
2.395407358720871738e+00 1.042025322678983343e+02
2.423172794237594019e+00 1.024221609337147640e+02
2.451260062033334020e+00 1.006628487814820971e+02
2.479672892502154724e+00 9.892454896389170926e+01
2.508415059277536496e+00 9.720723868394087219e+01
2.537490379733563284e+00 9.551090744262332066e+01
2.566902715491944598e+00 9.383553748722411569e+01
2.596655972934865719e+00 9.218110364115584332e+01
2.626754103723832223e+00 9.054757349292678725e+01
2.657201105324501267e+00 8.893490758496098181e+01
2.688001021537603119e+00 8.734305960212668651e+01
2.719157943036010661e+00 8.577197655983619029e+01
2.750676007908059884e+00 8.422159899157826146e+01
2.782559402207119170e+00 8.269186113576301977e+01
2.814812360507575661e+00 8.118269112174191093e+01
2.847439166467243155e+00 7.969401115489438325e+01
2.880444153396288787e+00 7.822573770065345400e+01
2.913831704832780201e+00 7.677778166736902676e+01
2.947606255124850971e+00 7.535004858788872184e+01
2.981772290019666816e+00 7.394243879976457379e+01
3.016334347259191695e+00 7.255484762397684051e+01
3.051297017182866167e+00 7.118716554208612024e+01
3.086664943337265488e+00 6.983927851044467161e+01
3.122442823092849373e+00 6.851107428821396184e+01
3.158635408267811417e+00 6.720244448402752369e+01
3.195247505759207129e+00 6.591327605424548608e+01
3.232283978181375250e+00 6.464345083096552003e+01
3.269749744511758038e+00 6.339284573215998364e+01
3.307649780744232881e+00 6.216133296904597216e+01
3.345989120549966334e+00 6.094878025059711746e+01
3.384772855945975767e+00 5.975505098510860336e+01
3.424006137971419506e+00 5.858000447873362759e+01
3.463694177371722915e+00 5.742349613091543858e+01
3.503842245290665680e+00 5.628537762664396382e+01
3.544455673970426268e+00 5.516549712547379869e+01
3.585539857459808299e+00 5.406369944724603016e+01
3.627100252330640817e+00 5.297982625445341398e+01
3.669142378402487914e+00 5.191371623121100498e+01
3.711671819475755196e+00 5.086520525878166410e+01
3.754694224073326314e+00 4.983412658761983494e+01
3.798215306190726892e+00 4.882031100590285888e+01
3.842240846055053005e+00 4.782358700469286816e+01
3.886776690892660646e+00 4.684378124956089096e+01
3.931828755705757406e+00 4.588071933594888918e+01
3.977403024058025149e+00 4.493422510891291921e+01
4.023505548869283466e+00 4.400412062880484854e+01
4.070142453219429690e+00 4.309022632322105295e+01
4.117319931161670610e+00 4.219236113521595399e+01
4.165044248545179073e+00 4.131034266778510045e+01
4.213321743847276757e+00 4.044398732461439039e+01
4.262158829015312733e+00 3.959311044710583616e+01
4.311561990318218740e+00 3.875752644769121957e+01
4.361537789207996951e+00 3.793704893944644141e+01
4.412092863191181991e+00 3.713149086202390237e+01
4.463233926710382882e+00 3.634066460392340758e+01
4.514967772036088789e+00 3.556438212112499286e+01
4.567301270168734995e+00 3.480245505211165380e+01
4.620241371751302673e+00 3.405469482930600833e+01
4.673795107992455122e+00 3.332091278695869363e+01
4.727969591600383659e+00 3.260092026551701139e+01
4.782772017727470626e+00 3.189452871251321397e+01
4.838209664925944509e+00 3.120154966862795121e+01
4.894289896114520033e+00 3.052179419326368404e+01
4.951020159556341227e+00 2.985507347306514703e+01
5.008407989848203457e+00 2.920119927410161154e+01
5.066461008921252507e+00 2.855998402242898493e+01
5.125186927053318797e+00 2.793124087999434835e+01
5.184593543892900058e+00 2.731478381751633222e+01
5.244688749495107771e+00 2.671042768438903181e+01
5.305480525369564937e+00 2.611798827565874248e+01
5.366976945540468336e+00 2.553728239612490469e+01
5.429186177618927189e+00 2.496812792161503225e+01
5.492116483887774514e+00 2.441034385748793412e+01
5.555776222398865372e+00 2.386375039441550427e+01
5.620173848083176438e+00 2.332816896149833497e+01
5.685317913873744189e+00 2.280342227676807454e+01
5.751217071841596251e+00 2.228933439513144066e+01
5.817880074344919272e+00 2.178573075380934299e+01
5.885315775191436671e+00 2.129243821532772785e+01
5.953533130814357754e+00 2.080928510811328636e+01
6.022541201461917737e+00 2.033610122690167898e+01
6.092349152400691636e+00 1.987271714618789176e+01
6.162966255132924509e+00 1.941896438532160829e+01
6.234401888627847832e+00 1.897467617593020961e+01
6.306665540567391481e+00 1.853968751341618670e+01
6.379766808606270878e+00 1.811383517742799754e+01
6.453715401646691774e+00 1.769695775056791121e+01
6.528521141127827221e+00 1.728889563539064866e+01
6.604193962330286993e+00 1.688949106973905501e+01
6.680743915695598112e+00 1.649858814046783451e+01
6.758181168161097041e+00 1.611603279560249646e+01
6.836516004510227340e+00 1.574167285498133850e+01
6.915758828738503894e+00 1.537535801942886948e+01
6.995920165435354221e+00 1.501693987850585543e+01
7.077010661181871498e+00 1.466627191688408871e+01
7.159041085964872764e+00 1.432320951939009035e+01
7.242022334607302270e+00 1.398760997476348855e+01
7.325965428215218900e+00 1.365933247817354967e+01
7.410881515641548845e+00 1.333823813253985691e+01
7.496781874966857551e+00 1.302418994594149737e+01
7.583677914997172920e+00 1.271705247628654334e+01
7.671581176779286970e+00 1.241669152532089981e+01
7.760503335133557279e+00 1.212297481419833289e+01
7.850456200204484425e+00 1.183577206200952858e+01
7.941451719029317680e+00 1.155495497513292769e+01
8.033501977124714699e+00 1.128039723590148213e+01
8.126619200091928619e+00 1.101197449061648292e+01
8.220815755240526101e+00 1.074956433693896152e+01
8.316104153230948981e+00 1.049304631069071192e+01
8.412497049736094468e+00 1.024230187209389520e+01
8.510007247122224783e+00 9.997214391477680095e+00
8.608647696149226647e+00 9.757669134482197748e+00
8.708431497690707346e+00 9.523553246785875004e+00
8.809371904473977111e+00 9.294755738383555510e+00
8.911482322840175385e+00 9.071167467442654342e+00
9.014776314524892697e+00 8.852681123761609427e+00
9.119267598459275703e+00 8.639191211856690700e+00
9.224970052592155412e+00 8.430594033701195755e+00
9.331897715733223464e+00 8.226787671140394664e+00
9.440064789417590418e+00 8.027671862634480959e+00
9.549485639791939207e+00 7.833147634289536754e+00
9.660174799522621925e+00 7.643117663522600580e+00
9.772146969725703514e+00 7.457486398708675246e+00
9.885417021919554514e+00 7.276160036540380460e+00
9.999999999999984013e+00 7.099046499344590977e+00
