1.000000000000000048e-04 6.803538552382185856e+01
1.011591112223829728e-04 6.879828468894501725e+01
1.023316578330244966e-04 6.956973072068497288e+01
1.035177955630176363e-04 7.034981905567859428e+01
1.047176819485520245e-04 7.113864617039865834e+01
1.059314763518370031e-04 7.193630961141023761e+01
1.071593399822671198e-04 7.274290800737888674e+01
1.084014359178330883e-04 7.355854108096448840e+01
1.096579291267809898e-04 7.438330966084798490e+01
1.109289864895222780e-04 7.521731569388353478e+01
1.122147768207980425e-04 7.606066225741189157e+01
1.135154708920999033e-04 7.691345360185259494e+01
1.148312414543511137e-04 7.777579522495013009e+01
1.161622632608502026e-04 7.864779381491531751e+01
1.175087130904807752e-04 7.952955724728175824e+01
1.188707697711903445e-04 8.042119459804776227e+01
1.202486142037412301e-04 8.132281615697027632e+01
1.216424293857368039e-04 8.223453344099758056e+01
1.230524004359261579e-04 8.315645920785406986e+01
1.244787146187906256e-04 8.408870746222682158e+01
1.259215613694151213e-04 8.503139329937748414e+01
1.273811323186478520e-04 8.598463290814193272e+01
1.288576213185518003e-04 8.694854374931355778e+01
1.303512244681509209e-04 8.792324457719755060e+01
1.318621401394748729e-04 8.890885545362813502e+01
1.333905690039058638e-04 8.990549776213867972e+01
1.349367140588306701e-04 9.091329422227967427e+01
1.365007806546013845e-04 9.193236890408945783e+01
1.380829765218092534e-04 9.296284726759630246e+01
1.396835117988739897e-04 9.400485629216348116e+01
1.413025990599533870e-04 9.505852440714961915e+01
1.429404533431761061e-04 9.612398146157539713e+01
1.445972921792019735e-04 9.720135873960103368e+01
1.462733356201130139e-04 9.829078897622027000e+01
1.479688062686396383e-04 9.939240637311731064e+01
1.496839293077255632e-04 1.005063466146983586e+02
1.514189325304352289e-04 1.016327468831631506e+02
1.531740463702080011e-04 1.027717457810645953e+02
1.549495039314631917e-04 1.039234832720829473e+02
1.567455410205595065e-04 1.050881008398075380e+02
1.585623961771137158e-04 1.062657415203581905e+02
1.604003107056820173e-04 1.074565499191142663e+02
1.622595287078087273e-04 1.086606722276280266e+02
1.641402971144466632e-04 1.098782562407098595e+02
1.660428657187529853e-04 1.111094513736957623e+02
1.679674872092653496e-04 1.123544086732076579e+02
1.699144172034626271e-04 1.136132807684571588e+02
1.718839142817145805e-04 1.148862219137584333e+02
1.738762400216250798e-04 1.161733880485393797e+02
1.758916590327733002e-04 1.174749368159863110e+02
1.779304389918577567e-04 1.187910275812636911e+02
1.799928506782476725e-04 1.201218214499278361e+02
1.820791680099462630e-04 1.214674812865231530e+02
1.841896680799711133e-04 1.228281717333706524e+02
1.863246311931559835e-04 1.242040592125458858e+02
1.884843409033795745e-04 1.255953119079496929e+02
1.906690840512252356e-04 1.270020998252176412e+02
1.928791508020778235e-04 1.284245948211781467e+02
1.951148346846616683e-04 1.298629706235376773e+02
1.973764326300255834e-04 1.313174028507665412e+02
1.996642450109793916e-04 1.327880690321877069e+02
2.019785756819878484e-04 1.342751486282749340e+02
2.043197320195270865e-04 1.357788230408134211e+02
2.066880249629082160e-04 1.372992753817023015e+02
2.090837690555750453e-04 1.388366904666953019e+02
2.115072824868795298e-04 1.403912550877983278e+02
2.139588871343421834e-04 1.419631580465710101e+02
2.164389086064020889e-04 1.435525901749764444e+02
2.189476762856621176e-04 1.451597443564373577e+02
2.214855233726359721e-04 1.467848155471020277e+02
2.240527869300018495e-04 1.484280007973152919e+02
2.266498079273692845e-04 1.500894992877432514e+02
2.292769312865648918e-04 1.517695124216659792e+02
2.319345059274427814e-04 1.534682437971231366e+02
2.346228848142263134e-04 1.551858992003205060e+02
2.373424250023866691e-04 1.569226866283029835e+02
2.400934876860652035e-04 1.586788163118822013e+02
2.428764382460451090e-04 1.604545007387993110e+02
2.456916462982790305e-04 1.622499546771019254e+02
2.485394857429798965e-04 1.640653951954021181e+02
2.514203348142797370e-04 1.659010413674294284e+02
2.543345761304648903e-04 1.677571140144898436e+02
2.572825967447932359e-04 1.696338362299509583e+02
2.602647881969005024e-04 1.715314334625715844e+02
2.632815465648020731e-04 1.734501335400457833e+02
2.663332725174980963e-04 1.753901666927617669e+02
2.694203713681882413e-04 1.773517655777819755e+02
2.725432531281028249e-04 1.793351653030294983e+02
2.757023325609583289e-04 1.813406034395222548e+02
2.788980292380439777e-04 1.833683199175914922e+02
2.821307675939471824e-04 1.854185570957023970e+02
2.854009769829237591e-04 1.874915598697189694e+02
2.887090917359235484e-04 1.895875756992856225e+02
2.920555512182745244e-04 1.917068546330647507e+02
2.954407998880380793e-04 1.938496493341869780e+02
2.988652873550383024e-04 1.960162151059361406e+02
3.023294684405777215e-04 1.982068099176097178e+02
3.058338032378432473e-04 2.004216942734880149e+02
3.093787571730137595e-04 2.026611308734139811e+02
3.129648010670751349e-04 2.049253850264356061e+02
3.165924111983521496e-04 2.072147247777589030e+02
3.202620693657651165e-04 2.095294209348181766e+02
3.239742629528196056e-04 2.118697470935888987e+02
3.277294849923383015e-04 2.142359796650935948e+02
3.315282342319423692e-04 2.166283979021409323e+02
3.353710152002930081e-04 2.190472839084456211e+02
3.392583382740992667e-04 2.214929221957936250e+02
3.431907197459043682e-04 2.239655996397967215e+02
3.471686818926560223e-04 2.264656059923988778e+02
3.511927530450728672e-04 2.289932339346382264e+02
3.552634676578139803e-04 2.315487791033632163e+02
3.593813663804626239e-04 2.341325401181456130e+02
3.635469961293318715e-04 2.367448186083881581e+02
3.677609101601031711e-04 2.393859192406385716e+02
3.720236681413067385e-04 2.420561495985155318e+02
3.763358362286533740e-04 2.447558194493178405e+02
3.806979871402285448e-04 2.474852412926302350e+02
3.851107002325569739e-04 2.502447307123422320e+02
3.895745615775502574e-04 2.530346064038098746e+02
3.940901640403448279e-04 2.558551902006047385e+02
3.986581073580439810e-04 2.587068071014348902e+02
4.032789982193706307e-04 2.615897852972353235e+02
4.079534503452450522e-04 2.645044561947791522e+02
4.126820845702952557e-04 2.674511540458220225e+02
4.174655289253135972e-04 2.704302155924831368e+02
4.223044187206673248e-04 2.734419807405973302e+02
4.271993966306778055e-04 2.764867926682431971e+02
4.321511127789762923e-04 2.795649978522524179e+02
4.371602248248503283e-04 2.826769460948661390e+02
4.422273980505898373e-04 2.858229905505288571e+02
4.473533054498464575e-04 2.890034877528050856e+02
4.525386278170167947e-04 2.922187975461207543e+02
4.577840538376617388e-04 2.954692820462410623e+02
4.630902801799738800e-04 2.987553060001230278e+02
4.684580115873046222e-04 3.020772375371730050e+02
4.738879609717652546e-04 3.054354482075968349e+02
4.793808495089108153e-04 3.088303130075386775e+02
4.849374067335234439e-04 3.122622104043077798e+02
4.905583706365046568e-04 3.157315223616665776e+02
4.962444877628915604e-04 3.192386343651180596e+02
5.019965133110080614e-04 3.227839349549831809e+02
5.078152112327671743e-04 3.263678145308653029e+02
5.137013543351340219e-04 3.299906666301866949e+02
5.196557243827659538e-04 3.336528882979707760e+02
5.256791122018420349e-04 3.373548801093761540e+02
5.317723177850967571e-04 3.410970461922590857e+02
5.379361503980699009e-04 3.448797942496884161e+02
5.441714286865889172e-04 3.487035355824881435e+02
5.504789807854969502e-04 3.525686850702294919e+02
5.568596444286410272e-04 3.564756600069451906e+02
5.633142670601353798e-04 3.604248798882421170e+02
5.698437059469137721e-04 3.644167677003840140e+02
5.764488282925875340e-04 3.684517500129621794e+02
5.831305113526219844e-04 3.725302569979004943e+02
5.898896425508494586e-04 3.766527224483489817e+02
5.967271195973311917e-04 3.808195837974588471e+02
6.036438506075865983e-04 3.850312821370723668e+02
6.106407542232038244e-04 3.892882619420935271e+02
6.177187597338490302e-04 3.935909694841961368e+02
6.248788072006889295e-04 3.979398539072720382e+02
6.321218475812450180e-04 4.023353679534125149e+02
6.394488428556939106e-04 4.067779679790637033e+02
6.468607661546322196e-04 4.112681139693278283e+02
6.543586018883232108e-04 4.158062695520355874e+02
6.619433458774390093e-04 4.203929020116044057e+02
6.696160054853217717e-04 4.250284822917518568e+02
6.773775997517746681e-04 4.297134836227954224e+02
6.852291595284059830e-04 4.344483800923189847e+02
6.931717276155402148e-04 4.392336489838016291e+02
7.012063589007179638e-04 4.440697710975185259e+02
7.093341204987991394e-04 4.489572307574946421e+02
7.175560918936924699e-04 4.538965158180873800e+02
7.258733650817247602e-04 4.588881176701715390e+02
7.342870447166760257e-04 4.639325312469302958e+02
7.427982482564913450e-04 4.690302548943022316e+02
7.514081061116963198e-04 4.741817887697679339e+02
7.601177617955326210e-04 4.793876352980392426e+02
7.689283720758308604e-04 4.846483003036949526e+02
7.778411071286484360e-04 4.899642930342868112e+02
7.868571506936848170e-04 4.953361261599411591e+02
7.959777002314981234e-04 5.007643157723590548e+02
8.052039670825472846e-04 5.062493813833675631e+02
8.145371766280737639e-04 5.117918459228089887e+02
8.239785684528515806e-04 5.173922348815408441e+02
8.335293965098190729e-04 5.230510740527770395e+02
8.431909292866253619e-04 5.287688917752994939e+02
8.529644499741018170e-04 5.345462195848114106e+02
8.628512566366892044e-04 5.403835922036963666e+02
8.728526623848374341e-04 5.462815475300486696e+02
8.829699955494085860e-04 5.522406266260081793e+02
8.932045998580961195e-04 5.582613737053549130e+02
9.035578346138924653e-04 5.643443360454400590e+02
9.140310748756226740e-04 5.704900616428886906e+02
9.246257116405735008e-04 5.766990986272260216e+02
9.353431520292382036e-04 5.829719978196542343e+02
9.461848194721997124e-04 5.893093128709102757e+02
9.571521538991858893e-04 5.957116002379252677e+02
9.682466119303117331e-04 6.021794191595835173e+02
9.794696670695391023e-04 6.087133316315606635e+02
9.908228099003791103e-04 6.153139023801896883e+02
1.002307548283864732e-03 6.219816985202365913e+02
1.013925407558814544e-03 6.287172877084224183e+02
1.025677930744421434e-03 6.355212392673066688e+02
1.037566678745185456e-03 6.423941249869924377e+02
1.049593230558226948e-03 6.493365190929196160e+02
1.061759183482999420e-03 6.563489982100494444e+02
1.074066153333433013e-03 6.634321413259277733e+02
1.086515774652537783e-03 6.705865297526607947e+02
1.099109700929496542e-03 6.778127470735399811e+02
1.111849604819270662e-03 6.851113769773312470e+02
1.124737178364751356e-03 6.924830008262066485e+02
1.137774133221490730e-03 6.999282013067982007e+02
1.150962200885031431e-03 7.074475629062538928e+02
1.164303132920876341e-03 7.150416718594174199e+02
1.177798701197118681e-03 7.227111160946478776e+02
1.191450698119775244e-03 7.304564851782677124e+02
1.205260936870841855e-03 7.382783702577136182e+02
1.219231251649110278e-03 7.461773637830800681e+02
1.233363497913775222e-03 7.541540566591459083e+02
1.247659552630868939e-03 7.622090388813620621e+02
1.262121314522546408e-03 7.703429015028589220e+02
1.276750704319265127e-03 7.785562366107312755e+02
1.291549665014883131e-03 7.868496372547666624e+02
1.306520162124720367e-03 7.952236973746902322e+02
1.321664183946604648e-03 8.036790117258295822e+02
1.336983741824946011e-03 8.122161758031227237e+02
1.352480870417874584e-03 8.208357834240986222e+02
1.368157627967470829e-03 8.295384200840020412e+02
1.384016096573131068e-03 8.383246692341936068e+02
1.400058382468096939e-03 8.471951141721532395e+02
1.416286616299197981e-03 8.561503379438357797e+02
1.432702953409829925e-03 8.651909232441576023e+02
1.449309574126215940e-03 8.743174523156375244e+02
1.466108684046983808e-03 8.835305068451511943e+02
1.483102514336103470e-03 8.928306677283264889e+02
1.500293322019217047e-03 9.022185105379654715e+02
1.517683390283404692e-03 9.116946041177271809e+02
1.535275028780421847e-03 9.212595155335530990e+02
1.553070573933459063e-03 9.309138102873436083e+02
1.571072389247449340e-03 9.406580521914971769e+02
1.589282865622977398e-03 9.504928032414436530e+02
1.607704421673822760e-03 9.604186234860195555e+02
1.626339504048191073e-03 9.704360708957524366e+02
1.645190587753661863e-03 9.805456991407974101e+02
1.664260176485902803e-03 9.907480447162549808e+02
1.683550802961201673e-03 1.001043634577614739e+03
1.703065029252843121e-03 1.011432992048925485e+03
1.722805447131393322e-03 1.021916636681230102e+03
1.742774678408918554e-03 1.032495084085709777e+03
1.762975375287204483e-03 1.043168845764445450e+03
1.783410220710006724e-03 1.053938428938769221e+03
1.804081928719382128e-03 1.064804336343251407e+03
1.824993244816151307e-03 1.075767060348552150e+03
1.846146946324546618e-03 1.086827075874613001e+03
1.867545842761074654e-03 1.097984850480896739e+03
1.889192776207665675e-03 1.109240845717658203e+03
1.911090621689137074e-03 1.120595516921918716e+03
1.933242287555043959e-03 1.132049313010894593e+03
1.955650715865948734e-03 1.143602676272906592e+03
1.978318882784163655e-03 1.155256042155742080e+03
2.001249798969035980e-03 1.167009838202506671e+03
2.024446509976802599e-03 1.178864472367577036e+03
2.047912096665084614e-03 1.190820335314794875e+03
2.071649675602067840e-03 1.202877808851350437e+03
2.095662399480431679e-03 1.215037265900155944e+03
2.119953457536069303e-03 1.227299070253834770e+03
2.144526075971666789e-03 1.239663576326186330e+03
2.169383518385183292e-03 1.252131128901162128e+03
2.194529086203312468e-03 1.264702062879376854e+03
2.219966119119953351e-03 1.277376698921717207e+03
2.245697995539773072e-03 1.290155330973735772e+03
2.271728133026903931e-03 1.303038237532886114e+03
2.298059988758849835e-03 1.316025685187750696e+03
2.324697059985647227e-03 1.329117928332967040e+03
2.351642884494347698e-03 1.342315208881947228e+03
2.378901041078892130e-03 1.355617755977205434e+03
2.406475150015422761e-03 1.369025785698534719e+03
2.434368873543109931e-03 1.382539500515293639e+03
2.462585916350545565e-03 1.396159079580079606e+03
2.491130026067787072e-03 1.409884675216899268e+03
2.520004993764090716e-03 1.423716423786012228e+03
2.549214654451422042e-03 1.437654446157727534e+03
2.578762887593799742e-03 1.451698847390834771e+03
2.608653617622546696e-03 1.465849716409260509e+03
2.638890814457508453e-03 1.480107125676948726e+03
2.669478494034319832e-03 1.494471130871163950e+03
2.700420718837771242e-03 1.508941768400536830e+03
2.731721598441374903e-03 1.523519041190542339e+03
2.763385290053167829e-03 1.538202926516239586e+03
2.795415999067855668e-03 1.552993382522793581e+03
2.827817979625339880e-03 1.567890347906204170e+03
2.860595535175740160e-03 1.582893741561002344e+03
2.893753019050949830e-03 1.598003462227129148e+03
2.927294835042814833e-03 1.613219388135879171e+03
2.961225437988033050e-03 1.628541376572706895e+03
2.995549334359811234e-03 1.643969245748950698e+03
3.030271082866395349e-03 1.659502751322682570e+03
3.065395295056525492e-03 1.675141619294160137e+03
3.100926635931925118e-03 1.690885550924265544e+03
3.136869824566874444e-03 1.706734222338155178e+03
3.173229634734975584e-03 1.722687284129234513e+03
3.210010895543170123e-03 1.738744360963796680e+03
3.247218492073126669e-03 1.754905051186240826e+03
3.284857366030041314e-03 1.771168928470710853e+03
3.322932516398970689e-03 1.787535570828549680e+03
3.361449000108763119e-03 1.804004554627295192e+03
3.400411932703704086e-03 1.820575431155855085e+03
3.439826489022923713e-03 1.837247725639000691e+03
3.479697903887689868e-03 1.854020936883981676e+03
3.520031472796677097e-03 1.870894536928786238e+03
3.560832552629275994e-03 1.887867970692534527e+03
3.602106562357069216e-03 1.904940655627737215e+03
3.643858983763542669e-03 1.922111906613896281e+03
3.686095362172155891e-03 1.939380699564177348e+03
3.728821307182831907e-03 1.956745888768870373e+03
3.772042493416996253e-03 1.974206282903295232e+03
3.815764661271247096e-03 1.991760644470010448e+03
3.859993617679764906e-03 2.009407689249102759e+03
3.904735236885557934e-03 2.027146085757336778e+03
3.949995461220641955e-03 2.044974454716838636e+03
3.995780301895267457e-03 2.062891383928792948e+03
4.042095839796303568e-03 2.080896054139976513e+03
4.088948226294858955e-03 2.098988482417557861e+03
4.136343684063272831e-03 2.117168749525023486e+03
4.184288507901578850e-03 2.135436941639585712e+03
4.232789065573546415e-03 2.153793150517613412e+03
4.281851798652410411e-03 2.172237473660757132e+03
4.331483223376396928e-03 2.190770014482849092e+03
4.381689931514188077e-03 2.209390882477461673e+03
4.432478591240393562e-03 2.228099656866203077e+03
4.483855948021185124e-03 2.246891733385170028e+03
4.535828825510184945e-03 2.265760399781243450e+03
4.588404126454754574e-03 2.284698714005526199e+03
4.641588833612774606e-03 2.303699512794531529e+03
4.695390010680057340e-03 2.322755409896873971e+03
4.749814803228498243e-03 2.341858794530292926e+03
4.804870439655126689e-03 2.361001830080829677e+03
4.860564232142133151e-03 2.380176467409740326e+03
4.916903577628024651e-03 2.399378239745100018e+03
4.973895958790060245e-03 2.418611542562267914e+03
5.031548945038048955e-03 2.437882239393034524e+03
5.089870193519678392e-03 2.457196415561083995e+03
5.148867450137491197e-03 2.476560379575151273e+03
5.208548550577657595e-03 2.495980664676507331e+03
5.268921421350668960e-03 2.515464030552079294e+03
5.329994080844086858e-03 2.535017465224696480e+03
5.391774640387498457e-03 2.554647704809050538e+03
5.454271305329828380e-03 2.574353844115962147e+03
5.517492376129119747e-03 2.594128542829914295e+03
5.581446249454959617e-03 2.613964056889989479e+03
5.646141419303662458e-03 2.633852416957904552e+03
5.711586478126426739e-03 2.653785426938422006e+03
5.777790117970500218e-03 2.673754662748275223e+03
5.844761131633627142e-03 2.693751471345020491e+03
5.912508413831872763e-03 2.713766970026919807e+03
5.981040962380937930e-03 2.733793204596091527e+03
6.050367879391214433e-03 2.753827017136715313e+03
6.120498372476694711e-03 2.773866543353618454e+03
6.191441755977841743e-03 2.793909907249666958e+03
6.263207452198682815e-03 2.813955221411046750e+03
6.335804992658246836e-03 2.834000587310333231e+03
6.409244019356445839e-03 2.854044095613840909e+03
6.483534286054717238e-03 2.874083826493123979e+03
6.558685659571428586e-03 2.894117829683673335e+03
6.634708121092339726e-03 2.914143217935390112e+03
6.711611767496278476e-03 2.934155772378615893e+03
6.789406812696106158e-03 2.954151107341695024e+03
6.868103588995296514e-03 2.974124764508051157e+03
6.947712548460231209e-03 2.994072213452956476e+03
7.028244264308346374e-03 3.013988852236935145e+03
7.109709432312428558e-03 3.033870008057158429e+03
7.192118872221184116e-03 3.053710937957544047e+03
7.275483529196219955e-03 3.073506858003630441e+03
7.359814475265760887e-03 3.093253148209399114e+03
7.445122910795134823e-03 3.112945240749821551e+03
7.531420165974363201e-03 3.132578511278452879e+03
7.618717702322989373e-03 3.152148279129503862e+03
7.707027114212296713e-03 3.171649808305752231e+03
7.796360130405225256e-03 3.191078308518840913e+03
7.886728615614147300e-03 3.210428936282877203e+03
7.978144572076614760e-03 3.229696795701744577e+03
8.070620141149495441e-03 3.248876820681217396e+03
8.164167604921463567e-03 3.267963599893854735e+03
8.258799387844257406e-03 3.286951620080224984e+03
8.354528058382861000e-03 3.305835310597890384e+03
8.451366330684714073e-03 3.324609045002410767e+03
8.549327066268371661e-03 3.343267142698687167e+03
8.648423275731715806e-03 3.361803870663758062e+03
8.748668120479906676e-03 3.380213445240710371e+03
8.850074914473426979e-03 3.398490024295406329e+03
8.952657125996391421e-03 3.416627550479178808e+03
9.056428379445279064e-03 3.434619775327540992e+03
9.161402457138508384e-03 3.452460396523454619e+03
9.267593301146874116e-03 3.470143064594493808e+03
9.375015015145274355e-03 3.487661385303157658e+03
9.483681866285915280e-03 3.505008922121331125e+03
9.593608287093137454e-03 3.522179198788406211e+03
9.704808877380292215e-03 3.539165701953158532e+03
9.817298406188829443e-03 3.555961811572399711e+03
9.931091813749784100e-03 3.572560549135053861e+03
1.004620421346811773e-02 3.588954808621532266e+03
1.016265089392994099e-02 3.605137449614455363e+03
1.028044732093308204e-02 3.621101300664735845e+03
1.039960913954119000e-02 3.636839162753030905e+03
1.052015217616157974e-02 3.652343812850111135e+03
1.064209244064722934e-02 3.667608007575182910e+03
1.076544612842314681e-02 3.682624483171092834e+03
1.089022962263729542e-02 3.697385772560946862e+03
1.101645949633655273e-02 3.711884120053627612e+03
1.114415251466786827e-02 3.726111736318724070e+03
1.127332563710485222e-02 3.740060824278146811e+03
1.140399601970031561e-02 3.753723583718216560e+03
1.153618101736477233e-02 3.767092216009657022e+03
1.166989818617145645e-02 3.780158928933057268e+03
1.180516528568804208e-02 3.792915941607738205e+03
1.194200028133531391e-02 3.805355440182076109e+03
1.208042134677327073e-02 3.817469209489257082e+03
1.222044686631487166e-02 3.829248840844792994e+03
1.236209543736768203e-02 3.840685947989524266e+03
1.250538587290389754e-02 3.851772174784859544e+03
1.265033720395902610e-02 3.862499201370334504e+03
1.279696868215939552e-02 3.872858750430889813e+03
1.294529978227914289e-02 3.882842593570097961e+03
1.309535020482666470e-02 3.892442557417397438e+03
1.324713987866115404e-02 3.901650374650069807e+03
1.340068896363949026e-02 3.910457446862449615e+03
1.355601785329367710e-02 3.918855183682336701e+03
1.371314717753943473e-02 3.926835072353933811e+03
1.387209780541619544e-02 3.934388685326325231e+03
1.403289084785870784e-02 3.941507687935777085e+03
1.419554766050099524e-02 3.948183846174541031e+03
1.436008984651259215e-02 3.954409034539069580e+03
1.452653925946778904e-02 3.960175224813252953e+03
1.469491800624815429e-02 3.965474160697614934e+03
1.486524844997855720e-02 3.970297406829580268e+03
1.503755321299736145e-02 3.974636655154291020e+03
1.521185517986103040e-02 3.978483744390944139e+03
1.538817750038344936e-02 3.981830669077185121e+03
1.556654359271059974e-02 3.984669588658687189e+03
1.574697714643085236e-02 3.986992836613616873e+03
1.592950212572120244e-02 3.988792929600134812e+03
1.611414277253018015e-02 3.990062511211107903e+03
1.630092360979739502e-02 3.990794119494178176e+03
1.648986944471062324e-02 3.990980413144926388e+03
1.668100537200057146e-02 3.990614271150161130e+03
1.687435677727374198e-02 3.989688802539449625e+03
1.706994934038405520e-02 3.988197356089538971e+03
1.726780903884354151e-02 3.986133529978636943e+03
1.746796215127244256e-02 3.983491181375813539e+03
1.767043526088944369e-02 3.980264435003487051e+03
1.787525525904233581e-02 3.976447640756483452e+03
1.808244934877948837e-02 3.972035356562036213e+03
1.829204504846291754e-02 3.967022430898509811e+03
1.850407019542300510e-02 3.961404018641878793e+03
1.871855294965576663e-02 3.955175590161268701e+03
1.893552179756293266e-02 3.948332940243023586e+03
1.915500555573526609e-02 3.940872196826928757e+03
1.937703337477986176e-02 3.932789829537654441e+03
1.960163474319183419e-02 3.924082698423621423e+03
1.982883949127068474e-02 3.914748383399495196e+03
2.005867779508231641e-02 3.904785016952217120e+03
2.029118018046676200e-02 3.894191099857396694e+03
2.052637752709248961e-02 3.882965505729826418e+03
2.076430107255772262e-02 3.871107487004758696e+03
2.100498241653913495e-02 3.858616680596110200e+03
2.124845352498879944e-02 3.845493113217553400e+03
2.149474673437978475e-02 3.831737207091030086e+03
2.174389475600078253e-02 3.817350196847154166e+03
2.199593068030071888e-02 3.802334810229999221e+03
2.225088798128367282e-02 3.786694336967956588e+03
2.250880052095458397e-02 3.770432446866310329e+03
2.276970255381677299e-02 3.753553190081459888e+03
2.303362873142129202e-02 3.736060997002438853e+03
2.330061410696921201e-02 3.717960677734909041e+03
2.357069413996725274e-02 3.699257421183052884e+03
2.384390470093718586e-02 3.679956880632548291e+03
2.412028207618003781e-02 3.660066782652801066e+03
2.439986297259547771e-02 3.639596731709183587e+03
2.468268452255688306e-02 3.618556681173424749e+03
2.496878428884323833e-02 3.596956867446758224e+03
2.525820026962782502e-02 3.574807801530886536e+03
2.555097090352503181e-02 3.552120260360537031e+03
2.584713507469561106e-02 3.528905277908030257e+03
2.614673211801089858e-02 3.505174136069759243e+03
2.644980182427715890e-02 3.480939083714076332e+03
2.675638444552042375e-02 3.456216133424962209e+03
2.706652070033239293e-02 3.431022474568180314e+03
2.738025177927854228e-02 3.405375342844112765e+03
2.769761935036888292e-02 3.379292003239674159e+03
2.801866556459190957e-02 3.352789733588602303e+03
2.834343306151305975e-02 3.325885808463836383e+03
2.867196497493766996e-02 3.298597483417378498e+03
2.900430493863987227e-02 3.270942027402953954e+03
2.934049709215783702e-02 3.242939607481974235e+03
2.968058608665600367e-02 3.214614813793643407e+03
3.002461709085545161e-02 3.185992285539556633e+03
3.037263579703308389e-02 3.157096277554996959e+03
3.072468842709001266e-02 3.127950640982868663e+03
3.108082173869059980e-02 3.098578805355942677e+03
3.144108303147261779e-02 3.069003762069662571e+03
3.180552015332915178e-02 3.039248049224433998e+03
3.217418150676367578e-02 3.009334255148321972e+03
3.254711605531845214e-02 2.979289313196405146e+03
3.292437333007763867e-02 2.949142091061217798e+03
3.330600343624585263e-02 2.918920656074657018e+03
3.369205705980264642e-02 2.888652236920352607e+03
3.408258547423447665e-02 2.858363216155797545e+03
3.447764054734461098e-02 2.828079125053306143e+03
3.487727474814172890e-02 2.797824640657244800e+03
3.528154115380878475e-02 2.767623588703252153e+03
3.569049345675226470e-02 2.737501797460412035e+03
3.610418597173332272e-02 2.707491987960740971e+03
3.652267364308171838e-02 2.677626907980461056e+03
3.694601205199299354e-02 2.647937941280169525e+03
3.737425742391059513e-02 2.618455125161973228e+03
3.780746663599345719e-02 2.589207171552528052e+03
3.824569722466996530e-02 2.560221491349278040e+03
3.868900739327971183e-02 2.531524221773714089e+03
3.913745601980380545e-02 2.503140041902743633e+03
3.959110266468453265e-02 2.475087961210522280e+03
4.005000757873606460e-02 2.447381819214434927e+03
4.051423171114643812e-02 2.420034541556435215e+03
4.098383671757255958e-02 2.393058336851859167e+03
4.145888496832907111e-02 2.366464721601279052e+03
4.193943955667183560e-02 2.340264545584107054e+03
4.242556430717771970e-02 2.314468017659736688e+03
4.291732378422153521e-02 2.289084731907233163e+03
4.341478330055086043e-02 2.264126822293741043e+03
4.391800892596080946e-02 2.239621664466544189e+03
4.442706749606879085e-02 2.215600347529016290e+03
4.494202662119135827e-02 2.192092466447862080e+03
4.546295469532394412e-02 2.169126201934001074e+03
4.598992090522435044e-02 2.146728406240434197e+03
4.652299523960182898e-02 2.124924692101962137e+03
4.706224849841277036e-02 2.103739524514696768e+03
4.760775230226364785e-02 2.083193608239901096e+03
4.815957910192344982e-02 2.063273143143172092e+03
4.871780218794626721e-02 2.043942085204588693e+03
4.928249570040506289e-02 2.025165269156554587e+03
4.985373463873887800e-02 2.006908783169296839e+03
5.043159487171355176e-02 1.989139898097273317e+03
5.101615314749827212e-02 1.971827002017049608e+03
5.160748710385902605e-02 1.954939541830173994e+03
5.220567527846971256e-02 1.938451050799912309e+03
5.281079711934324322e-02 1.922345118035554833e+03
5.342293299538347640e-02 1.906607547453854522e+03
5.404216420705911655e-02 1.891224569010672212e+03
5.466857299720174340e-02 1.876182820682873626e+03
5.530224256192894927e-02 1.861469331332267075e+03
5.594325706169369500e-02 1.847071479615390217e+03
5.659170163246236840e-02 1.832966046042824019e+03
5.724766239702173964e-02 1.819102542236219051e+03
5.791122647641750582e-02 1.805427569990925122e+03
5.858248200152529894e-02 1.791889290264142346e+03
5.926151812475548286e-02 1.778437377978636732e+03
5.994842503189401484e-02 1.765022991272027411e+03
6.064329395408056544e-02 1.751598634993222277e+03
6.134621717992497919e-02 1.738117136516325672e+03
6.205728806776493467e-02 1.724532198634695533e+03
6.277660105806494306e-02 1.710799068404158106e+03
6.350425168595953684e-02 1.696874577476593231e+03
6.424033659394184914e-02 1.682717186370879290e+03
6.498495354469883967e-02 1.668286449281589057e+03
6.573820143409576933e-02 1.653538302473191152e+03
6.650018030431112392e-02 1.638427841988804403e+03
6.727099135712333311e-02 1.622912377772884383e+03
6.805073696735199074e-02 1.606951573463121122e+03
6.883952069645490890e-02 1.590507571997075956e+03
6.963744730628212976e-02 1.573548472582634076e+03
7.044462277299029518e-02 1.556053919763429349e+03
7.126115430111740201e-02 1.538007332692527370e+03
7.208715033782125969e-02 1.519394446177060445e+03
7.292272058728306583e-02 1.500203395509165148e+03
7.376797602527726538e-02 1.480427565765317922e+03
7.462302891391099646e-02 1.460078821712828585e+03
7.548799281653424675e-02 1.439176349494270880e+03
7.636298261282230271e-02 1.417740530416966749e+03
7.724811451403391926e-02 1.395792894401344938e+03
7.814350607844536278e-02 1.373360286799074629e+03
7.904927622696410194e-02 1.350491875994380734e+03
7.996554525892338172e-02 1.327242926287508453e+03
8.089243486805931804e-02 1.303667320244370330e+03
8.183006815867380213e-02 1.279817476006121069e+03
8.277856966198465782e-02 1.255752525110116267e+03
8.373806535266484219e-02 1.231546442988000081e+03
8.470868266557393667e-02 1.207271503560458086e+03
8.569055051268339995e-02 1.182995895182588583e+03
8.668379930019762258e-02 1.158785848595558036e+03
8.768856094587416938e-02 1.134720575588579322e+03
8.870496889654395922e-02 1.110881788537678631e+03
8.973315814583508743e-02 1.087344906707583732e+03
9.077326525210215047e-02 1.064179898136094607e+03
9.182542835656276603e-02 1.041464671628658380e+03
9.288978720164486891e-02 1.019282598799213361e+03
9.396648314954682280e-02 9.977098442823249798e+02
9.505565920101186062e-02 9.768153786283930913e+02
9.615746001432085022e-02 9.566614460201392376e+02
9.727203192450530056e-02 9.373029107822110291e+02
9.839952296278213495e-02 9.187881901362495682e+02
9.954008287621508855e-02 9.011610357685040071e+02
1.006938631476026330e-01 8.844612033215508973e+02
1.018610170155973965e-01 8.687194223061942466e+02
1.030416994950586612e-01 8.539293172128760716e+02
1.042360673976400476e-01 8.400718695693922200e+02
1.054442793526167294e-01 8.271295720279489387e+02
1.066664958279537889e-01 8.150858365042503237e+02
1.079028791516182112e-01 8.038983277092836488e+02
1.091535935331389984e-01 7.934916857746455889e+02
1.104188050854159470e-01 7.837927286149273414e+02
1.116986818467821246e-01 7.747325084294088811e+02
1.129933938033220592e-01 7.662354662500771383e+02
1.143031129114477906e-01 7.582029212745902669e+02
1.156280131207374218e-01 7.505363161815066633e+02
1.169682703970383736e-01 7.431412072191210427e+02
1.183240627458377325e-01 7.359228894703979904e+02
1.196955702359041446e-01 7.287783788856744422e+02
1.210829750232038649e-01 7.216064187864828909e+02
1.224864613750929060e-01 7.143097460972928729e+02
1.239062156947914467e-01 7.067958339582314693e+02
1.253424265461398623e-01 6.989777594308875450e+02
1.267952846786432330e-01 6.907733258960799958e+02
1.282649830528058976e-01 6.821061975127404367e+02
1.297517168657586206e-01 6.729230172553119473e+02
1.312556835771841179e-01 6.631915657770215375e+02
1.327770829355428006e-01 6.528847178356899121e+02
1.343161170046014707e-01 6.419893553821399337e+02
1.358729901902707704e-01 6.305357904621329226e+02
1.374479092677535763e-01 6.185662909528755335e+02
1.390410834090068104e-01 6.061253873998047084e+02
1.406527242105235220e-01 5.932846032463502297e+02
1.422830457214351030e-01 5.801351977310559960e+02
1.439322644719404909e-01 5.667645515867211543e+02
1.456005995020647481e-01 5.532680982534709528e+02
1.472882723907500968e-01 5.397574608877681612e+02
1.489955072852852114e-01 5.263374208981693982e+02
1.507225309310754602e-01 5.131113913005630138e+02
1.524695727017571223e-01 5.001946547238828771e+02
1.542368646296626011e-01 4.876945205308345521e+02
1.560246414366366907e-01 4.757078241164227279e+02
1.578331405652114716e-01 4.643235395602217750e+02
1.596626022101423625e-01 4.536218220829876486e+02
1.615132693503088801e-01 4.436620961540687063e+02
1.633853877809858524e-01 4.344634159045375554e+02
1.652792061464892492e-01 4.260372830808067306e+02
1.671949759731987672e-01 4.183684318376459714e+02
1.691329517029645513e-01 4.113957595210961813e+02
1.710933907269012455e-01 4.050571604455072361e+02
1.730765534195721767e-01 3.992700640180182177e+02
1.750827031735721628e-01 3.939331525565139032e+02
1.771121064345085594e-01 3.889482703198508489e+02
1.791650327363897566e-01 3.842102064919972122e+02
1.812417547374234328e-01 3.796139905890074715e+02
1.833425482562288100e-01 3.750567152726603695e+02
1.854676923084695728e-01 3.704346609634872607e+02
1.876174691439118081e-01 3.656492637082973260e+02
1.897921642839097145e-01 3.606135078475472255e+02
1.919920665593281006e-01 3.552495523444359264e+02
1.942174681489023391e-01 3.495021441660873052e+02
1.964686646180442142e-01 3.433512562896385134e+02
1.987459549580979923e-01 3.367923278702568837e+02
2.010496416260496022e-01 3.298689460597593666e+02
2.033800305846977796e-01 3.226411102721170892e+02
2.057374313432909774e-01 3.151924164818844361e+02
2.081221569986336506e-01 3.076222510814542943e+02
2.105345242766701597e-01 3.000307750027220095e+02
2.129748535745517590e-01 2.925217306788808855e+02
2.154434690031879762e-01 2.851909111017361624e+02
2.179406984302951489e-01 2.781265696195791293e+02
2.204668735239406208e-01 2.714057211598033064e+02
2.230223297965933937e-01 2.650865628600396349e+02
2.256074066496857322e-01 2.592140633734911148e+02
2.282224474186894947e-01 2.538032091231315803e+02
2.308677994187165183e-01 2.488539706444898911e+02
2.335438139906475252e-01 2.443353299519399116e+02
2.362508465477944353e-01 2.402023235641619863e+02
2.389892566231045512e-01 2.363868396985497498e+02
2.417594079169126942e-01 2.328116439863605933e+02
2.445616683452441209e-01 2.293867505745520816e+02
2.473964100886809347e-01 2.260205911853043688e+02
2.502640096417915183e-01 2.226239239187506769e+02
2.531648478631349786e-01 2.191179619360066795e+02
2.560993100258455168e-01 2.154463420230089525e+02
2.590677858688005264e-01 2.115753958324860378e+02
2.620706696483847131e-01 2.075027400515987495e+02
2.651083601908534870e-01 2.032489245450526028e+02
2.681812609453009255e-01 1.988548258297068401e+02
2.712897800372461865e-01 1.943743575048794696e+02
2.744343303228360953e-01 1.898680590312291940e+02
2.776153294436795038e-01 1.854021283338574051e+02
2.808331998823167530e-01 1.810421217555499425e+02
2.840883690183299559e-01 1.768511107854270392e+02
2.873812691851060364e-01 1.728791837254222798e+02
2.907123377272573528e-01 1.691606914434902649e+02
2.940820170587059579e-01 1.657042570704117850e+02
2.974907547214434844e-01 1.624974709394892614e+02
3.009390034449713203e-01 1.595089395361529512e+02
3.044272212064296212e-01 1.566945108108682234e+02
3.079558712914221008e-01 1.540038654157396252e+02
3.115254223555483648e-01 1.513832847996261535e+02
3.151363484866475662e-01 1.487800456323226399e+02
3.187891292677637600e-01 1.461480784821326040e+02
3.224842498408434510e-01 1.434533011068596693e+02
3.262222009711663318e-01 1.406813178098612980e+02
3.300034791125279754e-01 1.378367558690854935e+02
3.338285864731757036e-01 1.349410665366878277e+02
3.376980310825088427e-01 1.320272480387796463e+02
3.416123268585519734e-01 1.291332873587630843e+02
3.455719936762132183e-01 1.262980374450015972e+02
3.495775574363269023e-01 1.235572915068166822e+02
3.536295501355037896e-01 1.209380480835719283e+02
3.577285099367869536e-01 1.184538624492509484e+02
3.618749812411271027e-01 1.161035167025907100e+02
3.660695147596894072e-01 1.138726874184802540e+02
3.703126675869919948e-01 1.117389327529108840e+02
3.746050032748987069e-01 1.096761668882968763e+02
3.789470919074662825e-01 1.076567840780677159e+02
3.833395101766597923e-01 1.056538567038717673e+02
3.877828414589447603e-01 1.036451911600184275e+02
3.922776758927711827e-01 1.016195278052358191e+02
3.968246104569475019e-01 9.958003752486951043e+01
4.014242490499316252e-01 9.754133728345092891e+01
4.060772025700360999e-01 9.552245029403378851e+01
4.107840889965636011e-01 9.354094793489923632e+01
4.155455334718866078e-01 9.161156020134983180e+01
4.203621683844705470e-01 8.974709787928519233e+01
4.252346334528675498e-01 8.795638979916414257e+01
4.301635758106789886e-01 8.623888312714645110e+01
4.351496500925045585e-01 8.458325087064153536e+01
4.401935185208863954e-01 8.297352340086787592e+01
4.452958509942646081e-01 8.139666159222069552e+01
4.504573251759450558e-01 7.984343822245226363e+01
4.556786265841057948e-01 7.830528015787773199e+01
4.609604486828429160e-01 7.677574778941641398e+01
4.663034929742719270e-01 7.525642466599224178e+01
4.717084690917007217e-01 7.375722613468323630e+01
4.771760948938736924e-01 7.228851873614088674e+01
4.827070965603176278e-01 7.085580424554323997e+01
4.883022086877874535e-01 6.946236061399304162e+01
4.939621743878316318e-01 6.811140819742219321e+01
4.996877453854872697e-01 6.680213158337737411e+01
5.054796821191230860e-01 6.552741335344670404e+01
5.113387538414317923e-01 6.427933962936954515e+01
5.172657387216013092e-01 6.305379304086423531e+01
5.232614239486657048e-01 6.184801416029838350e+01
5.293266058360548421e-01 6.065890430392951771e+01
5.354620899273596635e-01 5.948701381310320357e+01
5.416686911033142815e-01 5.833740326900394280e+01
5.479472336900278462e-01 5.721389801849215218e+01
5.542985515684663023e-01 5.611679198593257212e+01
5.607234882852017988e-01 5.504666316796589598e+01
5.672228971644530660e-01 5.400426537252056391e+01
5.737976414214123189e-01 5.298647568337113256e+01
5.804485942768968787e-01 5.198880307453138983e+01
5.871766390733248464e-01 5.101025787947191503e+01
5.939826693920350342e-01 5.005054931384866990e+01
6.008675891719672535e-01 4.910771631808265170e+01
6.078323128297217215e-01 4.818247708039586286e+01
6.148777653810012511e-01 4.727785199461963117e+01
6.220048825634703071e-01 4.639344168582974959e+01
6.292146109610337046e-01 4.552877399491479338e+01
6.365079081295554886e-01 4.468334845949924983e+01
6.438857427240405329e-01 4.385610298953145758e+01
6.513490946272790794e-01 4.304603110566691981e+01
6.588989550799940753e-01 4.225221063946202094e+01
6.665363268124905316e-01 4.147421982113446859e+01
6.742622241778335468e-01 4.071199070688753352e+01
6.820776732865669878e-01 3.996545175449735154e+01
6.899837121430004716e-01 3.923451821304664122e+01
6.979813907830648700e-01 3.851900024614164408e+01
7.060717714137764167e-01 3.781854882047717581e+01
7.142559285543118586e-01 3.713280850160190028e+01
7.225349491787196321e-01 3.646143304402885121e+01
7.309099328602896017e-01 3.580408513459124009e+01
7.393819919175852462e-01 3.516043614346684620e+01
7.479522515621810363e-01 3.453016588262160980e+01
7.566218500481046716e-01 3.391296237144141656e+01
7.653919388230141507e-01 3.330852160932452222e+01
7.742636826811252204e-01 3.271654735501446254e+01
7.832382599179181781e-01 3.213675091246098958e+01
7.923168624866241405e-01 3.156885092300654705e+01
8.015006961565395160e-01 3.101257316369720840e+01
8.107909806731679048e-01 3.046765035184009918e+01
8.201889499202184020e-01 2.993382317144246230e+01
8.296958520834889494e-01 2.941084269553847008e+01
8.393129498166350677e-01 2.889846681409827056e+01
8.490415204088734846e-01 2.839645924004842925e+01
8.588828559546241026e-01 2.790458936034929494e+01
8.688382635251177266e-01 2.742263209108540778e+01
8.789090653419935339e-01 2.695036773645867001e+01
8.890965989529141522e-01 2.648758185157387146e+01
8.994022174092030086e-01 2.603406510890767223e+01
9.098272894455547988e-01 2.558961316836143496e+01
9.203731996618214062e-01 2.515402655079191163e+01
9.310413487069052474e-01 2.472711051492680312e+01
9.418331534647932379e-01 2.430867493756773001e+01
9.527500472427273825e-01 2.389853419699029402e+01
9.637934799615772707e-01 2.349650705944932838e+01
9.749649183484077053e-01 2.310241656870491767e+01
9.862658461312796554e-01 2.271608993848483848e+01
9.976977642363179521e-01 2.233735844779952373e+01
1.009262190987045615e+00 2.196605733903280111e+01
1.020960662306044986e+00 2.160202482697848225e+01
1.032794731918950104e+00 2.124509614684636105e+01
1.044765971560803308e+00 2.089510758210112584e+01
1.056875971184801477e+00 2.055189966635316523e+01
1.069126339173473994e+00 2.021531707945066003e+01
1.081518702552286326e+00 1.988520852872942157e+01
1.094054707205741162e+00 1.956142663396180126e+01
1.106736018095972218e+00 1.924382781588321478e+01
1.119564319483875581e+00 1.893227218817419555e+01
1.132541315152809203e+00 1.862662345278581100e+01
1.145668728634869460e+00 1.832674879849268024e+01
1.158948303439808925e+00 1.803251880257147732e+01
1.172381803286597357e+00 1.774380733549712730e+01
1.185971012337668551e+00 1.746049146855910195e+01
1.199717735435881671e+00 1.718245138430085461e+01
1.213623798344238169e+00 1.690957028968944442e+01
1.227691047988357376e+00 1.664173433192618035e+01
1.241921352701781833e+00 1.637883251681123298e+01
1.256316602474119026e+00 1.612075662957807154e+01
1.270878709202055257e+00 1.586740107472135364e+01
1.285609606943292516e+00 1.561866102134670165e+01
1.300511252173406351e+00 1.537443248729586109e+01
1.315585624045702007e+00 1.513461412932952932e+01
1.330834724654073264e+00 1.489910724706414946e+01
1.346260579298908633e+00 1.466781570687028946e+01
1.361865236756078401e+00 1.444064586817758844e+01
1.377650769549050969e+00 1.421750651210544447e+01
1.393619274224140003e+00 1.399830877233926429e+01
1.409772871628964586e+00 1.378296606817538716e+01
1.426113707194127000e+00 1.357139403965995328e+01
1.442643951218154141e+00 1.336351048475214398e+01
1.459365799155753374e+00 1.315923529844200246e+01
1.476281471909387077e+00 1.295849041375630151e+01
1.493393216124249800e+00 1.276119974459031781e+01
1.510703304486652465e+00 1.256728913030195827e+01
1.528214036025868250e+00 1.237668628201081411e+01
1.545927736419473675e+00 1.218932073054394571e+01
1.563846758302243289e+00 1.200512377597376101e+01
1.581973481578597518e+00 1.182402843530728020e+01
1.600310313738698254e+00 1.164596883995901599e+01
1.618859690178196420e+00 1.147087961937089418e+01
1.637624074521683681e+00 1.129869694198416852e+01
1.656605958949910251e+00 1.112935862194735925e+01
1.675807864530764357e+00 1.096280407274412205e+01
1.695232341554117506e+00 1.079897426226309598e+01
1.714881969870537537e+00 1.063781166926191801e+01
1.734759359233926546e+00 1.047926024117621324e+01
1.754867149648146718e+00 1.032326535322908079e+01
1.775208011717630985e+00 1.016977376879596306e+01
1.795784647002092393e+00 1.001873360098286980e+01
1.816599788375324875e+00 9.870094275376226634e+00
1.837656200388168903e+00 9.723806493926156591e+00
1.858956679635682452e+00 9.579822199923203385e+00
1.880504055128578100e+00 9.438094544033129196e+00
1.902301188668940934e+00 9.298577851354297152e+00
1.924350975230327832e+00 9.161227589462299647e+00
1.946656343342259454e+00 9.026000337410332364e+00
1.969220255479166903e+00 8.892853755652689429e+00
1.992045708453865194e+00 8.761746515096483279e+00
2.015135733815553110e+00 8.632638113987281869e+00
2.038493398252459343e+00 8.505489001870932597e+00
2.062121803999140468e+00 8.380260615059809126e+00
2.086024089248501578e+00 8.256915350104254259e+00
2.110203428568589779e+00 8.135416538030888489e+00
2.134663033324239123e+00 8.015728419335156119e+00
2.159406152103561904e+00 7.897816119703296778e+00
2.184436071149423508e+00 7.781645626439053665e+00
2.209756114795899062e+00 7.667183765573124532e+00
2.235369645909789149e+00 7.554398179631876431e+00
2.261280066337272743e+00 7.443257306044452903e+00
2.287490817355697814e+00 7.333730356167313502e+00
2.314005380130648604e+00 7.225787294906083069e+00
2.340827276178290006e+00 7.119398820915221471e+00
2.367960067833074778e+00 7.014536347357012147e+00
2.395407358720871738e+00 6.911171983201788827e+00
2.423172794237594019e+00 6.809278515051754077e+00
2.451260062033334020e+00 6.708829389471883786e+00
2.479672892502154724e+00 6.609798709744203471e+00
2.508415059277536496e+00 6.512161371444479485e+00
2.537490379733563284e+00 6.415892979084210523e+00
2.566902715491944598e+00 6.320969716387109472e+00
2.596655972934865719e+00 6.227368329422902526e+00
2.626754103723832223e+00 6.135066112227020696e+00
2.657201105324501267e+00 6.044040892805353948e+00
2.688001021537603119e+00 5.954271019512015428e+00
2.719157943036010661e+00 5.865735347788189280e+00
2.750676007908059884e+00 5.778413227251664175e+00
2.782559402207119170e+00 5.692284489125509772e+00
2.814812360507575661e+00 5.607329433996357970e+00
2.847439166467243155e+00 5.523528819891382113e+00
2.880444153396288787e+00 5.440863850665272672e+00
2.913831704832780201e+00 5.359316164686746653e+00
2.947606255124850971e+00 5.278867823816679739e+00
2.981772290019666816e+00 5.199501302668124048e+00
3.016334347259191695e+00 5.121199478140496808e+00
3.051297017182866167e+00 5.043945619219353915e+00
3.086664943337265488e+00 4.967723381715409836e+00
3.122442823092849373e+00 4.892517007168280863e+00
3.158635408267811417e+00 4.818311381446489960e+00
3.195247505759207129e+00 4.745091735166098168e+00
3.232283978181375250e+00 4.672843612751424125e+00
3.269749744511758038e+00 4.601552864705499069e+00
3.307649780744232881e+00 4.531205640065950391e+00
3.345989120549966334e+00 4.461788379041392361e+00
3.384772855945975767e+00 4.393287805823241854e+00
3.424006137971419506e+00 4.325690921568154934e+00
3.463694177371722915e+00 4.258984997547174522e+00
3.503842245290665680e+00 4.193157568456072681e+00
3.544455673970426268e+00 4.128196425883467136e+00
3.585539857459808299e+00 4.064089611932240942e+00
3.627100252330640817e+00 4.000825412990210772e+00
3.669142378402487914e+00 3.938392353646097632e+00
3.711671819475755196e+00 3.876779190747342341e+00
3.754694224073326314e+00 3.815974907595812482e+00
3.798215306190726892e+00 3.755968708277869439e+00
3.842240846055053005e+00 3.696750012194736978e+00
3.886776690892660646e+00 3.638308573443433502e+00
3.931828755705757406e+00 3.580634720060341003e+00
3.977403024058025149e+00 3.523719018842126793e+00
4.023505548869283466e+00 3.467552195783015989e+00
4.070142453219429690e+00 3.412125132308514885e+00
4.117319931161670610e+00 3.357428861593151126e+00
4.165044248545179073e+00 3.303454564959814821e+00
4.213321743847276757e+00 3.250193568359885710e+00
4.262158829015312733e+00 3.197637338931522688e+00
4.311561990318218740e+00 3.145777481635004591e+00
4.361537789207996951e+00 3.094605735963451565e+00
4.412092863191181991e+00 3.044113972727037876e+00
4.463233926710382882e+00 2.994294190909596143e+00
4.514967772036088789e+00 2.945138514595877055e+00
4.567301270168734995e+00 2.896639189967956440e+00
4.620241371751302673e+00 2.848788582369730982e+00
4.673795107992455122e+00 2.801579173437747983e+00
4.727969591600383659e+00 2.755003558297250965e+00
4.782772017727470626e+00 2.709054442822154130e+00
4.838209664925944509e+00 2.663724684932329723e+00
4.894289896114520033e+00 2.619007558371720279e+00
4.951020159556341227e+00 2.574896551530011291e+00
5.008407989848203457e+00 2.531385221460195734e+00
5.066461008921252507e+00 2.488467191927930422e+00
5.125186927053318797e+00 2.446136152115372830e+00
5.184593543892900058e+00 2.404385855356930612e+00
5.244688749495107771e+00 2.363210117906382468e+00
5.305480525369564937e+00 2.322602817734767289e+00
5.366976945540468336e+00 2.282557893358605483e+00
5.429186177618927189e+00 2.243069342697826318e+00
5.492116483887774514e+00 2.204131221963032683e+00
5.555776222398865372e+00 2.165737644571398945e+00
5.620173848083176438e+00 2.127882780090959880e+00
5.685317913873744189e+00 2.090560853212524606e+00
5.751217071841596251e+00 2.053766142748907342e+00
5.817880074344919272e+00 2.017492980660950952e+00
5.885315775191436671e+00 1.981735751109905852e+00
5.953533130814357754e+00 1.946488889535524791e+00
6.022541201461917737e+00 1.911746890207152605e+00
6.092349152400691636e+00 1.877504467620921380e+00
6.162966255132924509e+00 1.843756530285010298e+00
6.234401888627847832e+00 1.810498016731217463e+00
6.306665540567391481e+00 1.777723889116114231e+00
6.379766808606270878e+00 1.745429133315189674e+00
6.453715401646691774e+00 1.713608759020922134e+00
6.528521141127827221e+00 1.682257799844693036e+00
6.604193962330286993e+00 1.651371313422225873e+00
6.680743915695598112e+00 1.620944381522452460e+00
6.758181168161097041e+00 1.590972110159549091e+00
6.836516004510227340e+00 1.561449629707944098e+00
6.915758828738503894e+00 1.532372095020133829e+00
6.995920165435354221e+00 1.503734685547062577e+00
7.077010661181871498e+00 1.475532605460925462e+00
7.159041085964872764e+00 1.447761083780161773e+00
7.242022334607302270e+00 1.420415374496480476e+00
7.325965428215218900e+00 1.393490756703679612e+00
7.410881515641548845e+00 1.366982534728138132e+00
7.496781874966857551e+00 1.340886038786907042e+00
7.583677914997172920e+00 1.315196693105775028e+00
7.671581176779286970e+00 1.289910076160442509e+00
7.760503335133557279e+00 1.265021792315322191e+00
7.850456200204484425e+00 1.240527455807669988e+00
7.941451719029317680e+00 1.216422691531066747e+00
8.033501977124714699e+00 1.192703135804429326e+00
8.126619200091928619e+00 1.169364437126439338e+00
8.220815755240526101e+00 1.146402256915362017e+00
8.316104153230948981e+00 1.123812270234189281e+00
8.412497049736094468e+00 1.101590166501098755e+00
8.510007247122224783e+00 1.079731650185218994e+00
8.608647696149226647e+00 1.058232441487626518e+00
8.708431497690707346e+00 1.037088277007600201e+00
8.809371904473977111e+00 1.016294910394107687e+00
8.911482322840175385e+00 9.958481129825439426e-01
9.014776314524892697e+00 9.757436744166589904e-01
9.119267598459275703e+00 9.559774032558056023e-01
9.224970052592155412e+00 9.365451275673865039e-01
9.331897715733223464e+00 9.174426955045887899e-01
9.440064789417590418e+00 8.986660015043822503e-01
9.549485639791939207e+00 8.802110729894631058e-01
9.660174799522621925e+00 8.620739793235786541e-01
9.772146969725703514e+00 8.442507985998893849e-01
9.885417021919554514e+00 8.267376187386662467e-01
9.999999999999984013e+00 8.095305385573393631e-01
