1.000000000000000048e-04 4.868315296089583200e+01
1.011591112223829728e-04 4.922906091897024083e+01
1.023316578330244966e-04 4.978108451935131029e+01
1.035177955630176363e-04 5.033929209550714035e+01
1.047176819485520245e-04 5.090375283048465604e+01
1.059314763518370031e-04 5.147453668114155079e+01
1.071593399822671198e-04 5.205171438567629139e+01
1.084014359178330883e-04 5.263535747233858331e+01
1.096579291267809898e-04 5.322553826823559575e+01
1.109289864895222780e-04 5.382232990823509766e+01
1.122147768207980425e-04 5.442580634393327443e+01
1.135154708920999033e-04 5.503604230561489175e+01
1.148312414543511137e-04 5.565311321508520592e+01
1.161622632608502026e-04 5.627709530362716350e+01
1.175087130904807752e-04 5.690806564637160392e+01
1.188707697711903445e-04 5.754610217153450691e+01
1.202486142037412301e-04 5.819128366975547806e+01
1.216424293857368039e-04 5.884368980353605139e+01
1.230524004359261579e-04 5.950340111677963506e+01
1.244787146187906256e-04 6.017049904510432157e+01
1.259215613694151213e-04 6.084506594069428331e+01
1.273811323186478520e-04 6.152718508313430590e+01
1.288576213185518003e-04 6.221694067479719337e+01
1.303512244681509209e-04 6.291441785027220845e+01
1.318621401394748729e-04 6.361970268658105709e+01
1.333905690039058638e-04 6.433288221350507285e+01
1.349367140588306701e-04 6.505404442402416976e+01
1.365007806546013845e-04 6.578327828486689555e+01
1.380829765218092534e-04 6.652067373929409655e+01
1.396835117988739897e-04 6.726632168157239278e+01
1.413025990599533870e-04 6.802031399457774796e+01
1.429404533431761061e-04 6.878274357520695048e+01
1.445972921792019735e-04 6.955370434543878844e+01
1.462733356201130139e-04 7.033329126350125193e+01
1.479688062686396383e-04 7.112160033515571911e+01
1.496839293077255632e-04 7.191872862510599873e+01
1.514189325304352289e-04 7.272477426793805932e+01
1.531740463702080011e-04 7.353983643107721946e+01
1.549495039314631917e-04 7.436401528722802823e+01
1.567455410205595065e-04 7.519741210001267007e+01
1.585623961771137158e-04 7.604012924415243901e+01
1.604003107056820173e-04 7.689227021743677426e+01
1.622595287078087273e-04 7.775393965282431452e+01
1.641402971144466632e-04 7.862524333066416204e+01
1.660428657187529853e-04 7.950628819105007494e+01
1.679674872092653496e-04 8.039718234950873921e+01
1.699144172034626271e-04 8.129803514141595144e+01
1.718839142817145805e-04 8.220895712290017343e+01
1.738762400216250798e-04 8.313006006358074274e+01
1.758916590327733002e-04 8.406145695936346840e+01
1.779304389918577567e-04 8.500326204566916033e+01
1.799928506782476725e-04 8.595559081080192243e+01
1.820791680099462630e-04 8.691856000945597316e+01
1.841896680799711133e-04 8.789228767633281336e+01
1.863246311931559835e-04 8.887689307019901719e+01
1.884843409033795745e-04 8.987249653564633434e+01
1.906690840512252356e-04 9.087921968333117206e+01
1.928791508020778235e-04 9.189718544470738948e+01
1.951148346846616683e-04 9.292651808598370167e+01
1.973764326300255834e-04 9.396734322222472713e+01
1.996642450109793916e-04 9.501978783159495379e+01
2.019785756819878484e-04 9.608398026974732886e+01
2.043197320195270865e-04 9.716005028372335062e+01
2.066880249629082160e-04 9.824812901113737951e+01
2.090837690555750453e-04 9.934834899333290537e+01
2.115072824868795298e-04 1.004608442058232072e+02
2.139588871343421834e-04 1.015857500741574739e+02
2.164389086064020889e-04 1.027232034891603689e+02
2.189476762856621176e-04 1.038733428223281123e+02
2.214855233726359721e-04 1.050363079413799028e+02
2.240527869300018495e-04 1.062122402259581975e+02
2.266498079273692845e-04 1.074012825466262484e+02
2.292769312865648918e-04 1.086035791011931479e+02
2.319345059274427814e-04 1.098192755584403386e+02
2.346228848142263134e-04 1.110485191482798086e+02
2.373424250023866691e-04 1.122914586779417334e+02
2.400934876860652035e-04 1.135482445482200973e+02
2.428764382460451090e-04 1.148190287698795515e+02
2.456916462982790305e-04 1.161039649802203115e+02
2.485394857429798965e-04 1.174032084589924096e+02
2.514203348142797370e-04 1.187169160684517522e+02
2.543345761304648903e-04 1.200452462026427867e+02
2.572825967447932359e-04 1.213883589249687986e+02
2.602647881969005024e-04 1.227464159997170157e+02
2.632815465648020731e-04 1.241195809093029681e+02
2.663332725174980963e-04 1.255080188716833760e+02
2.694203713681882413e-04 1.269118968579293778e+02
2.725432531281028249e-04 1.283313836099652576e+02
2.757023325609583289e-04 1.297666496289999145e+02
2.788980292380439777e-04 1.312178668832164590e+02
2.821307675939471824e-04 1.326852089322579502e+02
2.854009769829237591e-04 1.341688511491032330e+02
2.887090917359235484e-04 1.356689707412429584e+02
2.920555512182745244e-04 1.371857467686898246e+02
2.954407998880380793e-04 1.387193601621338246e+02
2.988652873550383024e-04 1.402699937412639883e+02
3.023294684405777215e-04 1.418378322332365542e+02
3.058338032378432473e-04 1.434230622361779695e+02
3.093787571730137595e-04 1.450258721096582804e+02
3.129648010670751349e-04 1.466464521294533085e+02
3.165924111983521496e-04 1.482849945417987954e+02
3.202620693657651165e-04 1.499416935823511210e+02
3.239742629528196056e-04 1.516167454953030926e+02
3.277294849923383015e-04 1.533103485526611962e+02
3.315282342319423692e-04 1.550227030736877794e+02
3.353710152002930081e-04 1.567540114303198777e+02
3.392583382740992667e-04 1.585044776929441355e+02
3.431907197459043682e-04 1.602743075933257160e+02
3.471686818926560223e-04 1.620637089305244558e+02
3.511927530450728672e-04 1.638728916109915872e+02
3.552634676578139803e-04 1.657020676679182998e+02
3.593813663804626239e-04 1.675514512807400820e+02
3.635469961293318715e-04 1.694212587947861550e+02
3.677609101601031711e-04 1.713117087410699071e+02
3.720236681413067385e-04 1.732230217628448372e+02
3.763358362286533740e-04 1.751554201540828615e+02
3.806979871402285448e-04 1.771091282091889809e+02
3.851107002325569739e-04 1.790843724483526103e+02
3.895745615775502574e-04 1.810813816373527629e+02
3.940901640403448279e-04 1.831003868071253464e+02
3.986581073580439810e-04 1.851416212734613396e+02
4.032789982193706307e-04 1.872053206568314181e+02
4.079534503452450522e-04 1.892917228991274499e+02
4.126820845702952557e-04 1.914010679321987141e+02
4.174655289253135972e-04 1.935335973606943014e+02
4.223044187206673248e-04 1.956895550522413316e+02
4.271993966306778055e-04 1.978691872290387437e+02
4.321511127789762923e-04 2.000727424870597133e+02
4.371602248248503283e-04 2.023004718153625276e+02
4.422273980505898373e-04 2.045526286154932336e+02
4.473533054498464575e-04 2.068294687209864833e+02
4.525386278170167947e-04 2.091312503471239381e+02
4.577840538376617388e-04 2.114582333289631038e+02
4.630902801799738800e-04 2.138106793848004088e+02
4.684580115873046222e-04 2.161888526664504298e+02
4.738879609717652546e-04 2.185930197871326186e+02
4.793808495089108153e-04 2.210234498396745835e+02
4.849374067335234439e-04 2.234804144147759075e+02
4.905583706365046568e-04 2.259641876193268786e+02
4.962444877628915604e-04 2.284750460947409749e+02
5.019965133110080614e-04 2.310132687625609549e+02
5.078152112327671743e-04 2.335791361663630710e+02
5.137013543351340219e-04 2.361729311845253676e+02
5.196557243827659538e-04 2.387949392395034920e+02
5.256791122018420349e-04 2.414454483146903669e+02
5.317723177850967571e-04 2.441247489713146592e+02
5.379361503980699009e-04 2.468331343653260035e+02
5.441714286865889172e-04 2.495709002643099552e+02
5.504789807854969502e-04 2.523383450246445534e+02
5.568596444286410272e-04 2.551357684723834609e+02
5.633142670601353798e-04 2.579634716948406776e+02
5.698437059469137721e-04 2.608217582699251693e+02
5.764488282925875340e-04 2.637109343502982028e+02
5.831305113526219844e-04 2.666313086770030623e+02
5.898896425508494586e-04 2.695831925930330044e+02
5.967271195973311917e-04 2.725669000568102547e+02
6.036438506075865983e-04 2.755827476555855924e+02
6.106407542232038244e-04 2.786310543987886490e+02
6.177187597338490302e-04 2.817121405312620936e+02
6.248788072006889295e-04 2.848263283368737007e+02
6.321218475812450180e-04 2.879739426808127405e+02
6.394488428556939106e-04 2.911553110211206672e+02
6.468607661546322196e-04 2.943707634188236852e+02
6.543586018883232108e-04 2.976206325479134307e+02
6.619433458774390093e-04 3.009052537051514378e+02
6.696160054853217717e-04 3.042249648140400495e+02
6.773775997517746681e-04 3.075801057126429328e+02
6.852291595284059830e-04 3.109710174118735608e+02
6.931717276155402148e-04 3.143980433153917033e+02
7.012063589007179638e-04 3.178615293890023281e+02
7.093341204987991394e-04 3.213618241665558344e+02
7.175560918936924699e-04 3.248992787555819177e+02
7.258733650817247602e-04 3.284742468426615005e+02
7.342870447166760257e-04 3.320870846985442881e+02
7.427982482564913450e-04 3.357381509763291092e+02
7.514081061116963198e-04 3.394278042565841815e+02
7.601177617955326210e-04 3.431564037423350442e+02
7.689283720758308604e-04 3.469243109909186273e+02
7.778411071286484360e-04 3.507318899474261684e+02
7.868571506936848170e-04 3.545795069424269172e+02
7.959777002314981234e-04 3.584675306892584672e+02
8.052039670825472846e-04 3.623963322809271403e+02
8.145371766280737639e-04 3.663662851865342418e+02
8.239785684528515806e-04 3.703777650134695705e+02
8.335293965098190729e-04 3.744311488857085806e+02
8.431909292866253619e-04 3.785268160538250299e+02
8.529644499741018170e-04 3.826651480690737230e+02
8.628512566366892044e-04 3.868465287761201239e+02
8.728526623848374341e-04 3.910713443052495677e+02
8.829699955494085860e-04 3.953399830640696564e+02
8.932045998580961195e-04 3.996528357286961750e+02
9.035578346138924653e-04 4.040102951588402220e+02
9.140310748756226740e-04 4.084127540377010632e+02
9.246257116405735008e-04 4.128606042848948050e+02
9.353431520292382036e-04 4.173542396414432005e+02
9.461848194721997124e-04 4.218940558135719243e+02
9.571521538991858893e-04 4.264804504541891106e+02
9.682466119303117331e-04 4.311138231436959813e+02
9.794696670695391023e-04 4.357945753700947193e+02
9.908228099003791103e-04 4.405231105083636862e+02
1.002307548283864732e-03 4.452998335595182766e+02
1.013925407558814544e-03 4.501251497459132906e+02
1.025677930744421434e-03 4.549994653650056762e+02
1.037566678745185456e-03 4.599231883981822762e+02
1.049593230558226948e-03 4.648967284855725097e+02
1.061759183482999420e-03 4.699204968980941999e+02
1.074066153333433013e-03 4.749949065087147346e+02
1.086515774652537783e-03 4.801203717628214349e+02
1.099109700929496542e-03 4.852973086389108630e+02
1.111849604819270662e-03 4.905261332893115878e+02
1.124737178364751356e-03 4.958072605142301086e+02
1.137774133221490730e-03 5.011411060365456365e+02
1.150962200885031431e-03 5.065280867926891233e+02
1.164303132920876341e-03 5.119686208929003328e+02
1.177798701197118681e-03 5.174631275805261339e+02
1.191450698119775244e-03 5.230120271902958393e+02
1.205260936870841855e-03 5.286157411056155979e+02
1.219231251649110278e-03 5.342746915465403390e+02
1.233363497913775222e-03 5.399892993938020709e+02
1.247659552630868939e-03 5.457599846757220803e+02
1.262121314522546408e-03 5.515871680725673514e+02
1.276750704319265127e-03 5.574712708993708929e+02
1.291549665014883131e-03 5.634127150524587933e+02
1.306520162124720367e-03 5.694119229548800831e+02
1.321664183946604648e-03 5.754693175006507317e+02
1.336983741824946011e-03 5.815853219978251900e+02
1.352480870417874584e-03 5.877603589336787309e+02
1.368157627967470829e-03 5.939948466129627604e+02
1.384016096573131068e-03 6.002892022958520784e+02
1.400058382468096939e-03 6.066438431283878572e+02
1.416286616299197981e-03 6.130591860726979121e+02
1.432702953409829925e-03 6.195356478359660741e+02
1.449309574126215940e-03 6.260736447980535786e+02
1.466108684046983808e-03 6.326735929377695129e+02
1.483102514336103470e-03 6.393359076603734366e+02
1.500293322019217047e-03 6.460610004166056797e+02
1.517683390283404692e-03 6.528492776558759942e+02
1.535275028780421847e-03 6.597011445279242707e+02
1.553070573933459063e-03 6.666170050461278151e+02
1.571072389247449340e-03 6.735972619976434999e+02
1.589282865622977398e-03 6.806423168520025229e+02
1.607704421673822760e-03 6.877525696682777152e+02
1.626339504048191073e-03 6.949284190006869721e+02
1.645190587753661863e-03 7.021702605313230379e+02
1.664260176485902803e-03 7.094784792166830130e+02
1.683550802961201673e-03 7.168534539215946779e+02
1.703065029252843121e-03 7.242955610012978696e+02
1.722805447131393322e-03 7.318051742000195645e+02
1.742774678408918554e-03 7.393826645338100434e+02
1.762975375287204483e-03 7.470284001718113132e+02
1.783410220710006724e-03 7.547427463157846432e+02
1.804081928719382128e-03 7.625260650552753532e+02
1.824993244816151307e-03 7.703787112020393124e+02
1.846146946324546618e-03 7.783010272667478375e+02
1.867545842761074654e-03 7.862933506141057478e+02
1.889192776207665675e-03 7.943560144221621613e+02
1.911090621689137074e-03 8.024893475389791320e+02
1.933242287555043959e-03 8.106936743374776597e+02
1.955650715865948734e-03 8.189693145685366744e+02
1.978318882784163655e-03 8.273165832122937218e+02
2.001249798969035980e-03 8.357357895565796753e+02
2.024446509976802599e-03 8.442272266431757544e+02
2.047912096665084614e-03 8.527911733969815486e+02
2.071649675602067840e-03 8.614279023211861386e+02
2.095662399480431679e-03 8.701376795179619421e+02
2.119953457536069303e-03 8.789207645115074001e+02
2.144526075971666789e-03 8.877774100693072796e+02
2.169383518385183292e-03 8.967078620215856972e+02
2.194529086203312468e-03 9.057123590790132539e+02
2.219966119119953351e-03 9.147911299439912227e+02
2.245697995539773072e-03 9.239443850665154514e+02
2.271728133026903931e-03 9.331723240602735814e+02
2.298059988758849835e-03 9.424751380214180472e+02
2.324697059985647227e-03 9.518530093247734385e+02
2.351642884494347698e-03 9.613061114183989275e+02
2.378901041078892130e-03 9.708346086165086035e+02
2.406475150015422761e-03 9.804386558908195184e+02
2.434368873543109931e-03 9.901183984527375515e+02
2.462585916350545565e-03 9.998739638414317596e+02
2.491130026067787072e-03 1.009705459080847504e+03
2.520004993764090716e-03 1.019612979601259894e+03
2.549214654451422042e-03 1.029596609658141460e+03
2.578762887593799742e-03 1.039656422100473037e+03
2.608653617622546696e-03 1.049792478137704620e+03
2.638890814457508453e-03 1.060004827105534332e+03
2.669478494034319832e-03 1.070293506230478897e+03
2.700420718837771242e-03 1.080658539022423611e+03
2.731721598441374903e-03 1.091099926198592811e+03
2.763385290053167829e-03 1.101617650641710952e+03
2.795415999067855668e-03 1.112211681522773461e+03
2.827817979625339880e-03 1.122881974069865009e+03
2.860595535175740160e-03 1.133628469315914799e+03
2.893753019050949830e-03 1.144451093845746982e+03
2.927294835042814833e-03 1.155349759542612446e+03
2.961225437988033050e-03 1.166324363285748177e+03
2.995549334359811234e-03 1.177374776262586920e+03
3.030271082866395349e-03 1.188500830139701975e+03
3.065395295056525492e-03 1.199702336327653256e+03
3.100926635931925118e-03 1.210979088822322865e+03
3.136869824566874444e-03 1.222330863926413031e+03
3.173229634734975584e-03 1.233757419970997944e+03
3.210010895543170123e-03 1.245258497037598090e+03
3.247218492073126669e-03 1.256833816680675227e+03
3.284857366030041314e-03 1.268483082037436589e+03
3.322932516398970689e-03 1.280205983109788122e+03
3.361449000108763119e-03 1.292002195432424514e+03
3.400411932703704086e-03 1.303871375442055296e+03
3.439826489022923713e-03 1.315813160091504415e+03
3.479697903887689868e-03 1.327827166584193719e+03
3.520031472796677097e-03 1.339912992110060486e+03
3.560832552629275994e-03 1.352070213583006080e+03
3.602106562357069216e-03 1.364298387380005352e+03
3.643858983763542669e-03 1.376597012215503128e+03
3.686095362172155891e-03 1.388965412482010152e+03
3.728821307182831907e-03 1.401402845339987607e+03
3.772042493416996253e-03 1.413908538112974384e+03
3.815764661271247096e-03 1.426481687927041094e+03
3.859993617679764906e-03 1.439121461355223346e+03
3.904735236885557934e-03 1.451826994067274654e+03
3.949995461220641955e-03 1.464597390484964080e+03
3.995780301895267457e-03 1.477431730572792048e+03
4.042095839796303568e-03 1.490329359573569263e+03
4.088948226294858955e-03 1.503290000621582521e+03
4.136343684063272831e-03 1.516313396860703733e+03
4.184288507901578850e-03 1.529399284364331834e+03
4.232789065573546415e-03 1.542547392122454539e+03
4.281851798652410411e-03 1.555757442029635286e+03
4.331483223376396928e-03 1.569029148874035172e+03
4.381689931514188077e-03 1.582362220327276646e+03
4.432478591240393562e-03 1.595756101634927063e+03
4.483855948021185124e-03 1.609208237176904049e+03
4.535828825510184945e-03 1.622715058042292640e+03
4.588404126454754574e-03 1.636272875701718249e+03
4.641588833612774606e-03 1.649877886011822056e+03
4.695390010680057340e-03 1.663526168274611109e+03
4.749814803228498243e-03 1.677213684387367948e+03
4.804870439655126689e-03 1.690936278087618120e+03
4.860564232142133151e-03 1.704689681072383337e+03
4.916903577628024651e-03 1.718471303927027293e+03
4.973895958790060245e-03 1.732282728172837324e+03
5.031548945038048955e-03 1.746126216631246962e+03
5.089870193519678392e-03 1.760004125319590912e+03
5.148867450137491197e-03 1.773918904159337444e+03
5.208548550577657595e-03 1.787873097715582844e+03
5.268921421350668960e-03 1.801869345970487984e+03
5.329994080844086858e-03 1.815910385133636964e+03
5.391774640387498457e-03 1.829998819164165752e+03
5.454271305329828380e-03 1.844133606135994114e+03
5.517492376129119747e-03 1.858310631431033244e+03
5.581446249454959617e-03 1.872525575428320963e+03
5.646141419303662458e-03 1.886773998432296594e+03
5.711586478126426739e-03 1.901051340032855705e+03
5.777790117970500218e-03 1.915352918572108592e+03
5.844761131633627142e-03 1.929673930722148270e+03
5.912508413831872763e-03 1.944009451178278141e+03
5.981040962380937930e-03 1.958354975601952901e+03
6.050367879391214433e-03 1.972708233794840680e+03
6.120498372476694711e-03 1.987067547714223110e+03
6.191441755977841743e-03 2.001431219596578558e+03
6.263207452198682815e-03 2.015797532143399394e+03
6.335804992658246836e-03 2.030164748722200329e+03
6.409244019356445839e-03 2.044531113576715825e+03
6.483534286054717238e-03 2.058894852045844345e+03
6.558685659571428586e-03 2.073254160863710695e+03
6.634708121092339726e-03 2.087606763920154663e+03
6.711611767496278476e-03 2.101949718922901866e+03
6.789406812696106158e-03 2.116279988393011990e+03
6.868103588995296514e-03 2.130594485922276363e+03
6.947712548460231209e-03 2.144890076554940151e+03
7.028244264308346374e-03 2.159163577206737500e+03
7.109709432312428558e-03 2.173411757121914889e+03
7.192118872221184116e-03 2.187631338368902107e+03
7.275483529196219955e-03 2.201819004718670385e+03
7.359814475265760887e-03 2.215971462169722145e+03
7.445122910795134823e-03 2.230085406466055247e+03
7.531420165974363201e-03 2.244157491549089173e+03
7.618717702322989373e-03 2.258184330015425530e+03
7.707027114212296713e-03 2.272162493828613151e+03
7.796360130405225256e-03 2.286088515069409368e+03
7.886728615614147300e-03 2.299958886725471075e+03
7.978144572076614760e-03 2.313770063306879365e+03
8.070620141149495441e-03 2.327518391100515601e+03
8.164167604921463567e-03 2.341200004457180512e+03
8.258799387844257406e-03 2.354810970349853051e+03
8.354528058382861000e-03 2.368347314991177882e+03
8.451366330684714073e-03 2.381805024959574439e+03
8.549327066268371661e-03 2.395180048375419574e+03
8.648423275731715806e-03 2.408468296127497524e+03
8.748668120479906676e-03 2.421665643150104643e+03
8.850074914473426979e-03 2.434767922110202107e+03
8.952657125996391421e-03 2.447770799915715088e+03
9.056428379445279064e-03 2.460669796525921356e+03
9.161402457138508384e-03 2.473460392812999999e+03
9.267593301146874116e-03 2.486138035668751399e+03
9.375015015145274355e-03 2.498698139716590958e+03
9.483681866285915280e-03 2.511136089083821389e+03
9.593608287093137454e-03 2.523447239234058088e+03
9.704808877380292215e-03 2.535626918859975376e+03
9.817298406188829443e-03 2.547670381359298517e+03
9.931091813749784100e-03 2.559572629171578228e+03
1.004620421346811773e-02 2.571328575015129900e+03
1.016265089392994099e-02 2.582933106924139793e+03
1.028044732093308204e-02 2.594381090655139360e+03
1.039960913954119000e-02 2.605667372161971343e+03
1.052015217616157974e-02 2.616786780141327654e+03
1.064209244064722934e-02 2.627734128648495698e+03
1.076544612842314681e-02 2.638504217035277179e+03
1.089022962263729542e-02 2.649091696954750660e+03
1.101645949633655273e-02 2.659491010325731168e+03
1.114415251466786827e-02 2.669696574580253127e+03
1.127332563710485222e-02 2.679702801430865748e+03
1.140399601970031561e-02 2.689504100172851395e+03
1.153618101736477233e-02 2.699094881063774210e+03
1.166989818617145645e-02 2.708469558778838291e+03
1.180516528568804208e-02 2.717622555940164602e+03
1.194200028133531391e-02 2.726548271899790961e+03
1.208042134677327073e-02 2.735240822848199514e+03
1.222044686631487166e-02 2.743694188507258332e+03
1.236209543736768203e-02 2.751902364576728814e+03
1.250538587290389754e-02 2.759859368221324075e+03
1.265033720395902610e-02 2.767559242473870654e+03
1.279696868215939552e-02 2.774996060717016007e+03
1.294529978227914289e-02 2.782163931240483180e+03
1.309535020482666470e-02 2.789057001601509910e+03
1.324713987866115404e-02 2.795669349164178584e+03
1.340068896363949026e-02 2.801994806936687382e+03
1.355601785329367710e-02 2.808027212321109801e+03
1.371314717753943473e-02 2.813760458051977821e+03
1.387209780541619544e-02 2.819188497635426756e+03
1.403289084785870784e-02 2.824305350856013774e+03
1.419554766050099524e-02 2.829105109345900928e+03
1.436008984651259215e-02 2.833581942211366822e+03
1.452653925946778904e-02 2.837730088270043780e+03
1.469491800624815429e-02 2.841543627633922824e+03
1.486524844997855720e-02 2.845016516251216217e+03
1.503755321299736145e-02 2.848142801209596655e+03
1.521185517986103040e-02 2.850916634528736722e+03
1.538817750038344936e-02 2.853332279633658800e+03
1.556654359271059974e-02 2.855384117860538481e+03
1.574697714643085236e-02 2.857066654987566835e+03
1.592950212572120244e-02 2.858374527782620589e+03
1.611414277253018015e-02 2.859302461981255419e+03
1.630092360979739502e-02 2.859845099366519207e+03
1.648986944471062324e-02 2.859997165519075224e+03
1.668100537200057146e-02 2.859753543579279267e+03
1.687435677727374198e-02 2.859109281245837792e+03
1.706994934038405520e-02 2.858059597740986646e+03
1.726780903884354151e-02 2.856599890740381852e+03
1.746796215127244256e-02 2.854725743257273734e+03
1.767043526088944369e-02 2.852432929855000111e+03
1.787525525904233581e-02 2.849717389777187691e+03
1.808244934877948837e-02 2.846575216458278646e+03
1.829204504846291754e-02 2.843002711733081469e+03
1.850407019542300510e-02 2.838996396749284031e+03
1.871855294965576663e-02 2.834553018486729798e+03
1.893552179756293266e-02 2.829669556154250586e+03
1.915500555573526609e-02 2.824343227452249266e+03
1.937703337477986176e-02 2.818571494688777875e+03
1.960163474319183419e-02 2.812352098182395821e+03
1.982883949127068474e-02 2.805683280210133489e+03
2.005867779508231641e-02 2.798563671749144760e+03
2.029118018046676200e-02 2.790992167669448463e+03
2.052637752709248961e-02 2.782967930101845923e+03
2.076430107255772262e-02 2.774490392765742399e+03
2.100498241653913495e-02 2.765559265065967793e+03
2.124845352498879944e-02 2.756174535948305220e+03
2.149474673437978475e-02 2.746336478038259884e+03
2.174389475600078253e-02 2.736045949404118801e+03
2.199593068030071888e-02 2.725304886280005576e+03
2.225088798128367282e-02 2.714115629148449443e+03
2.250880052095458397e-02 2.702480791094787492e+03
2.276970255381677299e-02 2.690403258025489322e+03
2.303362873142129202e-02 2.677886188604989911e+03
2.330061410696921201e-02 2.664933013907351778e+03
2.357069413996725274e-02 2.651547436779458621e+03
2.384390470093718586e-02 2.637733492627201031e+03
2.412028207618003781e-02 2.623496691944092618e+03
2.439986297259547771e-02 2.608843881613290705e+03
2.468268452255688306e-02 2.593782159164958102e+03
2.496878428884323833e-02 2.578318825992905658e+03
2.525820026962782502e-02 2.562461381361871645e+03
2.555097090352503181e-02 2.546217516241954854e+03
2.584713507469561106e-02 2.529595106977168143e+03
2.614673211801089858e-02 2.512602208795772185e+03
2.644980182427715890e-02 2.495247571482830153e+03
2.675638444552042375e-02 2.477542644999387903e+03
2.706652070033239293e-02 2.459499724490207427e+03
2.738025177927854228e-02 2.441131139677846022e+03
2.769761935036888292e-02 2.422449242660969048e+03
2.801866556459190957e-02 2.403466396145772705e+03
2.834343306151305975e-02 2.384194961912189683e+03
2.867196497493766996e-02 2.364647289526384611e+03
2.900430493863987227e-02 2.344835739568028657e+03
2.934049709215783702e-02 2.324774750226827564e+03
2.968058608665600367e-02 2.304481929845916511e+03
3.002461709085545161e-02 2.283974923422117172e+03
3.037263579703308389e-02 2.263271102072414578e+03
3.072468842709001266e-02 2.242387549155995202e+03
3.108082173869059980e-02 2.221341047402690037e+03
3.144108303147261779e-02 2.200148067034639098e+03
3.180552015332915178e-02 2.178824754866771855e+03
3.217418150676367578e-02 2.157387295544388508e+03
3.254711605531845214e-02 2.135854992943689467e+03
3.292437333007763867e-02 2.114248540563332881e+03
3.330600343624585263e-02 2.092588059398456153e+03
3.369205705980264642e-02 2.070893070407485084e+03
3.408258547423447665e-02 2.049182489081617859e+03
3.447764054734461098e-02 2.027474621675952903e+03
3.487727474814172890e-02 2.005787163028892110e+03
3.528154115380878475e-02 1.984137198595300333e+03
3.569049345675226470e-02 1.962543259068338784e+03
3.610418597173332272e-02 1.941028841144044691e+03
3.652267364308171838e-02 1.919617464051752222e+03
3.694601205199299354e-02 1.898331668119209326e+03
3.737425742391059513e-02 1.877193027288438998e+03
3.780746663599345719e-02 1.856222164168481640e+03
3.824569722466996530e-02 1.835438767436474564e+03
3.868900739327971183e-02 1.814861611402697918e+03
3.913745601980380545e-02 1.794508423910669762e+03
3.959110266468453265e-02 1.774392870728478329e+03
4.005000757873606460e-02 1.754524913375807955e+03
4.051423171114643812e-02 1.734913856740239680e+03
4.098383671757255958e-02 1.715568490066857521e+03
4.145888496832907111e-02 1.696497104836749941e+03
4.193943955667183560e-02 1.677707512994673607e+03
4.242556430717771970e-02 1.659207065472602380e+03
4.291732378422153521e-02 1.641002670959124998e+03
4.341478330055086043e-02 1.623103072276736839e+03
4.391800892596080946e-02 1.605528012047504944e+03
4.442706749606879085e-02 1.588299913410830413e+03
4.494202662119135827e-02 1.571440122009692914e+03
4.546295469532394412e-02 1.554968963572414850e+03
4.598992090522435044e-02 1.538905805780499122e+03
4.652299523960182898e-02 1.523269122418533243e+03
4.706224849841277036e-02 1.508076559587263091e+03
4.760775230226364785e-02 1.493343059029321466e+03
4.815957910192344982e-02 1.479058769789405005e+03
4.871780218794626721e-02 1.465197857782493884e+03
4.928249570040506289e-02 1.451735118630939951e+03
4.985373463873887800e-02 1.438646246918253155e+03
5.043159487171355176e-02 1.425907785401772117e+03
5.101615314749827212e-02 1.413497078016726164e+03
5.160748710385902605e-02 1.401392227948370873e+03
5.220567527846971256e-02 1.389574275812300357e+03
5.281079711934324322e-02 1.378031494385229507e+03
5.342293299538347640e-02 1.366753747626906943e+03
5.404216420705911655e-02 1.355731203886818776e+03
5.466857299720174340e-02 1.344954323036091409e+03
5.530224256192894927e-02 1.334413844225808134e+03
5.594325706169369500e-02 1.324100756372517480e+03
5.659170163246236840e-02 1.313998407804956969e+03
5.724766239702173964e-02 1.304070490926153525e+03
5.791122647641750582e-02 1.294278597782578117e+03
5.858248200152529894e-02 1.284585440758919503e+03
5.926151812475548286e-02 1.274954819849845762e+03
5.994842503189401484e-02 1.265351600357521875e+03
6.064329395408056544e-02 1.255741608368212383e+03
6.134621717992497919e-02 1.246090841093464405e+03
6.205728806776493467e-02 1.236365892644783798e+03
6.277660105806494306e-02 1.226534468677057930e+03
6.350425168595953684e-02 1.216565415878050544e+03
6.424033659394184914e-02 1.206428754001319248e+03
6.498495354469883967e-02 1.196095282825548793e+03
6.573820143409576933e-02 1.185533125820807300e+03
6.650018030431112392e-02 1.174709766691432378e+03
6.727099135712333311e-02 1.163594288776495659e+03
6.805073696735199074e-02 1.152157476980860793e+03
6.883952069645490890e-02 1.140371909175159090e+03
6.963744730628212976e-02 1.128214432212902693e+03
7.044462277299029518e-02 1.115670140797338263e+03
7.126115430111740201e-02 1.102726850979391202e+03
7.208715033782125969e-02 1.089374064331834461e+03
7.292272058728306583e-02 1.075603030492360176e+03
7.376797602527726538e-02 1.061408793303082120e+03
7.462302891391099646e-02 1.046799685029824786e+03
7.548799281653424675e-02 1.031789320278751120e+03
7.636298261282230271e-02 1.016392200800949695e+03
7.724811451403391926e-02 1.000623682648504087e+03
7.814350607844536278e-02 9.845029802668287857e+02
7.904927622696410194e-02 9.680654251593709887e+02
7.996554525892338172e-02 9.513507661522401122e+02
8.089243486805931804e-02 9.343977779349976345e+02
8.183006815867380213e-02 9.172442005838968271e+02
8.277856966198465782e-02 8.999326669733083008e+02
8.373806535266484219e-02 8.825165929307802344e+02
8.470868266557393667e-02 8.650481788985405274e+02
8.569055051268339995e-02 8.475766798060680003e+02
8.668379930019762258e-02 8.301499482449853531e+02
8.768856094587416938e-02 8.128252755640936584e+02
8.870496889654395922e-02 7.956617768170719955e+02
8.973315814583508743e-02 7.787140040625474739e+02
9.077326525210215047e-02 7.620325618758967039e+02
9.182542835656276603e-02 7.456739316292453168e+02
9.288978720164486891e-02 7.296986436038820329e+02
9.396648314954682280e-02 7.141619728542992789e+02
9.505565920101186062e-02 6.991139458881081055e+02
9.615746001432085022e-02 6.845996924735383118e+02
9.727203192450530056e-02 6.706591443615504886e+02
9.839952296278213495e-02 6.573276712530200712e+02
9.954008287621508855e-02 6.446372188095268712e+02
1.006938631476026330e-01 6.326167954307546779e+02
1.018610170155973965e-01 6.212888566163167070e+02
1.030416994950586612e-01 6.106490821365799775e+02
1.042360673976400476e-01 6.006840239259441887e+02
1.054442793526167294e-01 5.913813145243215104e+02
1.066664958279537889e-01 5.827292421387255672e+02
1.079028791516182112e-01 5.746974071770607679e+02
1.091535935331389984e-01 5.672314512377570281e+02
1.104188050854159470e-01 5.602786024416783448e+02
1.116986818467821246e-01 5.537891654644039363e+02
1.129933938033220592e-01 5.477085871720098567e+02
1.143031129114477906e-01 5.419653770386211136e+02
1.156280131207374218e-01 5.364881140263222505e+02
1.169682703970383736e-01 5.312083637430260978e+02
1.183240627458377325e-01 5.260574405512753628e+02
1.196955702359041446e-01 5.209604709904373294e+02
1.210829750232038649e-01 5.158438024241594348e+02
1.224864613750929060e-01 5.106366798981787269e+02
1.239062156947914467e-01 5.052716830042939478e+02
1.253424265461398623e-01 4.996852553935852939e+02
1.267952846786432330e-01 4.938172688796935290e+02
1.282649830528058976e-01 4.876118775030693087e+02
1.297517168657586206e-01 4.810298633474376970e+02
1.312556835771841179e-01 4.740473215945646075e+02
1.327770829355428006e-01 4.666441127104968700e+02
1.343161170046014707e-01 4.588103382543155249e+02
1.358729901902707704e-01 4.505676775648944954e+02
1.374479092677535763e-01 4.419465594124258701e+02
1.390410834090068104e-01 4.329791397066966852e+02
1.406527242105235220e-01 4.237173563041502575e+02
1.422830457214351030e-01 4.142276064270484426e+02
1.439322644719404909e-01 4.045734868768720389e+02
1.456005995020647481e-01 3.948245661923888292e+02
1.472882723907500968e-01 3.850623458000912933e+02
1.489955072852852114e-01 3.753632977961225947e+02
1.507225309310754602e-01 3.658029426773964019e+02
1.524695727017571223e-01 3.564656638137323057e+02
1.542368646296626011e-01 3.474299425845387077e+02
1.560246414366366907e-01 3.387666085404891874e+02
1.578331405652114716e-01 3.305410111019572241e+02
1.596626022101423625e-01 3.228119906338628198e+02
1.615132693503088801e-01 3.156232058329808865e+02
1.633853877809858524e-01 3.089889779117510216e+02
1.652792061464892492e-01 3.029180985584154655e+02
1.671949759731987672e-01 2.973997493605435238e+02
1.691329517029645513e-01 2.923895946473345475e+02
1.710933907269012455e-01 2.878425937989877070e+02
1.730765534195721767e-01 2.836986210013095047e+02
1.750827031735721628e-01 2.798837370756768905e+02
1.771121064345085594e-01 2.763263134531086394e+02
1.791650327363897566e-01 2.729493581827147182e+02
1.812417547374234328e-01 2.696759864121561918e+02
1.833425482562288100e-01 2.664307386216545979e+02
1.854676923084695728e-01 2.631373806385139460e+02
1.876174691439118081e-01 2.597234358541871302e+02
1.897921642839097145e-01 2.561247183448853093e+02
1.919920665593281006e-01 2.522837134478401993e+02
1.942174681489023391e-01 2.481594775121426153e+02
1.964686646180442142e-01 2.437368603970096785e+02
1.987459549580979923e-01 2.390121649473339858e+02
2.010496416260496022e-01 2.340171365190411450e+02
2.033800305846977796e-01 2.287956504752912110e+02
2.057374313432909774e-01 2.234091101574419156e+02
2.081221569986336506e-01 2.179306157282838967e+02
2.105345242766701597e-01 2.124339061519789880e+02
2.129748535745517590e-01 2.069954489347562685e+02
2.154434690031879762e-01 2.016858556518338901e+02
2.179406984302951489e-01 1.965703708665786849e+02
2.204668735239406208e-01 1.917059023513482998e+02
2.230223297965933937e-01 1.871356068309128489e+02
2.256074066496857322e-01 1.828928558589406066e+02
2.282224474186894947e-01 1.789889864382982410e+02
2.308677994187165183e-01 1.754242737793776712e+02
2.335438139906475252e-01 1.721761020582550543e+02
2.362508465477944353e-01 1.692115688205860806e+02
2.389892566231045512e-01 1.664805771940962984e+02
2.417594079169126942e-01 1.639262552012127401e+02
2.445616683452441209e-01 1.614821448251595370e+02
2.473964100886809347e-01 1.590805529325371879e+02
2.502640096417915183e-01 1.566553622248237332e+02
2.531648478631349786e-01 1.541481317154157011e+02
2.560993100258455168e-01 1.515168811700186495e+02
2.590677858688005264e-01 1.487364347471806241e+02
2.620706696483847131e-01 1.458047750004204772e+02
2.651083601908534870e-01 1.427369627752557619e+02
2.681812609453009255e-01 1.395631883322632802e+02
2.712897800372461865e-01 1.363233904762327313e+02
2.744343303228360953e-01 1.330624629384349760e+02
2.776153294436795038e-01 1.298295892308994723e+02
2.808331998823167530e-01 1.266735312425250299e+02
2.840883690183299559e-01 1.236412878603322838e+02
2.873812691851060364e-01 1.207702370917978527e+02
2.907123377272573528e-01 1.180860713953187826e+02
2.940820170587059579e-01 1.155954067032810428e+02
2.974907547214434844e-01 1.132892141666550714e+02
3.009390034449713203e-01 1.111443293355272317e+02
3.044272212064296212e-01 1.091279622754818774e+02
3.079558712914221008e-01 1.072027028255459840e+02
3.115254223555483648e-01 1.053285972779023894e+02
3.151363484866475662e-01 1.034662962367777652e+02
3.187891292677637600e-01 1.015813566793518135e+02
3.224842498408434510e-01 9.964825774862265462e+01
3.262222009711663318e-01 9.765611868706702126e+01
3.300034791125279754e-01 9.560829836490356115e+01
3.338285864731757036e-01 9.352077557606590119e+01
3.376980310825088427e-01 9.141818711905396810e+01
3.416123268585519734e-01 8.932895160899541054e+01
3.455719936762132183e-01 8.728218300858455336e+01
3.495775574363269023e-01 8.530475507732863605e+01
3.536295501355037896e-01 8.341701782649002439e+01
3.577285099367869536e-01 8.162922187161944976e+01
3.618749812411271027e-01 7.994054678638028122e+01
3.660695147596894072e-01 7.834037453603215795e+01
3.703126675869919948e-01 7.681192767832168045e+01
3.746050032748987069e-01 7.533569971810554478e+01
3.789470919074662825e-01 7.389098919639198471e+01
3.833395101766597923e-01 7.245753541195739444e+01
3.877828414589447603e-01 7.101862962262079293e+01
3.922776758927711827e-01 6.956578951009595357e+01
3.968246104569475019e-01 6.810133542472891577e+01
4.014242490499316252e-01 6.663624631639814311e+01
4.060772025700360999e-01 6.518488186691590158e+01
4.107840889965636011e-01 6.376051731280683299e+01
4.155455334718866078e-01 6.237428434945240241e+01
4.203621683844705470e-01 6.103590969942223410e+01
4.252346334528675498e-01 5.975214111129209016e+01
4.301635758106789886e-01 5.852261024734771411e+01
4.351496500925045585e-01 5.733880125164261443e+01
4.401935185208863954e-01 5.618870617678558688e+01
4.452958509942646081e-01 5.506248307638546180e+01
4.504573251759450558e-01 5.395315222052220605e+01
4.556786265841057948e-01 5.285422069704340231e+01
4.609604486828429160e-01 5.176081472174699627e+01
4.663034929742719270e-01 5.067413095716877791e+01
4.717084690917007217e-01 4.960169394840652046e+01
4.771760948938736924e-01 4.855141105983038585e+01
4.827070965603176278e-01 4.752747052208843570e+01
4.883022086877874535e-01 4.653239302315220982e+01
4.939621743878316318e-01 4.556869229629790397e+01
4.996877453854872697e-01 4.463576252758053187e+01
5.054796821191230860e-01 4.372823517876187793e+01
5.113387538414317923e-01 4.284009764044883184e+01
5.172657387216013092e-01 4.196823809368854086e+01
5.232614239486657048e-01 4.111056780031100288e+01
5.293266058360548421e-01 4.026471459050243595e+01
5.354620899273596635e-01 3.943113693107465423e+01
5.416686911033142815e-01 3.861369301782038121e+01
5.479472336900278462e-01 3.781534873306576827e+01
5.542985515684663023e-01 3.703632678669211487e+01
5.607234882852017988e-01 3.627712703011711426e+01
5.672228971644530660e-01 3.553833329373768635e+01
5.737976414214123189e-01 3.481757086980170612e+01
5.804485942768968787e-01 3.411143958374398011e+01
5.871766390733248464e-01 3.341917586995860745e+01
5.939826693920350342e-01 3.274059204789510602e+01
6.008675891719672535e-01 3.207417704565099115e+01
6.078323128297217215e-01 3.142051022648366398e+01
6.148777653810012511e-01 3.078192446269363458e+01
6.220048825634703071e-01 3.015814073796031991e+01
6.292146109610337046e-01 2.954882137525463648e+01
6.365079081295554886e-01 2.895358566050677140e+01
6.438857427240405329e-01 2.837163041236181371e+01
6.513490946272790794e-01 2.780219763335479399e+01
6.588989550799940753e-01 2.724459631141969140e+01
6.665363268124905316e-01 2.669852066390914658e+01
6.742622241778335468e-01 2.616393501431960544e+01
6.820776732865669878e-01 2.564079880966788849e+01
6.899837121430004716e-01 2.512905939459790261e+01
6.979813907830648700e-01 2.462858321440973697e+01
7.060717714137764167e-01 2.413911602627296560e+01
7.142559285543118586e-01 2.366039828800579414e+01
7.225349491787196321e-01 2.319217692429445421e+01
7.309099328602896017e-01 2.273420515797572605e+01
7.393819919175852462e-01 2.228624234589742059e+01
7.479522515621810363e-01 2.184805381923029444e+01
7.566218500481046716e-01 2.141941072810432445e+01
7.653919388230141507e-01 2.100008989045008434e+01
7.742636826811252204e-01 2.058987364492591254e+01
7.832382599179181781e-01 2.018854970781717384e+01
7.923168624866241405e-01 1.979591103379685180e+01
8.015006961565395160e-01 1.941175568043896149e+01
8.107909806731679048e-01 1.903588667679890989e+01
8.201889499202184020e-01 1.866811351816951969e+01
8.296958520834889494e-01 1.830825549802632679e+01
8.393129498166350677e-01 1.795613702898661401e+01
8.490415204088734846e-01 1.761158643084970521e+01
8.588828559546241026e-01 1.727443584645857655e+01
8.688382635251177266e-01 1.694452115923533242e+01
8.789090653419935339e-01 1.662168191236332504e+01
8.890965989529141522e-01 1.630576122958803253e+01
8.994022174092030086e-01 1.599660573760987070e+01
9.098272894455547988e-01 1.569406549004142093e+01
9.203731996618214062e-01 1.539799389290269716e+01
9.310413487069052474e-01 1.510824763162836959e+01
9.418331534647932379e-01 1.482468659955968882e+01
9.527500472427273825e-01 1.454717382789698021e+01
9.637934799615772707e-01 1.427557541708524624e+01
9.749649183484077053e-01 1.400976046960847832e+01
9.862658461312796554e-01 1.374960102416830843e+01
9.976977642363179521e-01 1.349497199122092006e+01
1.009262190987045615e+00 1.324575108984877758e+01
1.020960662306044986e+00 1.300181825658220625e+01
1.032794731918950104e+00 1.276305212044793791e+01
1.044765971560803308e+00 1.252933241871140702e+01
1.056875971184801477e+00 1.230054189713426105e+01
1.069126339173473994e+00 1.207656624032761350e+01
1.081518702552286326e+00 1.185729399328271683e+01
1.094054707205741162e+00 1.164261648511253000e+01
1.106736018095972218e+00 1.143242775494263341e+01
1.119564319483875581e+00 1.122662447988506251e+01
1.132541315152809203e+00 1.102510590503547050e+01
1.145668728634869460e+00 1.082777377543306052e+01
1.158948303439808925e+00 1.063453226992550071e+01
1.172381803286597357e+00 1.044528793688335178e+01
1.185971012337668551e+00 1.025994963170886898e+01
1.199717735435881671e+00 1.007842845608790938e+01
1.213623798344238169e+00 9.900637698931829433e+00
1.227691047988357376e+00 9.726492778962636976e+00
1.241921352701781833e+00 9.555911188890640062e+00
1.256316602474119026e+00 9.388812441140354181e+00
1.270878709202055257e+00 9.225117952122612763e+00
1.285609606943292516e+00 9.064749649965348155e+00
1.300511252173406351e+00 8.907630054322885016e+00
1.315585624045702007e+00 8.753683635635189475e+00
1.330834724654073264e+00 8.602836820433299891e+00
1.346260579298908633e+00 8.455017935982512611e+00
1.361865236756078401e+00 8.310157156616678975e+00
1.377650769549050969e+00 8.168186451707935447e+00
1.393619274224140003e+00 8.029039535219819612e+00
1.409772871628964586e+00 7.892651816791260266e+00
1.426113707194127000e+00 7.758960354301919438e+00
1.442643951218154141e+00 7.627903807871144082e+00
1.459365799155753374e+00 7.499422395243880324e+00
1.476281471909387077e+00 7.373457848519095137e+00
1.493393216124249800e+00 7.249953372177325939e+00
1.510703304486652465e+00 7.128853602365381903e+00
1.528214036025868250e+00 7.010104567398420805e+00
1.545927736419473675e+00 6.893653649439890785e+00
1.563846758302243289e+00 6.779449547322128566e+00
1.581973481578597518e+00 6.667442236872314076e+00
1.600310313738698254e+00 6.557582347007667067e+00
1.618859690178196420e+00 6.449820525683218619e+00
1.637624074521683681e+00 6.344108563663607647e+00
1.656605958949910251e+00 6.240399520886585449e+00
1.675807864530764357e+00 6.138647689568400345e+00
1.695232341554117506e+00 6.038808558480752708e+00
1.714881969870537537e+00 5.940838778360408412e+00
1.734759359233926546e+00 5.844696128411260183e+00
1.754867149648146718e+00 5.750339483862376255e+00
1.775208011717630985e+00 5.657728784546017131e+00
1.795784647002092393e+00 5.566825004460716819e+00
1.816599788375324875e+00 5.477590122285707963e+00
1.837656200388168903e+00 5.389987092815715641e+00
1.858956679635682452e+00 5.303979819283221708e+00
1.880504055128578100e+00 5.219533126540215839e+00
1.902301188668940934e+00 5.136612735069108204e+00
1.924350975230327832e+00 5.055185235795990550e+00
1.946656343342259454e+00 4.975218065678741475e+00
1.969220255479166903e+00 4.896679484044647701e+00
1.992045708453865194e+00 4.819538427725777119e+00
2.015135733815553110e+00 4.743764037978833947e+00
2.038493398252459343e+00 4.669326082957972801e+00
2.062121803999140468e+00 4.596195118152047066e+00
2.086024089248501578e+00 4.524342463836347861e+00
2.110203428568589779e+00 4.453740183198426905e+00
2.134663033324239123e+00 4.384361061152294958e+00
2.159406152103561904e+00 4.316178583816830283e+00
2.184436071149423508e+00 4.249166918635450152e+00
2.209756114795899062e+00 4.183300895115820595e+00
2.235369645909789149e+00 4.118555986168006555e+00
2.261280066337272743e+00 4.054908290020509121e+00
2.287490817355697814e+00 3.992334512695372872e+00
2.314005380130648604e+00 3.930811951022645800e+00
2.340827276178290006e+00 3.870318476176416667e+00
2.367960067833074778e+00 3.810832517714727086e+00
2.395407358720871738e+00 3.752333048106694324e+00
2.423172794237594019e+00 3.694799567729995182e+00
2.451260062033334020e+00 3.638212090323643899e+00
2.479672892502154724e+00 3.582551114348837551e+00
2.508415059277536496e+00 3.527797450601354079e+00
2.537490379733563284e+00 3.473932279292064607e+00
2.566902715491944598e+00 3.420937256009507266e+00
2.596655972934865719e+00 3.368794500679681114e+00
2.626754103723832223e+00 3.317486584746743628e+00
2.657201105324501267e+00 3.266996518741577926e+00
2.688001021537603119e+00 3.217307740225297863e+00
2.719157943036010661e+00 3.168404102095147667e+00
2.750676007908059884e+00 3.120269861240574816e+00
2.782559402207119170e+00 3.072889667537994640e+00
2.814812360507575661e+00 3.026248553172696365e+00
2.847439166467243155e+00 2.980331922277331014e+00
2.880444153396288787e+00 2.935125540876483807e+00
2.913831704832780201e+00 2.890615527126908280e+00
2.947606255124850971e+00 2.846788341844214809e+00
2.981772290019666816e+00 2.803630779306113485e+00
3.016334347259191695e+00 2.761129958323468525e+00
3.051297017182866167e+00 2.719273313570282014e+00
3.086664943337265488e+00 2.678048587174628459e+00
3.122442823092849373e+00 2.637443821005581057e+00
3.158635408267811417e+00 2.597447348881977813e+00
3.195247505759207129e+00 2.558047788211124995e+00
3.232283978181375250e+00 2.519234032444101601e+00
3.269749744511758038e+00 2.480995243794883010e+00
3.307649780744232881e+00 2.443320846165024651e+00
3.345989120549966334e+00 2.406200518267461508e+00
3.384772855945975767e+00 2.369624186942895783e+00
3.424006137971419506e+00 2.333582020662853918e+00
3.463694177371722915e+00 2.298064423213389773e+00
3.503842245290665680e+00 2.263062027553615518e+00
3.544455673970426268e+00 2.228565689843693409e+00
3.585539857459808299e+00 2.194566483637013565e+00
3.627100252330640817e+00 2.161055694231027058e+00
3.669142378402487914e+00 2.128024813172292973e+00
3.711671819475755196e+00 2.095465532910501416e+00
3.754694224073326314e+00 2.063369741597063989e+00
3.798215306190726892e+00 2.031729518023723369e+00
3.842240846055053005e+00 2.000537126713028968e+00
3.886776690892660646e+00 1.969785042406160480e+00
3.931828755705757406e+00 1.939466002869423500e+00
3.977403024058025149e+00 1.909572927059848046e+00
4.023505548869283466e+00 1.880098893241888280e+00
4.070142453219429690e+00 1.851037134960488384e+00
4.117319931161670610e+00 1.822381037117934532e+00
4.165044248545179073e+00 1.794124132151031725e+00
4.213321743847276757e+00 1.766260096306118577e+00
4.262158829015312733e+00 1.738782746008646907e+00
4.311561990318218740e+00 1.711686034324910732e+00
4.361537789207996951e+00 1.684964047513064944e+00
4.412092863191181991e+00 1.658611001660941442e+00
4.463233926710382882e+00 1.632621239408200253e+00
4.514967772036088789e+00 1.606989226750388688e+00
4.567301270168734995e+00 1.581709549922510893e+00
4.620241371751302673e+00 1.556776912360044118e+00
4.673795107992455122e+00 1.532186131735005175e+00
4.727969591600383659e+00 1.507932137065202127e+00
4.782772017727470626e+00 1.484009965894357075e+00
4.838209664925944509e+00 1.460414778402515212e+00
4.894289896114520033e+00 1.437141957026586647e+00
4.951020159556341227e+00 1.414187028081828945e+00
5.008407989848203457e+00 1.391545604264853297e+00
5.066461008921252507e+00 1.369213382326234463e+00
5.125186927053318797e+00 1.347186141030356499e+00
5.184593543892900058e+00 1.325459739163024508e+00
5.244688749495107771e+00 1.304030113585607165e+00
5.305480525369564937e+00 1.282893277334597126e+00
5.366976945540468336e+00 1.262045317765478236e+00
5.429186177618927189e+00 1.241482394739785056e+00
5.492116483887774514e+00 1.221200738854407275e+00
5.555776222398865372e+00 1.201196649711995690e+00
5.620173848083176438e+00 1.181466494231625752e+00
5.685317913873744189e+00 1.162006704998658213e+00
5.751217071841596251e+00 1.142813778652924217e+00
5.817880074344919272e+00 1.123884274314366660e+00
5.885315775191436671e+00 1.105214812045180128e+00
5.953533130814357754e+00 1.086802071347764187e+00
6.022541201461917737e+00 1.068642794512598471e+00
6.092349152400691636e+00 1.050733877817249029e+00
6.162966255132924509e+00 1.033072356211694132e+00
6.234401888627847832e+00 1.015655309126536121e+00
6.306665540567391481e+00 9.984798558951520908e-01
6.379766808606270878e+00 9.815431548905386716e-01
6.453715401646691774e+00 9.648424026819226729e-01
6.528521141127827221e+00 9.483748332108965506e-01
6.604193962330286993e+00 9.321377169865768808e-01
6.680743915695598112e+00 9.161283602995526909e-01
6.758181168161097041e+00 9.003441044541733440e-01
6.836516004510227340e+00 8.847823250188106003e-01
6.915758828738503894e+00 8.694404310938864677e-01
6.995920165435354221e+00 8.543158645971161702e-01
7.077010661181871498e+00 8.394060995658800817e-01
7.159041085964872764e+00 8.247086414761923834e-01
7.242022334607302270e+00 8.102210265781060183e-01
7.325965428215218900e+00 7.959408212471189570e-01
7.410881515641548845e+00 7.818656213514315612e-01
7.496781874966857551e+00 7.679930520306632591e-01
7.583677914997172920e+00 7.543208183451242110e-01
7.671581176779286970e+00 7.408467504208328114e-01
7.760503335133557279e+00 7.275687064268221427e-01
7.850456200204484425e+00 7.144845598051047242e-01
7.941451719029317680e+00 7.015921991448650363e-01
8.033501977124714699e+00 6.888895280610699556e-01
8.126619200091928619e+00 6.763744650772647304e-01
8.220815755240526101e+00 6.640449435125074240e-01
8.316104153230948981e+00 6.518989113723723250e-01
8.412497049736094468e+00 6.399343312438342535e-01
8.510007247122224783e+00 6.281491801939946829e-01
8.608647696149226647e+00 6.165414496725686311e-01
8.708431497690707346e+00 6.051091454179287066e-01
8.809371904473977111e+00 5.938502873667398374e-01
8.911482322840175385e+00 5.827629095669909498e-01
9.014776314524892697e+00 5.718450600943445483e-01
9.119267598459275703e+00 5.610948009717597884e-01
9.224970052592155412e+00 5.505102080922227303e-01
9.331897715733223464e+00 5.400893711445261536e-01
9.440064789417590418e+00 5.298304091519977499e-01
9.549485639791939207e+00 5.197315230625458859e-01
9.660174799522621925e+00 5.097909402651288335e-01
9.772146969725703514e+00 5.000068939921086253e-01
9.885417021919554514e+00 4.903776235647605009e-01
9.999999999999984013e+00 4.809013746354565688e-01
