1.000000000000000048e-04 1.628237344673116525e+02
1.011591112223829728e-04 1.646494367108996641e+02
1.023316578330244966e-04 1.664955887352882655e+02
1.035177955630176363e-04 1.683624187561865142e+02
1.047176819485520245e-04 1.702501576170019746e+02
1.059314763518370031e-04 1.721590387251011975e+02
1.071593399822671198e-04 1.740892980788675573e+02
1.084014359178330883e-04 1.760411742962233745e+02
1.096579291267809898e-04 1.780149086434858816e+02
1.109289864895222780e-04 1.800107450645165557e+02
1.122147768207980425e-04 1.820289302102098077e+02
1.135154708920999033e-04 1.840697134847727057e+02
1.148312414543511137e-04 1.861333471095277901e+02
1.161622632608502026e-04 1.882200861153810365e+02
1.175087130904807752e-04 1.903301883648878174e+02
1.188707697711903445e-04 1.924639145834563863e+02
1.202486142037412301e-04 1.946215283909056666e+02
1.216424293857368039e-04 1.968032963333610894e+02
1.230524004359261579e-04 1.990094879154991077e+02
1.244787146187906256e-04 2.012403756196045777e+02
1.259215613694151213e-04 2.034962346330042067e+02
1.273811323186478520e-04 2.057773428615687692e+02
1.288576213185518003e-04 2.080839812580176158e+02
1.303512244681509209e-04 2.104164338688771920e+02
1.318621401394748729e-04 2.127749878680342022e+02
1.333905690039058638e-04 2.151599335906323063e+02
1.349367140588306701e-04 2.175715645673364236e+02
1.365007806546013845e-04 2.200101775589528188e+02
1.380829765218092534e-04 2.224760726155721784e+02
1.396835117988739897e-04 2.249695532231122854e+02
1.413025990599533870e-04 2.274909262572741682e+02
1.429404533431761061e-04 2.300405019755584988e+02
1.445972921792019735e-04 2.326185940539975547e+02
1.462733356201130139e-04 2.352255196243006878e+02
1.479688062686396383e-04 2.378615993114017613e+02
1.496839293077255632e-04 2.405271572714138983e+02
1.514189325304352289e-04 2.432225212285247835e+02
1.531740463702080011e-04 2.459480223927826898e+02
1.549495039314631917e-04 2.487039954015577621e+02
1.567455410205595065e-04 2.514907785423087887e+02
1.585623961771137158e-04 2.543087138128507831e+02
1.604003107056820173e-04 2.571581469613297486e+02
1.622595287078087273e-04 2.600394275266211253e+02
1.641402971144466632e-04 2.629529088791531422e+02
1.660428657187529853e-04 2.658989482621537377e+02
1.679674872092653496e-04 2.688779067949566297e+02
1.699144172034626271e-04 2.718901491344954024e+02
1.718839142817145805e-04 2.749360436596121531e+02
1.738762400216250798e-04 2.780159627551016115e+02
1.758916590327733002e-04 2.811302828577876767e+02
1.779304389918577567e-04 2.842793844995021573e+02
1.799928506782476725e-04 2.874636523505153605e+02
1.820791680099462630e-04 2.906834752634101733e+02
1.841896680799711133e-04 2.939392463173599026e+02
1.863246311931559835e-04 2.972313628037296098e+02
1.884843409033795745e-04 3.005602261421349795e+02
1.906690840512252356e-04 3.039262420671635141e+02
1.928791508020778235e-04 3.073298207088898835e+02
1.951148346846616683e-04 3.107713766391420336e+02
1.973764326300255834e-04 3.142513289182388121e+02
1.996642450109793916e-04 3.177701011421874568e+02
2.019785756819878484e-04 3.213281214903679484e+02
2.043197320195270865e-04 3.249258227664373635e+02
2.066880249629082160e-04 3.285636422702385175e+02
2.090837690555750453e-04 3.322420218278716675e+02
2.115072824868795298e-04 3.359614080175866775e+02
2.139588871343421834e-04 3.397222522282974069e+02
2.164389086064020889e-04 3.435250107097035084e+02
2.189476762856621176e-04 3.473701446229043768e+02
2.214855233726359721e-04 3.512581200915358863e+02
2.240527869300018495e-04 3.551894082533790993e+02
2.266498079273692845e-04 3.591644851494465911e+02
2.292769312865648918e-04 3.631838309819202664e+02
2.319345059274427814e-04 3.672479307313946038e+02
2.346228848142263134e-04 3.713572745370371422e+02
2.373424250023866691e-04 3.755123577493798734e+02
2.400934876860652035e-04 3.797136809831930009e+02
2.428764382460451090e-04 3.839617501708584086e+02
2.456916462982790305e-04 3.882570766162472182e+02
2.485394857429798965e-04 3.926001770475472199e+02
2.514203348142797370e-04 3.969915735249256841e+02
2.543345761304648903e-04 4.014317933660765334e+02
2.572825967447932359e-04 4.059213694327957569e+02
2.602647881969005024e-04 4.104608402145322543e+02
2.632815465648020731e-04 4.150507498847821921e+02
2.663332725174980963e-04 4.196916483580285444e+02
2.694203713681882413e-04 4.243840913471773888e+02
2.725432531281028249e-04 4.291286404215405810e+02
2.757023325609583289e-04 4.339258629656569042e+02
2.788980292380439777e-04 4.387763311885739199e+02
2.821307675939471824e-04 4.436806225428207995e+02
2.854009769829237591e-04 4.486393204726447834e+02
2.887090917359235484e-04 4.536530144834727025e+02
2.920555512182745244e-04 4.587223002006076626e+02
2.954407998880380793e-04 4.638477794283967341e+02
2.988652873550383024e-04 4.690300602099142679e+02
3.023294684405777215e-04 4.742697568870377154e+02
3.058338032378432473e-04 4.795674897059557225e+02
3.093787571730137595e-04 4.849238838190152592e+02
3.129648010670751349e-04 4.903395704674343278e+02
3.165924111983521496e-04 4.958151873335556274e+02
3.202620693657651165e-04 5.013513786007474664e+02
3.239742629528196056e-04 5.069487950138501446e+02
3.277294849923383015e-04 5.126080939400342231e+02
3.315282342319423692e-04 5.183299394301585608e+02
3.353710152002930081e-04 5.241150022730257660e+02
3.392583382740992667e-04 5.299639598580131405e+02
3.431907197459043682e-04 5.358774962074134010e+02
3.471686818926560223e-04 5.418563022457245779e+02
3.511927530450728672e-04 5.479010758739819948e+02
3.552634676578139803e-04 5.540125220334160758e+02
3.593813663804626239e-04 5.601913527696092387e+02
3.635469961293318715e-04 5.664382872971025336e+02
3.677609101601031711e-04 5.727540520644917024e+02
3.720236681413067385e-04 5.791393802192325211e+02
3.763358362286533740e-04 5.855950085754767542e+02
3.806979871402285448e-04 5.921216798003119948e+02
3.851107002325569739e-04 5.987201437993269337e+02
3.895745615775502574e-04 6.053911577794057166e+02
3.940901640403448279e-04 6.121354863095366454e+02
3.986581073580439810e-04 6.189539013819629645e+02
4.032789982193706307e-04 6.258471824736537883e+02
4.079534503452450522e-04 6.328161166041995784e+02
4.126820845702952557e-04 6.398614979651663361e+02
4.174655289253135972e-04 6.469841275673218206e+02
4.223044187206673248e-04 6.541848140050025222e+02
4.271993966306778055e-04 6.614643736068951512e+02
4.321511127789762923e-04 6.688236304978133830e+02
4.371602248248503283e-04 6.762634166608228270e+02
4.422273980505898373e-04 6.837845719996365688e+02
4.473533054498464575e-04 6.913879444013059583e+02
4.525386278170167947e-04 6.990743895787726387e+02
4.577840538376617388e-04 7.068447686672500367e+02
4.630902801799738800e-04 7.146999490569556883e+02
4.684580115873046222e-04 7.226408061308679862e+02
4.738879609717652546e-04 7.306682233538180071e+02
4.793808495089108153e-04 7.387830923309682021e+02
4.849374067335234439e-04 7.469863128665125487e+02
4.905583706365046568e-04 7.552787930224394586e+02
4.962444877628915604e-04 7.636614491773530062e+02
5.019965133110080614e-04 7.721352048294182850e+02
5.078152112327671743e-04 7.807009875405287858e+02
5.137013543351340219e-04 7.893597321924798962e+02
5.196557243827659538e-04 7.981123819245403865e+02
5.256791122018420349e-04 8.069598881850449743e+02
5.317723177850967571e-04 8.159032107830123550e+02
5.379361503980699009e-04 8.249433179396742162e+02
5.441714286865889172e-04 8.340811863399534332e+02
5.504789807854969502e-04 8.433178011292058045e+02
5.568596444286410272e-04 8.526541544011479345e+02
5.633142670601353798e-04 8.620912449391780683e+02
5.698437059469137721e-04 8.716300799361320060e+02
5.764488282925875340e-04 8.812716751379460902e+02
5.831305113526219844e-04 8.910170548901057828e+02
5.898896425508494586e-04 9.008672521839509955e+02
5.967271195973311917e-04 9.108233087026997055e+02
6.036438506075865983e-04 9.208862748672953558e+02
6.106407542232038244e-04 9.310572090317194807e+02
6.177187597338490302e-04 9.413371728901269080e+02
6.248788072006889295e-04 9.517272345777361124e+02
6.321218475812450180e-04 9.622284707614863919e+02
6.394488428556939106e-04 9.728419666791860436e+02
6.468607661546322196e-04 9.835688161733307879e+02
6.543586018883232108e-04 9.944101217244416375e+02
6.619433458774390093e-04 1.005366994483865938e+03
6.696160054853217717e-04 1.016440554293525565e+03
6.773775997517746681e-04 1.027631928128120762e+03
6.852291595284059830e-04 1.038942248472263600e+03
6.931717276155402148e-04 1.050372656018137604e+03
7.012063589007179638e-04 1.061924300048989608e+03
7.093341204987991394e-04 1.073598338462213633e+03
7.175560918936924699e-04 1.085395937791730375e+03
7.258733650817247602e-04 1.097318273229579745e+03
7.342870447166760257e-04 1.109366528646679399e+03
7.427982482564913450e-04 1.121541896177402805e+03
7.514081061116963198e-04 1.133845571056804602e+03
7.601177617955326210e-04 1.146278753094753483e+03
7.689283720758308604e-04 1.158842650334153859e+03
7.778411071286484360e-04 1.171538479130257656e+03
7.868571506936848170e-04 1.184367464154379149e+03
7.959777002314981234e-04 1.197330838396501349e+03
8.052039670825472846e-04 1.210429843166704586e+03
8.145371766280737639e-04 1.223665728095327722e+03
8.239785684528515806e-04 1.237039749754894274e+03
8.335293965098190729e-04 1.250553168022938053e+03
8.431909292866253619e-04 1.264207249700001967e+03
8.529644499741018170e-04 1.278003269561733532e+03
8.628512566366892044e-04 1.291942510344082621e+03
8.728526623848374341e-04 1.306026262727216363e+03
8.829699955494085860e-04 1.320255825317730569e+03
8.932045998580961195e-04 1.334632504629486448e+03
9.035578346138924653e-04 1.349157614913243833e+03
9.140310748756226740e-04 1.363832473485397713e+03
9.246257116405735008e-04 1.378658399563757939e+03
9.353431520292382036e-04 1.393636719377309191e+03
9.461848194721997124e-04 1.408768766446213704e+03
9.571521538991858893e-04 1.424055881540100472e+03
9.682466119303117331e-04 1.439499412634524106e+03
9.794696670695391023e-04 1.455100714865372765e+03
9.908228099003791103e-04 1.470861150481282721e+03
1.002307548283864732e-03 1.486782087560382024e+03
1.013925407558814544e-03 1.502864892841201026e+03
1.025677930744421434e-03 1.519110936181908073e+03
1.037566678745185456e-03 1.535521593760146061e+03
1.049593230558226948e-03 1.552098248010415773e+03
1.061759183482999420e-03 1.568842287549132379e+03
1.074066153333433013e-03 1.585755107097286555e+03
1.086515774652537783e-03 1.602838107400538547e+03
1.099109700929496542e-03 1.620092695108058706e+03
1.111849604819270662e-03 1.637520276887865066e+03
1.124737178364751356e-03 1.655122252816202263e+03
1.137774133221490730e-03 1.672900026367030250e+03
1.150962200885031431e-03 1.690855005737931378e+03
1.164303132920876341e-03 1.708988603733173704e+03
1.177798701197118681e-03 1.727302237643891658e+03
1.191450698119775244e-03 1.745797329125027545e+03
1.205260936870841855e-03 1.764475304069204640e+03
1.219231251649110278e-03 1.783337591390810758e+03
1.233363497913775222e-03 1.802385609130906460e+03
1.247659552630868939e-03 1.821620767762668038e+03
1.262121314522546408e-03 1.841044480070113423e+03
1.276750704319265127e-03 1.860658161204099770e+03
1.291549665014883131e-03 1.880463228507868507e+03
1.306520162124720367e-03 1.900461101338848266e+03
1.321664183946604648e-03 1.920653200886580180e+03
1.336983741824946011e-03 1.941040949986657779e+03
1.352480870417874584e-03 1.961625767709693491e+03
1.368157627967470829e-03 1.982409054514689615e+03
1.384016096573131068e-03 2.003392206243795499e+03
1.400058382468096939e-03 2.024576618322636932e+03
1.416286616299197981e-03 2.045963685524036009e+03
1.432702953409829925e-03 2.067554801727397262e+03
1.449309574126215940e-03 2.089351359673536535e+03
1.466108684046983808e-03 2.111354750714910097e+03
1.483102514336103470e-03 2.133566364123743824e+03
1.500293322019217047e-03 2.155987571993479833e+03
1.517683390283404692e-03 2.178619724624477385e+03
1.535275028780421847e-03 2.201464167234592878e+03
1.553070573933459063e-03 2.224522240781203436e+03
1.571072389247449340e-03 2.247795281647785032e+03
1.589282865622977398e-03 2.271284621325226453e+03
1.607704421673822760e-03 2.294991586088045096e+03
1.626339504048191073e-03 2.318917496665259478e+03
1.645190587753661863e-03 2.343063663444135727e+03
1.664260176485902803e-03 2.367431358911608640e+03
1.683550802961201673e-03 2.392021833919918663e+03
1.703065029252843121e-03 2.416836330260347495e+03
1.722805447131393322e-03 2.441876080309442386e+03
1.742774678408918554e-03 2.467142306620512500e+03
1.762975375287204483e-03 2.492636221509278585e+03
1.783410220710006724e-03 2.518359026633703252e+03
1.804081928719382128e-03 2.544311912522761304e+03
1.824993244816151307e-03 2.570496050097026909e+03
1.846146946324546618e-03 2.596912580479193821e+03
1.867545842761074654e-03 2.623562629050970827e+03
1.889192776207665675e-03 2.650447307170577005e+03
1.911090621689137074e-03 2.677567711692263856e+03
1.933242287555043959e-03 2.704924924479671063e+03
1.955650715865948734e-03 2.732520011913340113e+03
1.978318882784163655e-03 2.760354024392178871e+03
2.001249798969035980e-03 2.788427993423562384e+03
2.024446509976802599e-03 2.816742898663639153e+03
2.047912096665084614e-03 2.845299674524917918e+03
2.071649675602067840e-03 2.874099234146560775e+03
2.095662399480431679e-03 2.903142469422374234e+03
2.119953457536069303e-03 2.932430250411630823e+03
2.144526075971666789e-03 2.961963424743869382e+03
2.169383518385183292e-03 2.991742817017822290e+03
2.194529086203312468e-03 3.021769228194345033e+03
2.219966119119953351e-03 3.052043425600967566e+03
2.245697995539773072e-03 3.082566114358685354e+03
2.271728133026903931e-03 3.113337963135578775e+03
2.298059988758849835e-03 3.144359612216797359e+03
2.324697059985647227e-03 3.175631672824236830e+03
2.351642884494347698e-03 3.207154726430293067e+03
2.378901041078892130e-03 3.238929324066354638e+03
2.406475150015422761e-03 3.270955985625864287e+03
2.434368873543109931e-03 3.303235198456370199e+03
2.462585916350545565e-03 3.335767390471045928e+03
2.491130026067787072e-03 3.368552920495490980e+03
2.520004993764090716e-03 3.401592108615245706e+03
2.549214654451422042e-03 3.434885237612726087e+03
2.578762887593799742e-03 3.468432552192396088e+03
2.608653617622546696e-03 3.502234258201438934e+03
2.638890814457508453e-03 3.536290521846256524e+03
2.669478494034319832e-03 3.570601468905142156e+03
2.700420718837771242e-03 3.605167180439773347e+03
2.731721598441374903e-03 3.639987669453380931e+03
2.763385290053167829e-03 3.675062893350155264e+03
2.795415999067855668e-03 3.710392764262639957e+03
2.827817979625339880e-03 3.745977148271105307e+03
2.860595535175740160e-03 3.781815864568509369e+03
2.893753019050949830e-03 3.817908684623288536e+03
2.927294835042814833e-03 3.854255331340069461e+03
2.961225437988033050e-03 3.890855477915740721e+03
2.995549334359811234e-03 3.927708681744276419e+03
3.030271082866395349e-03 3.964814298677217721e+03
3.065395295056525492e-03 4.002171604261342509e+03
3.100926635931925118e-03 4.039779812259524988e+03
3.136869824566874444e-03 4.077638073658363737e+03
3.173229634734975584e-03 4.115745475677039394e+03
3.210010895543170123e-03 4.154101040777818525e+03
3.247218492073126669e-03 4.192703725678624323e+03
3.284857366030041314e-03 4.231552438986629568e+03
3.322932516398970689e-03 4.270646307840785084e+03
3.361449000108763119e-03 4.309984626049400504e+03
3.400411932703704086e-03 4.349566643338956055e+03
3.439826489022923713e-03 4.389391558946711484e+03
3.479697903887689868e-03 4.429458520954788582e+03
3.520031472796677097e-03 4.469766625626661153e+03
3.560832552629275994e-03 4.510314916746702693e+03
3.602106562357069216e-03 4.551102384962792712e+03
3.643858983763542669e-03 4.592127523604295675e+03
3.686095362172155891e-03 4.633386927637119697e+03
3.728821307182831907e-03 4.674876584436481608e+03
3.772042493416996253e-03 4.716592326063485416e+03
3.815764661271247096e-03 4.758529827298259079e+03
3.859993617679764906e-03 4.800684603713418255e+03
3.904735236885557934e-03 4.843052009790817465e+03
3.949995461220641955e-03 4.885627237083598629e+03
3.995780301895267457e-03 4.928405413218751164e+03
4.042095839796303568e-03 4.971385700976372391e+03
4.088948226294858955e-03 5.014572893031570857e+03
4.136343684063272831e-03 5.057972355017044720e+03
4.184288507901578850e-03 5.101589645432935868e+03
4.232789065573546415e-03 5.145430518270143693e+03
4.281851798652410411e-03 5.189500925698306673e+03
4.331483223376396928e-03 5.233807020822790946e+03
4.381689931514188077e-03 5.278355160514591262e+03
4.432478591240393562e-03 5.323148513431086030e+03
4.483855948021185124e-03 5.368163944870473642e+03
4.535828825510184945e-03 5.413365148408166533e+03
4.588404126454754574e-03 5.458714530435969209e+03
4.641588833612774606e-03 5.504173266124949805e+03
4.695390010680057340e-03 5.549701291176078485e+03
4.749814803228498243e-03 5.595257296412146388e+03
4.804870439655126689e-03 5.640798725358980846e+03
4.860564232142133151e-03 5.686281866618549429e+03
4.916903577628024651e-03 5.731686091515262888e+03
4.973895958790060245e-03 5.777047557622590830e+03
5.031548945038048955e-03 5.822411979773995881e+03
5.089870193519678392e-03 5.867826663608339004e+03
5.148867450137491197e-03 5.913340508768609652e+03
5.208548550577657595e-03 5.959004016057846457e+03
5.268921421350668960e-03 6.004869298798086675e+03
5.329994080844086858e-03 6.050990098639976168e+03
5.391774640387498457e-03 6.097418755940683695e+03
5.454271305329828380e-03 6.144159494239141168e+03
5.517492376129119747e-03 6.191176066164693111e+03
5.581446249454959617e-03 6.238429895371707062e+03
5.646141419303662458e-03 6.285881199776400535e+03
5.711586478126426739e-03 6.333488977734228683e+03
5.777790117970500218e-03 6.381210996833670833e+03
5.844761131633627142e-03 6.429003785444618188e+03
5.912508413831872763e-03 6.476822627161599485e+03
5.981040962380937930e-03 6.524629017527683573e+03
6.050367879391214433e-03 6.572415566834978563e+03
6.120498372476694711e-03 6.620183449075563658e+03
6.191441755977841743e-03 6.667933996885673878e+03
6.263207452198682815e-03 6.715668702204134206e+03
6.335804992658246836e-03 6.763389216995095921e+03
6.409244019356445839e-03 6.811097353949233366e+03
6.483534286054717238e-03 6.858795087165613950e+03
6.558685659571428586e-03 6.906484429625405937e+03
6.634708121092339726e-03 6.954161918800143212e+03
6.711611767496278476e-03 7.001816215800264217e+03
6.789406812696106158e-03 7.049435187880595549e+03
6.868103588995296514e-03 7.097006479261951426e+03
6.947712548460231209e-03 7.144517512438877930e+03
7.028244264308346374e-03 7.191955489682200096e+03
7.109709432312428558e-03 7.239307394739705160e+03
7.192118872221184116e-03 7.286559994739043759e+03
7.275483529196219955e-03 7.333700094283870385e+03
7.359814475265760887e-03 7.380716348312537775e+03
7.445122910795134823e-03 7.427598264903528616e+03
7.531420165974363201e-03 7.474335235355087207e+03
7.618717702322989373e-03 7.520916529879161317e+03
7.707027114212296713e-03 7.567331299914426381e+03
7.796360130405225256e-03 7.613568580551370360e+03
7.886728615614147300e-03 7.659617293069261905e+03
7.978144572076614760e-03 7.705466246200885507e+03
8.070620141149495441e-03 7.751103680208759215e+03
8.164167604921463567e-03 7.796516590234875366e+03
8.258799387844257406e-03 7.841691662201154941e+03
8.354528058382861000e-03 7.886615442396251638e+03
8.451366330684714073e-03 7.931274341322890905e+03
8.549327066268371661e-03 7.975654637718960657e+03
8.648423275731715806e-03 8.019742482753368677e+03
8.748668120479906676e-03 8.063523904398260129e+03
8.850074914473426979e-03 8.106984794770278313e+03
8.952657125996391421e-03 8.150110633646474525e+03
9.056428379445279064e-03 8.192886532540087501e+03
9.161402457138508384e-03 8.235297479372104135e+03
9.267593301146874116e-03 8.277328351784886763e+03
9.375015015145274355e-03 8.318963922872009789e+03
9.483681866285915280e-03 8.360188867108317936e+03
9.593608287093137454e-03 8.400987766477208424e+03
9.704808877380292215e-03 8.441345116796517686e+03
9.817298406188829443e-03 8.481245146836155982e+03
9.931091813749784100e-03 8.520671165413827111e+03
1.004620421346811773e-02 8.559606159318285791e+03
1.016265089392994099e-02 8.598033033988000170e+03
1.028044732093308204e-02 8.635934621624364809e+03
1.039960913954119000e-02 8.673293689533829820e+03
1.052015217616157974e-02 8.710092948707730102e+03
1.064209244064722934e-02 8.746315062637637311e+03
1.076544612842314681e-02 8.781942647876465344e+03
1.089022962263729542e-02 8.816957863923384139e+03
1.101645949633655273e-02 8.851342222415536526e+03
1.114415251466786827e-02 8.885077160310147519e+03
1.127332563710485222e-02 8.918144098699945971e+03
1.140399601970031561e-02 8.950524453863123199e+03
1.153618101736477233e-02 8.982199648569601777e+03
1.166989818617145645e-02 9.013151123636811462e+03
1.180516528568804208e-02 9.043360349730863163e+03
1.194200028133531391e-02 9.072808718651989693e+03
1.208042134677327073e-02 9.101476641593962995e+03
1.222044686631487166e-02 9.129344057529093334e+03
1.236209543736768203e-02 9.156390961451614203e+03
1.250538587290389754e-02 9.182597422917238873e+03
1.265033720395902610e-02 9.207943600810895077e+03
1.279696868215939552e-02 9.232409758376863465e+03
1.294529978227914289e-02 9.255976278499094406e+03
1.309535020482666470e-02 9.278623678355221273e+03
1.324713987866115404e-02 9.300332257369509534e+03
1.340068896363949026e-02 9.321081536792389670e+03
1.355601785329367710e-02 9.340851061844119613e+03
1.371314717753943473e-02 9.359620566472864084e+03
1.387209780541619544e-02 9.377369991518427923e+03
1.403289084785870784e-02 9.394079503096605549e+03
1.419554766050099524e-02 9.409729511187591925e+03
1.436008984651259215e-02 9.424300688411120063e+03
1.452653925946778904e-02 9.437773944089656652e+03
1.469491800624815429e-02 9.450129661600642066e+03
1.486524844997855720e-02 9.461347813818372742e+03
1.503755321299736145e-02 9.471408682017796309e+03
1.521185517986103040e-02 9.480292901896389594e+03
1.538817750038344936e-02 9.487981485150856315e+03
1.556654359271059974e-02 9.494455841156392125e+03
1.574697714643085236e-02 9.499697798723442247e+03
1.592950212572120244e-02 9.503689627903204382e+03
1.611414277253018015e-02 9.506413903609211047e+03
1.630092360979739502e-02 9.507852942984154652e+03
1.648986944471062324e-02 9.507989352283691915e+03
1.668100537200057146e-02 9.506806267574445883e+03
1.687435677727374198e-02 9.504287377975535492e+03
1.706994934038405520e-02 9.500416948779660743e+03
1.726780903884354151e-02 9.495179844449146913e+03
1.746796215127244256e-02 9.488561551449436593e+03
1.767043526088944369e-02 9.480548199235343418e+03
1.787525525904233581e-02 9.471126492392324508e+03
1.808244934877948837e-02 9.460283686702932755e+03
1.829204504846291754e-02 9.448007738796244666e+03
1.850407019542300510e-02 9.434287339495904234e+03
1.871855294965576663e-02 9.419111935293984061e+03
1.893552179756293266e-02 9.402471749406320669e+03
1.915500555573526609e-02 9.384357802370892387e+03
1.937703337477986176e-02 9.364761932148070628e+03
1.960163474319183419e-02 9.343676910043823227e+03
1.982883949127068474e-02 9.321097225613775663e+03
2.005867779508231641e-02 9.297018687536325160e+03
2.029118018046676200e-02 9.271437984080626848e+03
2.052637752709248961e-02 9.244352693675113187e+03
2.076430107255772262e-02 9.215761298879595415e+03
2.100498241653913495e-02 9.185663199580389119e+03
2.124845352498879944e-02 9.154058725375714857e+03
2.149474673437978475e-02 9.120949148914000034e+03
2.174389475600078253e-02 9.086337698657884175e+03
2.199593068030071888e-02 9.050231212576567486e+03
2.225088798128367282e-02 9.012637874153877419e+03
2.250880052095458397e-02 8.973566769744660633e+03
2.276970255381677299e-02 8.933027888782899026e+03
2.303362873142129202e-02 8.891032123056513228e+03
2.330061410696921201e-02 8.847591265036167897e+03
2.357069413996725274e-02 8.802718005249498674e+03
2.384390470093718586e-02 8.756426138199189154e+03
2.412028207618003781e-02 8.708734440374320911e+03
2.439986297259547771e-02 8.659666198045626516e+03
2.468268452255688306e-02 8.609245520665672302e+03
2.496878428884323833e-02 8.557497181765302230e+03
2.525820026962782502e-02 8.504446598371969230e+03
2.555097090352503181e-02 8.450119809880070534e+03
2.584713507469561106e-02 8.394543456398432681e+03
2.614673211801089858e-02 8.337744756600561232e+03
2.644980182427715890e-02 8.279753226680742955e+03
2.675638444552042375e-02 8.220607366608668599e+03
2.706652070033239293e-02 8.160348473082573037e+03
2.738025177927854228e-02 8.099017936178613127e+03
2.769761935036888292e-02 8.036657198470947151e+03
2.801866556459190957e-02 7.973307715642732546e+03
2.834343306151305975e-02 7.909010917926322691e+03
2.867196497493766996e-02 7.843808172409896542e+03
2.900430493863987227e-02 7.777740860036528829e+03
2.934049709215783702e-02 7.710857239602914888e+03
2.968058608665600367e-02 7.643216074854395629e+03
3.002461709085545161e-02 7.574876225316426826e+03
3.037263579703308389e-02 7.505895615106672267e+03
3.072468842709001266e-02 7.436331187223425331e+03
3.108082173869059980e-02 7.366238861228114729e+03
3.144108303147261779e-02 7.295673494276696147e+03
3.180552015332915178e-02 7.224688845447473796e+03
3.217418150676367578e-02 7.153338770433999343e+03
3.254711605531845214e-02 7.081687408727820184e+03
3.292437333007763867e-02 7.009803464366817025e+03
3.330600343624585263e-02 6.937753719454948623e+03
3.369205705980264642e-02 6.865602944109294185e+03
3.408258547423447665e-02 6.793413879523722244e+03
3.447764054734461098e-02 6.721247226560974013e+03
3.487727474814172890e-02 6.649161639626330725e+03
3.528154115380878475e-02 6.577213734373598527e+03
3.569049345675226470e-02 6.505464787541250189e+03
3.610418597173332272e-02 6.433992215835703973e+03
3.652267364308171838e-02 6.362873458859358834e+03
3.694601205199299354e-02 6.292182715884503523e+03
3.737425742391059513e-02 6.221990988609178203e+03
3.780746663599345719e-02 6.152366132205767826e+03
3.824569722466996530e-02 6.083372914041447984e+03
3.868900739327971183e-02 6.015073079462996247e+03
3.913745601980380545e-02 5.947524910979805099e+03
3.959110266468453265e-02 5.880773158697129475e+03
4.005000757873606460e-02 5.814850235868457276e+03
4.051423171114643812e-02 5.749786395623572389e+03
4.098383671757255958e-02 5.685610201286133815e+03
4.145888496832907111e-02 5.622348585508738324e+03
4.193943955667183560e-02 5.560026910504359876e+03
4.242556430717771970e-02 5.498669029201843841e+03
4.291732378422153521e-02 5.438297347163868835e+03
4.341478330055086043e-02 5.378940174788775948e+03
4.391800892596080946e-02 5.320661326087930320e+03
4.442706749606879085e-02 5.263533254321121603e+03
4.494202662119135827e-02 5.207624917683248896e+03
4.546295469532394412e-02 5.153001966319693565e+03
4.598992090522435044e-02 5.099726942945205337e+03
4.652299523960182898e-02 5.047859490608879241e+03
4.706224849841277036e-02 4.997456566912165727e+03
4.760775230226364785e-02 4.948566278018708545e+03
4.815957910192344982e-02 4.901155344467781106e+03
4.871780218794626721e-02 4.855138031671668614e+03
4.928249570040506289e-02 4.810430702139590721e+03
4.985373463873887800e-02 4.766952698625291305e+03
5.043159487171355176e-02 4.724626176491016849e+03
5.101615314749827212e-02 4.683375948671605329e+03
5.160748710385902605e-02 4.643129347409357251e+03
5.220567527846971256e-02 4.603823355658671971e+03
5.281079711934324322e-02 4.565418667274625477e+03
5.342293299538347640e-02 4.527881212770757884e+03
5.404216420705911655e-02 4.491177944456287150e+03
5.466857299720174340e-02 4.455276793259949045e+03
5.530224256192894927e-02 4.420146627696212818e+03
5.594325706169369500e-02 4.385757157009590628e+03
5.659170163246236840e-02 4.352053382215844977e+03
5.724766239702173964e-02 4.318916701036559971e+03
5.791122647641750582e-02 4.286221763434094100e+03
5.858248200152529894e-02 4.253846902415593831e+03
5.926151812475548286e-02 4.221674029352471734e+03
5.994842503189401484e-02 4.189588562810848089e+03
6.064329395408056544e-02 4.157479169674267723e+03
6.134621717992497919e-02 4.125235881637600869e+03
6.205728806776493467e-02 4.092751115709604164e+03
6.277660105806494306e-02 4.059920912914466498e+03
6.350425168595953684e-02 4.026645027172933169e+03
6.424033659394184914e-02 3.992827026219260460e+03
6.498495354469883967e-02 3.958373127562439549e+03
6.573820143409576933e-02 3.923181912729924989e+03
6.650018030431112392e-02 3.887150403844779248e+03
6.727099135712333311e-02 3.850180742233284036e+03
6.805073696735199074e-02 3.812180500217580629e+03
6.883952069645490890e-02 3.773062963368845885e+03
6.963744730628212976e-02 3.732755512599121630e+03
7.044462277299029518e-02 3.691213110017788949e+03
7.126115430111740201e-02 3.648399489738776083e+03
7.208715033782125969e-02 3.604283608500541504e+03
7.292272058728306583e-02 3.558839828514103829e+03
7.376797602527726538e-02 3.512054651668281167e+03
7.462302891391099646e-02 3.463958056949990350e+03
7.548799281653424675e-02 3.414597052052795789e+03
7.636298261282230271e-02 3.364021149668191811e+03
7.724811451403391926e-02 3.312282251825938147e+03
7.814350607844536278e-02 3.259444348037928194e+03
7.904927622696410194e-02 3.205623130647413291e+03
7.996554525892338172e-02 3.150948234609872543e+03
8.089243486805931804e-02 3.095545839055658689e+03
8.183006815867380213e-02 3.039538485857910018e+03
8.277856966198465782e-02 2.983063935203595520e+03
8.373806535266484219e-02 2.926293941927840024e+03
8.470868266557393667e-02 2.869396177666280437e+03
8.569055051268339995e-02 2.812528759868424913e+03
8.668379930019762258e-02 2.755845085778009889e+03
8.768856094587416938e-02 2.699527679989088028e+03
8.870496889654395922e-02 2.643764548247835592e+03
8.973315814583508743e-02 2.588729310596614596e+03
9.077326525210215047e-02 2.534583085333787494e+03
9.182542835656276603e-02 2.481504076000827808e+03
9.288978720164486891e-02 2.429682198290996894e+03
9.396648314954682280e-02 2.379291187127640569e+03
9.505565920101186062e-02 2.330488653693501874e+03
9.615746001432085022e-02 2.283417022863335660e+03
9.727203192450530056e-02 2.238200155771454774e+03
9.839952296278213495e-02 2.194945926856750702e+03
9.954008287621508855e-02 2.153751987345237012e+03
1.006938631476026330e-01 2.114707290285311501e+03
1.018610170155973965e-01 2.077880265647927445e+03
1.030416994950586612e-01 2.043253194045607870e+03
1.042360673976400476e-01 2.010779060978706639e+03
1.054442793526167294e-01 1.980414488378008173e+03
1.066664958279537889e-01 1.952118342765517355e+03
1.079028791516182112e-01 1.925790932855184110e+03
1.091535935331389984e-01 1.901257319085483459e+03
1.104188050854159470e-01 1.878347463721469921e+03
1.116986818467821246e-01 1.856900934442622201e+03
1.129933938033220592e-01 1.836742740788122774e+03
1.143031129114477906e-01 1.817646540825701777e+03
1.156280131207374218e-01 1.799386411100814257e+03
1.169682703970383736e-01 1.781745751990629287e+03
1.183240627458377325e-01 1.764507986173425024e+03
1.196955702359041446e-01 1.747439538004958422e+03
1.210829750232038649e-01 1.730311041245408433e+03
1.224864613750929060e-01 1.712902147283655950e+03
1.239062156947914467e-01 1.695004071789981481e+03
1.253424265461398623e-01 1.676422410402190053e+03
1.267952846786432330e-01 1.656973433572613658e+03
1.282649830528058976e-01 1.636486423791355946e+03
1.297517168657586206e-01 1.614843735613042554e+03
1.312556835771841179e-01 1.591976385457830702e+03
1.327770829355428006e-01 1.567826293904976865e+03
1.343161170046014707e-01 1.542366568180225840e+03
1.358729901902707704e-01 1.515668890374655575e+03
1.374479092677535763e-01 1.487831560372952708e+03
1.390410834090068104e-01 1.458957272071239004e+03
1.406527242105235220e-01 1.429208868760803398e+03
1.422830457214351030e-01 1.398793273447568254e+03
1.439322644719404909e-01 1.367908477144418384e+03
1.456005995020647481e-01 1.336769659105195615e+03
1.472882723907500968e-01 1.305627235053042568e+03
1.489955072852852114e-01 1.274716708099482048e+03
1.507225309310754602e-01 1.244269989534245042e+03
1.524695727017571223e-01 1.214543371537896519e+03
1.542368646296626011e-01 1.185776152358305808e+03
1.560246414366366907e-01 1.158184309445091912e+03
1.578331405652114716e-01 1.131963646096739694e+03
1.596626022101423625e-01 1.107291006415149695e+03
1.615132693503088801e-01 1.084297271688533328e+03
1.633853877809858524e-01 1.063021333099633694e+03
1.652792061464892492e-01 1.043485353693041816e+03
1.671949759731987672e-01 1.025652248679963122e+03
1.691329517029645513e-01 1.009382718565503865e+03
1.710933907269012455e-01 9.945349114510480604e+02
1.730765534195721767e-01 9.809224545122292511e+02
1.750827031735721628e-01 9.683180664587829369e+02
1.771121064345085594e-01 9.565013607562094649e+02
1.791650327363897566e-01 9.452379101283089540e+02
1.812417547374234328e-01 9.342942413999411428e+02
1.833425482562288100e-01 9.234421057907476325e+02
1.854676923084695728e-01 9.124530225669449237e+02
1.876174691439118081e-01 9.011098913451238559e+02
1.897921642839097145e-01 8.892225885932327856e+02
1.919920665593281006e-01 8.766216115529739454e+02
1.942174681489023391e-01 8.631873754109333277e+02
1.964686646180442142e-01 8.488788426665205407e+02
1.987459549580979923e-01 8.336882677951261940e+02
2.010496416260496022e-01 8.177137849594545287e+02
2.033800305846977796e-01 8.010893178909979042e+02
2.057374313432909774e-01 7.839995648982585408e+02
2.081221569986336506e-01 7.666636431296674346e+02
2.105345242766701597e-01 7.493015916666373641e+02
2.129748535745517590e-01 7.321401249768759953e+02
2.154434690031879762e-01 7.153887386814908496e+02
2.179406984302951489e-01 6.992387945595577321e+02
2.204668735239406208e-01 6.838576698604895228e+02
2.230223297965933937e-01 6.693701479746132463e+02
2.256074066496857322e-01 6.558724752664159041e+02
2.282224474186894947e-01 6.433949082664730668e+02
2.308677994187165183e-01 6.319349087870680250e+02
2.335438139906475252e-01 6.214227337054885538e+02
2.362508465477944353e-01 6.117581936359379142e+02
2.389892566231045512e-01 6.027916984838900589e+02
2.417594079169126942e-01 5.943539905457354280e+02
2.445616683452441209e-01 5.862492513186515453e+02
2.473964100886809347e-01 5.782785742874914376e+02
2.502640096417915183e-01 5.702495040618811117e+02
2.531648478631349786e-01 5.619924935526877334e+02
2.560993100258455168e-01 5.533873581196303348e+02
2.590677858688005264e-01 5.443628358218661560e+02
2.620706696483847131e-01 5.349154368466566893e+02
2.651083601908534870e-01 5.250906582628807655e+02
2.681812609453009255e-01 5.149775894537626755e+02
2.712897800372461865e-01 5.046927404310240490e+02
2.744343303228360953e-01 4.943665955220043315e+02
2.776153294436795038e-01 4.841409091924846280e+02
2.808331998823167530e-01 4.741557104105753524e+02
2.840883690183299559e-01 4.645450940911333646e+02
2.873812691851060364e-01 4.554148481736040708e+02
2.907123377272573528e-01 4.468369179105313833e+02
2.940820170587059579e-01 4.388280723742851137e+02
2.974907547214434844e-01 4.313603866592305849e+02
3.009390034449713203e-01 4.243655384190892619e+02
3.044272212064296212e-01 4.177485195642183839e+02
3.079558712914221008e-01 4.114016410522407909e+02
3.115254223555483648e-01 4.052105871316796879e+02
3.151363484866475662e-01 3.990636654500013947e+02
3.187891292677637600e-01 3.928636607942451633e+02
3.224842498408434510e-01 3.865391573256475226e+02
3.262222009711663318e-01 3.800606067012825520e+02
3.300034791125279754e-01 3.734384712846255638e+02
3.338285864731757036e-01 3.667184809072410303e+02
3.376980310825088427e-01 3.599703761639154322e+02
3.416123268585519734e-01 3.532740346357633712e+02
3.455719936762132183e-01 3.467107516233170372e+02
3.495775574363269023e-01 3.403549471569905336e+02
3.536295501355037896e-01 3.342624042475646888e+02
3.577285099367869536e-01 3.284605746719742001e+02
3.618749812411271027e-01 3.229459301283995956e+02
3.660695147596894072e-01 3.176877106284556476e+02
3.703126675869919948e-01 3.126385487547300954e+02
3.746050032748987069e-01 3.077437768839387218e+02
3.789470919074662825e-01 3.029457651544226451e+02
3.833395101766597923e-01 2.981886057328767947e+02
3.877828414589447603e-01 2.934266153659808083e+02
3.922776758927711827e-01 2.886367847329152596e+02
3.968246104569475019e-01 2.838259644413942624e+02
4.014242490499316252e-01 2.790244366421326276e+02
4.060772025700360999e-01 2.742713806312517590e+02
4.107840889965636011e-01 2.696027724977798812e+02
4.155455334718866078e-01 2.650484841169381980e+02
4.203621683844705470e-01 2.606343360408185390e+02
4.252346334528675498e-01 2.563778995871048778e+02
4.301635758106789886e-01 2.522774516625985939e+02
4.351496500925045585e-01 2.483094135935409099e+02
4.401935185208863954e-01 2.444409378131980759e+02
4.452958509942646081e-01 2.406453203697597303e+02
4.504573251759450558e-01 2.369037470129499638e+02
4.556786265841057948e-01 2.331988155600931805e+02
4.609604486828429160e-01 2.295176073100882945e+02
4.663034929742719270e-01 2.258633377711122705e+02
4.717084690917007217e-01 2.222559369678593839e+02
4.771760948938736924e-01 2.187161502586710640e+02
4.827070965603176278e-01 2.152547310890466576e+02
4.883022086877874535e-01 2.118779552364217125e+02
4.939621743878316318e-01 2.085920221565517920e+02
4.996877453854872697e-01 2.053948980542558616e+02
5.054796821191230860e-01 2.022722006751132255e+02
5.113387538414317923e-01 1.992079617233281397e+02
5.172657387216013092e-01 1.961939491893188858e+02
5.232614239486657048e-01 1.932245642437934805e+02
5.293266058360548421e-01 1.902936146095345578e+02
5.354620899273596635e-01 1.874021637360833665e+02
5.416686911033142815e-01 1.845600292014269144e+02
5.479472336900278462e-01 1.817745715004328702e+02
5.542985515684663023e-01 1.790461546757715610e+02
5.607234882852017988e-01 1.763757456563309631e+02
5.672228971644530660e-01 1.737645599608142390e+02
5.737976414214123189e-01 1.712063412705567202e+02
5.804485942768968787e-01 1.686922579338994979e+02
5.871766390733248464e-01 1.662202287398340275e+02
5.939826693920350342e-01 1.637896656027629660e+02
6.008675891719672535e-01 1.613966043207237817e+02
6.078323128297217215e-01 1.590423953955421723e+02
6.148777653810012511e-01 1.567326315235866616e+02
6.220048825634703071e-01 1.544664318624659813e+02
6.292146109610337046e-01 1.522427053529771115e+02
6.365079081295554886e-01 1.500603887908525564e+02
6.438857427240405329e-01 1.479173666603457491e+02
6.513490946272790794e-01 1.458116136725067236e+02
6.588989550799940753e-01 1.437412508622450389e+02
6.665363268124905316e-01 1.417053447322053046e+02
6.742622241778335468e-01 1.397036453435425187e+02
6.820776732865669878e-01 1.377359102660633994e+02
6.899837121430004716e-01 1.358018852764518556e+02
6.979813907830648700e-01 1.339011197968745250e+02
7.060717714137764167e-01 1.320328533290892210e+02
7.142559285543118586e-01 1.301963158768155893e+02
7.225349491787196321e-01 1.283907586776489893e+02
7.309099328602896017e-01 1.266154535635316876e+02
7.393819919175852462e-01 1.248696923429404393e+02
7.479522515621810363e-01 1.231527862039750403e+02
7.566218500481046716e-01 1.214640651375808034e+02
7.653919388230141507e-01 1.198028773801610214e+02
7.742636826811252204e-01 1.181685888748702666e+02
7.832382599179181781e-01 1.165605827508922374e+02
7.923168624866241405e-01 1.149782588200555438e+02
8.015006961565395160e-01 1.134210330901430837e+02
8.107909806731679048e-01 1.118883372948844936e+02
8.201889499202184020e-01 1.103796207275473478e+02
8.296958520834889494e-01 1.088943547720935214e+02
8.393129498166350677e-01 1.074320261880593677e+02
8.490415204088734846e-01 1.059921351524161111e+02
8.588828559546241026e-01 1.045741948829999899e+02
8.688382635251177266e-01 1.031777312738867067e+02
8.789090653419935339e-01 1.018022825422820858e+02
8.890965989529141522e-01 1.004473988865359217e+02
8.994022174092030086e-01 9.911264215488297680e+01
9.098272894455547988e-01 9.779758552454867981e+01
9.203731996618214062e-01 9.650181319083633014e+01
9.310413487069052474e-01 9.522492006588055347e+01
9.418331534647932379e-01 9.396651148670292741e+01
9.527500472427273825e-01 9.272620293226908927e+01
9.637934799615772707e-01 9.150361974922449804e+01
9.749649183484077053e-01 9.029839688601565229e+01
9.862658461312796554e-01 8.911017863510684833e+01
9.976977642363179521e-01 8.793861838301205580e+01
1.009262190987045615e+00 8.678337836788136883e+01
1.020960662306044986e+00 8.564412868566471104e+01
1.032794731918950104e+00 8.452054204982317742e+01
1.044765971560803308e+00 8.341229700295659200e+01
1.056875971184801477e+00 8.231908049722176202e+01
1.069126339173473994e+00 8.124058768585867085e+01
1.081518702552286326e+00 8.017652170565192193e+01
1.094054707205741162e+00 7.912659346592556631e+01
1.106736018095972218e+00 7.809052144383754523e+01
1.119564319483875581e+00 7.706803148575907869e+01
1.132541315152809203e+00 7.605885661452333579e+01
1.145668728634869460e+00 7.506273684234247412e+01
1.158948303439808925e+00 7.407941898919453649e+01
1.172381803286597357e+00 7.310865650649107295e+01
1.185971012337668551e+00 7.215020930584017833e+01
1.199717735435881671e+00 7.120384359272972574e+01
1.213623798344238169e+00 7.026933170496289449e+01
1.227691047988357376e+00 6.934645195567924247e+01
1.241921352701781833e+00 6.843498848079894969e+01
1.256316602474119026e+00 6.753473109074782599e+01
1.270878709202055257e+00 6.664547530098917605e+01
1.285609606943292516e+00 6.576702593232187155e+01
1.300511252173406351e+00 6.489919669386303269e+01
1.315585624045702007e+00 6.404180616643823498e+01
1.330834724654073264e+00 6.319467751375301390e+01
1.346260579298908633e+00 6.235763836901936941e+01
1.361865236756078401e+00 6.153052072451741594e+01
1.377650769549050969e+00 6.071316082399281555e+01
1.393619274224140003e+00 5.990539905779644414e+01
1.409772871628964586e+00 5.910707986068255337e+01
1.426113707194127000e+00 5.831805161217041444e+01
1.442643951218154141e+00 5.753816653939389880e+01
1.459365799155753374e+00 5.676728062235415706e+01
1.476281471909387077e+00 5.600525350149831638e+01
1.493393216124249800e+00 5.525194838754968174e+01
1.510703304486652465e+00 5.450723197351857863e+01
1.528214036025868250e+00 5.377097434881693516e+01
1.545927736419473675e+00 5.304304891542181366e+01
1.563846758302243289e+00 5.232333230600725926e+01
1.581973481578597518e+00 5.161170431931770253e+01
1.600310313738698254e+00 5.090805035690770097e+01
1.618859690178196420e+00 5.021226395196741521e+01
1.637624074521683681e+00 4.952424179591253761e+01
1.656605958949910251e+00 4.884388298014229690e+01
1.675807864530764357e+00 4.817108893728647701e+01
1.695232341554117506e+00 4.750576338370557750e+01
1.714881969870537537e+00 4.684781226320748004e+01
1.734759359233926546e+00 4.619714369194807801e+01
1.754867149648146718e+00 4.555366790448250924e+01
1.775208011717630985e+00 4.491729720093754707e+01
1.795784647002092393e+00 4.428794589527149128e+01
1.816599788375324875e+00 4.366553026459651221e+01
1.837656200388168903e+00 4.304996849953234062e+01
1.858956679635682452e+00 4.244118065556505570e+01
1.880504055128578100e+00 4.183908860538704033e+01
1.902301188668940934e+00 4.124361599218881480e+01
1.924350975230327832e+00 4.065468818388161054e+01
1.946656343342259454e+00 4.007223222822720032e+01
1.969220255479166903e+00 3.949617680885055648e+01
1.992045708453865194e+00 3.892645319382487656e+01
2.015135733815553110e+00 3.836299887131929864e+01
2.038493398252459343e+00 3.780575391447217726e+01
2.062121803999140468e+00 3.725465946165433451e+01
2.086024089248501578e+00 3.670965768748150992e+01
2.110203428568589779e+00 3.617069177468472674e+01
2.134663033324239123e+00 3.563770588651588156e+01
2.159406152103561904e+00 3.511064513968457845e+01
2.184436071149423508e+00 3.458945557781199653e+01
2.209756114795899062e+00 3.407408414539680308e+01
2.235369645909789149e+00 3.356447866228422328e+01
2.261280066337272743e+00 3.306058779862753738e+01
2.287490817355697814e+00 3.256236105033782025e+01
2.314005380130648604e+00 3.206974871501287794e+01
2.340827276178290006e+00 3.158270186833781068e+01
2.367960067833074778e+00 3.110117234094963479e+01
2.395407358720871738e+00 3.062511269576220485e+01
2.423172794237594019e+00 3.015447620574170884e+01
2.451260062033334020e+00 2.968921683212770546e+01
2.479672892502154724e+00 2.922928943524049927e+01
2.508415059277536496e+00 2.877465228791357887e+01
2.537490379733563284e+00 2.832526592675272425e+01
2.566902715491944598e+00 2.788109122973083842e+01
2.596655972934865719e+00 2.744208937045805285e+01
2.626754103723832223e+00 2.700822180756853541e+01
2.657201105324501267e+00 2.657945027437710550e+01
2.688001021537603119e+00 2.615573676880952192e+01
2.719157943036010661e+00 2.573704354359945512e+01
2.750676007908059884e+00 2.532333309675167499e+01
2.782559402207119170e+00 2.491456816227017512e+01
2.814812360507575661e+00 2.451071170114515496e+01
2.847439166467243155e+00 2.411172689260106594e+01
2.880444153396288787e+00 2.371757712560013687e+01
2.913831704832780201e+00 2.332822599060079583e+01
2.947606255124850971e+00 2.294363727156778410e+01
2.981772290019666816e+00 2.256377493823177005e+01
3.016334347259191695e+00 2.218860313859696731e+01
3.051297017182866167e+00 2.181808619169374097e+01
3.086664943337265488e+00 2.145218861780501740e+01
3.122442823092849373e+00 2.109087678746820771e+01
3.158635408267811417e+00 2.073411943920437750e+01
3.195247505759207129e+00 2.038188535521010536e+01
3.232283978181375250e+00 2.003414318100669433e+01
3.269749744511758038e+00 1.969086142856628641e+01
3.307649780744232881e+00 1.935200847953043279e+01
3.345989120549966334e+00 1.901755258852147890e+01
3.384772855945975767e+00 1.868746188654267826e+01
3.424006137971419506e+00 1.836170438446489328e+01
3.463694177371722915e+00 1.804024797659825552e+01
3.503842245290665680e+00 1.772306044434484562e+01
3.544455673970426268e+00 1.741010945993081549e+01
3.585539857459808299e+00 1.710136259021575356e+01
3.627100252330640817e+00 1.679678730057482738e+01
3.669142378402487914e+00 1.649635095885377112e+01
3.711671819475755196e+00 1.620002083939177950e+01
3.754694224073326314e+00 1.590776412711057120e+01
3.798215306190726892e+00 1.561954792166805106e+01
3.842240846055053005e+00 1.533533924223485911e+01
3.886776690892660646e+00 1.505510604840022815e+01
3.931828755705757406e+00 1.477881921862586978e+01
3.977403024058025149e+00 1.450644984089794676e+01
4.023505548869283466e+00 1.423796860949775578e+01
4.070142453219429690e+00 1.397334584148884495e+01
4.117319931161670610e+00 1.371255149304860943e+01
4.165044248545179073e+00 1.345555517563895798e+01
4.213321743847276757e+00 1.320232617201171266e+01
4.262158829015312733e+00 1.295283345204329706e+01
4.311561990318218740e+00 1.270704568839614979e+01
4.361537789207996951e+00 1.246493127200091955e+01
4.412092863191181991e+00 1.222645832735658011e+01
4.463233926710382882e+00 1.199159472764464596e+01
4.514967772036088789e+00 1.176030810965338347e+01
4.567301270168734995e+00 1.153256588850918440e+01
4.620241371751302673e+00 1.130833527221111723e+01
4.673795107992455122e+00 1.108758327596683024e+01
4.727969591600383659e+00 1.087027673632530345e+01
4.782772017727470626e+00 1.065638232510483263e+01
4.838209664925944509e+00 1.044586687907133360e+01
4.894289896114520033e+00 1.023869931666670752e+01
4.951020159556341227e+00 1.003484919834425071e+01
5.008407989848203457e+00 9.834285705483818418e+00
5.066461008921252507e+00 9.636977659942397523e+00
5.125186927053318797e+00 9.442893547641213914e+00
5.184593543892900058e+00 9.252001541703030796e+00
5.244688749495107771e+00 9.064269525136271710e+00
5.305480525369564937e+00 8.879665113062802817e+00
5.366976945540468336e+00 8.698155674487537681e+00
5.429186177618927189e+00 8.519708353606917584e+00
5.492116483887774514e+00 8.344290090656171444e+00
5.555776222398865372e+00 8.171867642292694356e+00
5.620173848083176438e+00 8.002407601515878710e+00
5.685317913873744189e+00 7.835876417123222915e+00
5.751217071841596251e+00 7.672240412701830437e+00
5.817880074344919272e+00 7.511465805156689157e+00
5.885315775191436671e+00 7.353518722776390959e+00
5.953533130814357754e+00 7.198365222837458610e+00
6.022541201461917737e+00 7.045971339780043863e+00
6.092349152400691636e+00 6.896303695442916215e+00
6.162966255132924509e+00 6.749329412118602711e+00
6.234401888627847832e+00 6.605015526033490403e+00
6.306665540567391481e+00 6.463328983561105190e+00
6.379766808606270878e+00 6.324236660781920705e+00
6.453715401646691774e+00 6.187705382474610438e+00
6.528521141127827221e+00 6.053701940543636084e+00
6.604193962330286993e+00 5.922193111886210559e+00
6.680743915695598112e+00 5.793145675704434616e+00
6.758181168161097041e+00 5.666526430266144665e+00
6.836516004510227340e+00 5.542302209120725465e+00
6.915758828738503894e+00 5.420439896774929878e+00
6.995920165435354221e+00 5.300906443834745296e+00
7.077010661181871498e+00 5.183668881619290403e+00
7.159041085964872764e+00 5.068694336253472876e+00
7.242022334607302270e+00 4.955950042245897080e+00
7.325965428215218900e+00 4.845403355558637770e+00
7.410881515641548845e+00 4.737021766176823689e+00
7.496781874966857551e+00 4.630772910515389640e+00
7.583677914997172920e+00 4.526624625612858388e+00
7.671581176779286970e+00 4.424544997059860485e+00
7.760503335133557279e+00 4.324502288301265374e+00
7.850456200204484425e+00 4.226464940819213645e+00
7.941451719029317680e+00 4.130401584452963348e+00
8.033501977124714699e+00 4.036281047254060894e+00
8.126619200091928619e+00 3.944072364885141013e+00
8.220815755240526101e+00 3.853744789571288187e+00
8.316104153230948981e+00 3.765267798612707217e+00
8.412497049736094468e+00 3.678611102467691296e+00
8.510007247122224783e+00 3.593744652414672114e+00
8.608647696149226647e+00 3.510638647802517109e+00
8.708431497690707346e+00 3.429263542898070671e+00
8.809371904473977111e+00 3.349590053339980056e+00
8.911482322840175385e+00 3.271589162208141666e+00
9.014776314524892697e+00 3.195232125717337723e+00
9.119267598459275703e+00 3.120490478545093982e+00
9.224970052592155412e+00 3.047336038801873759e+00
9.331897715733223464e+00 2.975740912653372039e+00
9.440064789417590418e+00 2.905677484452788395e+00
9.549485639791939207e+00 2.837118373504850410e+00
9.660174799522621925e+00 2.770036488887068771e+00
9.772146969725703514e+00 2.704405051364781709e+00
9.885417021919554514e+00 2.640197595944541398e+00
9.999999999999984013e+00 2.577387974148865002e+00
