1.000000000000000048e-04 3.340387180012290003e+01
1.011591112223829728e-04 3.377845243915371753e+01
1.023316578330244966e-04 3.415723012286382954e+01
1.035177955630176363e-04 3.454025176207588999e+01
1.047176819485520245e-04 3.492756477719370167e+01
1.059314763518370031e-04 3.531921711583226653e+01
1.071593399822671198e-04 3.571525725879540403e+01
1.084014359178330883e-04 3.611573422596467964e+01
1.096579291267809898e-04 3.652069758225396612e+01
1.109289864895222780e-04 3.693019744362603518e+01
1.122147768207980425e-04 3.734428448316838001e+01
1.135154708920999033e-04 3.776300992306982351e+01
1.148312414543511137e-04 3.818642551186453460e+01
1.161622632608502026e-04 3.861458356338484776e+01
1.175087130904807752e-04 3.904753697061961049e+01
1.188707697711903445e-04 3.948533921205515185e+01
1.202486142037412301e-04 3.992804435808691466e+01
1.216424293857368039e-04 4.037570707749632248e+01
1.230524004359261579e-04 4.082838264400076866e+01
1.244787146187906256e-04 4.128612694507508252e+01
1.259215613694151213e-04 4.174899653831663926e+01
1.273811323186478520e-04 4.221704866143144841e+01
1.288576213185518003e-04 4.269034119116446391e+01
1.303512244681509209e-04 4.316893264810824604e+01
1.318621401394748729e-04 4.365288220382802820e+01
1.333905690039058638e-04 4.414224968806568228e+01
1.349367140588306701e-04 4.463709559602251176e+01
1.365007806546013845e-04 4.513748109572037492e+01
1.380829765218092534e-04 4.564346800584308994e+01
1.396835117988739897e-04 4.615511866693358201e+01
1.413025990599533870e-04 4.667249604928056073e+01
1.429404533431761061e-04 4.719566381467220850e+01
1.445972921792019735e-04 4.772468632389868048e+01
1.462733356201130139e-04 4.825962864428509391e+01
1.479688062686396383e-04 4.880055655730319586e+01
1.496839293077255632e-04 4.934753656626460838e+01
1.514189325304352289e-04 4.990063590480771438e+01
1.531740463702080011e-04 5.045992260410812946e+01
1.549495039314631917e-04 5.102546554876032303e+01
1.567455410205595065e-04 5.159733439492373464e+01
1.585623961771137158e-04 5.217559956849093794e+01
1.604003107056820173e-04 5.276033227350365706e+01
1.622595287078087273e-04 5.335160450066090476e+01
1.641402971144466632e-04 5.394948903591624401e+01
1.660428657187529853e-04 5.455405946916921778e+01
1.679674872092653496e-04 5.516539018935766592e+01
1.699144172034626271e-04 5.578355625752167413e+01
1.718839142817145805e-04 5.640863346635278930e+01
1.738762400216250798e-04 5.704069843527446437e+01
1.758916590327733002e-04 5.767982862053948878e+01
1.779304389918577567e-04 5.832610232416956109e+01
1.799928506782476725e-04 5.897959870298112861e+01
1.820791680099462630e-04 5.964039777770973672e+01
1.841896680799711133e-04 6.030858044223128900e+01
1.863246311931559835e-04 6.098422848660833040e+01
1.884843409033795745e-04 6.166742463646773587e+01
1.906690840512252356e-04 6.235825252978305144e+01
1.928791508020778235e-04 6.305679671850152346e+01
1.951148346846616683e-04 6.376314267832980676e+01
1.973764326300255834e-04 6.447737681862179215e+01
1.996642450109793916e-04 6.519958649236765780e+01
2.019785756819878484e-04 6.592986000628702925e+01
2.043197320195270865e-04 6.666828662649871262e+01
2.066880249629082160e-04 6.741495647847273176e+01
2.090837690555750453e-04 6.816996054553074202e+01
2.115072824868795298e-04 6.893339078943036213e+01
2.139588871343421834e-04 6.970534016622386275e+01
2.164389086064020889e-04 7.048590263667820466e+01
2.189476762856621176e-04 7.127517317680329256e+01
2.214855233726359721e-04 7.207324778847946334e+01
2.240527869300018495e-04 7.288022351019552048e+01
2.266498079273692845e-04 7.369619841464204058e+01
2.292769312865648918e-04 7.452127155508424039e+01
2.319345059274427814e-04 7.535554302225941115e+01
2.346228848142263134e-04 7.619911398207526076e+01
2.373424250023866691e-04 7.705208668677741457e+01
2.400934876860652035e-04 7.791456448619089770e+01
2.428764382460451090e-04 7.878665183907186531e+01
2.456916462982790305e-04 7.966845432457036225e+01
2.485394857429798965e-04 8.056007865327893569e+01
2.514203348142797370e-04 8.146163262894634727e+01
2.543345761304648903e-04 8.237322511620187981e+01
2.572825967447932359e-04 8.329496613075443179e+01
2.602647881969005024e-04 8.422696686062349158e+01
2.632815465648020731e-04 8.516933967809414696e+01
2.663332725174980963e-04 8.612219815178596605e+01
2.694203713681882413e-04 8.708565705883417252e+01
2.725432531281028249e-04 8.805983239718864297e+01
2.757023325609583289e-04 8.904484137931561349e+01
2.788980292380439777e-04 9.004080224763359297e+01
2.821307675939471824e-04 9.104783435463417618e+01
2.854009769829237591e-04 9.206605830484203068e+01
2.887090917359235484e-04 9.309559596935936554e+01
2.920555512182745244e-04 9.413657049839784463e+01
2.954407998880380793e-04 9.518910633392442833e+01
2.988652873550383024e-04 9.625332922242063205e+01
3.023294684405777215e-04 9.732936622774201396e+01
3.058338032378432473e-04 9.841734570324342712e+01
3.093787571730137595e-04 9.951739720976544845e+01
3.129648010670751349e-04 1.006296516294979000e+02
3.165924111983521496e-04 1.017542412053396532e+02
3.202620693657651165e-04 1.028912995541033979e+02
3.239742629528196056e-04 1.040409616798252728e+02
3.277294849923383015e-04 1.052033639871930717e+02
3.315282342319423692e-04 1.063786442950896713e+02
3.353710152002930081e-04 1.075669418387630003e+02
3.392583382740992667e-04 1.087683969808421125e+02
3.431907197459043682e-04 1.099831511790695515e+02
3.471686818926560223e-04 1.112113473126508865e+02
3.511927530450728672e-04 1.124531297124313056e+02
3.552634676578139803e-04 1.137086441742677039e+02
3.593813663804626239e-04 1.149780379725017241e+02
3.635469961293318715e-04 1.162614598735396925e+02
3.677609101601031711e-04 1.175590601495275962e+02
3.720236681413067385e-04 1.188709905422129225e+02
3.763358362286533740e-04 1.201974040193871645e+02
3.806979871402285448e-04 1.215384549649895405e+02
3.851107002325569739e-04 1.228942993027579860e+02
3.895745615775502574e-04 1.242650945100317017e+02
3.940901640403448279e-04 1.256509996314538569e+02
3.986581073580439810e-04 1.270521752927680268e+02
4.032789982193706307e-04 1.284687837147042444e+02
4.079534503452450522e-04 1.299009887251125122e+02
4.126820845702952557e-04 1.313489555706395890e+02
4.174655289253135972e-04 1.328128507366621136e+02
4.223044187206673248e-04 1.342928422896158338e+02
4.271993966306778055e-04 1.357890999323021788e+02
4.321511127789762923e-04 1.373017950175346016e+02
4.371602248248503283e-04 1.388311005618641332e+02
4.422273980505898373e-04 1.403771912593822435e+02
4.473533054498464575e-04 1.419402434956021466e+02
4.525386278170167947e-04 1.435204352997223225e+02
4.577840538376617388e-04 1.451179456682572777e+02
4.630902801799738800e-04 1.467329547943557770e+02
4.684580115873046222e-04 1.483656445504201713e+02
4.738879609717652546e-04 1.500161985093478165e+02
4.793808495089108153e-04 1.516848019572015573e+02
4.849374067335234439e-04 1.533716419059239229e+02
4.905583706365046568e-04 1.550769071060913689e+02
4.962444877628915604e-04 1.568007880596906887e+02
5.019965133110080614e-04 1.585434768883353058e+02
5.078152112327671743e-04 1.603051669874891445e+02
5.137013543351340219e-04 1.620860534073773067e+02
5.196557243827659538e-04 1.638863329670026303e+02
5.256791122018420349e-04 1.657062042662001033e+02
5.317723177850967571e-04 1.675458676977010271e+02
5.379361503980699009e-04 1.694055254592106792e+02
5.441714286865889172e-04 1.712853815655040535e+02
5.504789807854969502e-04 1.731856418302285476e+02
5.568596444286410272e-04 1.751065130117229103e+02
5.633142670601353798e-04 1.770482026532958741e+02
5.698437059469137721e-04 1.790109200198824908e+02
5.764488282925875340e-04 1.809948761614623436e+02
5.831305113526219844e-04 1.830002839227047673e+02
5.898896425508494586e-04 1.850273579525748744e+02
5.967271195973311917e-04 1.870763147138869442e+02
6.036438506075865983e-04 1.891473724927996329e+02
6.106407542232038244e-04 1.912407512534092291e+02
6.177187597338490302e-04 1.933566718023328690e+02
6.248788072006889295e-04 1.954953563545099087e+02
6.321218475812450180e-04 1.976570289150561734e+02
6.394488428556939106e-04 1.998419152874729434e+02
6.468607661546322196e-04 2.020502430808773795e+02
6.543586018883232108e-04 2.042822417171310292e+02
6.619433458774390093e-04 2.065381424378461475e+02
6.696160054853217717e-04 2.088181783070119479e+02
6.773775997517746681e-04 2.111225836733305243e+02
6.852291595284059830e-04 2.134515936102656326e+02
6.931717276155402148e-04 2.158054448360386743e+02
7.012063589007179638e-04 2.181843758411236536e+02
7.093341204987991394e-04 2.205886268923913178e+02
7.175560918936924699e-04 2.230184400370721960e+02
7.258733650817247602e-04 2.254740591065611568e+02
7.342870447166760257e-04 2.279557297200073265e+02
7.427982482564913450e-04 2.304636991495811458e+02
7.514081061116963198e-04 2.329982146793343816e+02
7.601177617955326210e-04 2.355595240699710473e+02
7.689283720758308604e-04 2.381478767168716502e+02
7.778411071286484360e-04 2.407635236726105461e+02
7.868571506936848170e-04 2.434067176455675963e+02
7.959777002314981234e-04 2.460777129982600115e+02
8.052039670825472846e-04 2.487767657453978529e+02
8.145371766280737639e-04 2.515041335516054062e+02
8.239785684528515806e-04 2.542600753762943953e+02
8.335293965098190729e-04 2.570448505400284489e+02
8.431909292866253619e-04 2.598587196484879200e+02
8.529644499741018170e-04 2.627019448595365816e+02
8.628512566366892044e-04 2.655747898772040116e+02
8.728526623848374341e-04 2.684775199452902257e+02
8.829699955494085860e-04 2.714104018406085288e+02
8.932045998580961195e-04 2.743737038658396727e+02
9.035578346138924653e-04 2.773676957931558604e+02
9.140310748756226740e-04 2.803926473372982286e+02
9.246257116405735008e-04 2.834488277744706011e+02
9.353431520292382036e-04 2.865365076114186991e+02
9.461848194721997124e-04 2.896559586766870211e+02
9.571521538991858893e-04 2.928074541069227053e+02
9.682466119303117331e-04 2.959912683327074774e+02
9.794696670695391023e-04 2.992076770638661856e+02
9.908228099003791103e-04 3.024569572742860259e+02
1.002307548283864732e-03 3.057393870265532883e+02
1.013925407558814544e-03 3.090552445345151114e+02
1.025677930744421434e-03 3.124048087305096715e+02
1.037566678745185456e-03 3.157883596693924915e+02
1.049593230558226948e-03 3.192061785101180362e+02
1.061759183482999420e-03 3.226585474954434858e+02
1.074066153333433013e-03 3.261457499310528192e+02
1.086515774652537783e-03 3.296680701640774487e+02
1.099109700929496542e-03 3.332257935525361745e+02
1.111849604819270662e-03 3.368192051715603839e+02
1.124737178364751356e-03 3.404485883602935132e+02
1.137774133221490730e-03 3.441142269068024575e+02
1.150962200885031431e-03 3.478164053344157196e+02
1.164303132920876341e-03 3.515554088718394610e+02
1.177798701197118681e-03 3.553315234225553354e+02
1.191450698119775244e-03 3.591450355334976621e+02
1.205260936870841855e-03 3.629962323629868024e+02
1.219231251649110278e-03 3.668854015482119735e+02
1.233363497913775222e-03 3.708128299087813389e+02
1.247659552630868939e-03 3.747788037280221829e+02
1.262121314522546408e-03 3.787836096371029839e+02
1.276750704319265127e-03 3.828275345973879666e+02
1.291549665014883131e-03 3.869108658611590386e+02
1.306520162124720367e-03 3.910338909315411229e+02
1.321664183946604648e-03 3.951968975215824003e+02
1.336983741824946011e-03 3.994001735124800234e+02
1.352480870417874584e-03 4.036440065181191699e+02
1.368157627967470829e-03 4.079286827390008057e+02
1.384016096573131068e-03 4.122544879857589422e+02
1.400058382468096939e-03 4.166217079651836457e+02
1.416286616299197981e-03 4.210306282318999820e+02
1.432702953409829925e-03 4.254815341391383754e+02
1.449309574126215940e-03 4.299747107885606283e+02
1.466108684046983808e-03 4.345104429792034466e+02
1.483102514336103470e-03 4.390890150657403979e+02
1.500293322019217047e-03 4.437107078625540453e+02
1.517683390283404692e-03 4.483757976974071653e+02
1.535275028780421847e-03 4.530845598381251875e+02
1.553070573933459063e-03 4.578372686613547557e+02
1.571072389247449340e-03 4.626341975885168836e+02
1.589282865622977398e-03 4.674756190206884412e+02
1.607704421673822760e-03 4.723618042724691009e+02
1.626339504048191073e-03 4.772930235047507495e+02
1.645190587753661863e-03 4.822695452551674293e+02
1.664260176485902803e-03 4.872916339206899465e+02
1.683550802961201673e-03 4.923595511809930372e+02
1.703065029252843121e-03 4.974735570892963779e+02
1.722805447131393322e-03 5.026339100000035387e+02
1.742774678408918554e-03 5.078408664907889829e+02
1.762975375287204483e-03 5.130946812835934452e+02
1.783410220710006724e-03 5.183956071644813619e+02
1.804081928719382128e-03 5.237438948844359174e+02
1.824993244816151307e-03 5.291397898776093598e+02
1.846146946324546618e-03 5.345835283007435237e+02
1.867545842761074654e-03 5.400753427129685633e+02
1.889192776207665675e-03 5.456154628514503884e+02
1.911090621689137074e-03 5.512041155343847549e+02
1.933242287555043959e-03 5.568415245627761578e+02
1.955650715865948734e-03 5.625279106210323334e+02
1.978318882784163655e-03 5.682634911763325363e+02
2.001249798969035980e-03 5.740484798577336960e+02
2.024446509976802599e-03 5.798830793508478791e+02
2.047912096665084614e-03 5.857674828305525807e+02
2.071649675602067840e-03 5.917018791407465415e+02
2.095662399480431679e-03 5.976864528077293244e+02
2.119953457536069303e-03 6.037213839205179511e+02
2.144526075971666789e-03 6.098068480099420867e+02
2.169383518385183292e-03 6.159430159265358498e+02
2.194529086203312468e-03 6.221300537172148779e+02
2.219966119119953351e-03 6.283681203998751243e+02
2.245697995539773072e-03 6.346573615779906277e+02
2.271728133026903931e-03 6.409979152201073020e+02
2.298059988758849835e-03 6.473899134799725061e+02
2.324697059985647227e-03 6.538334825573469971e+02
2.351642884494347698e-03 6.603287425577194654e+02
2.378901041078892130e-03 6.668758073508728330e+02
2.406475150015422761e-03 6.734747844283962195e+02
2.434368873543109931e-03 6.801257745843910243e+02
2.462585916350545565e-03 6.868288652535627534e+02
2.491130026067787072e-03 6.935841281397076727e+02
2.520004993764090716e-03 7.003916268017284210e+02
2.549214654451422042e-03 7.072514170434910739e+02
2.578762887593799742e-03 7.141635467531730228e+02
2.608653617622546696e-03 7.211280557417533146e+02
2.638890814457508453e-03 7.281449755806685289e+02
2.669478494034319832e-03 7.352143294386377192e+02
2.700420718837771242e-03 7.423361311378376968e+02
2.731721598441374903e-03 7.495103799612236344e+02
2.763385290053167829e-03 7.567370634434369094e+02
2.795415999067855668e-03 7.640161596865211777e+02
2.827817979625339880e-03 7.713476371985673268e+02
2.860595535175740160e-03 7.787314547203480970e+02
2.893753019050949830e-03 7.861675610514946584e+02
2.927294835042814833e-03 7.936558948762443606e+02
2.961225437988033050e-03 8.011963845577246275e+02
2.995549334359811234e-03 8.087889412441430750e+02
3.030271082866395349e-03 8.164334499520107329e+02
3.065395295056525492e-03 8.241297819612856301e+02
3.100926635931925118e-03 8.318777966341822321e+02
3.136869824566874444e-03 8.396773412247652004e+02
3.173229634734975584e-03 8.475282506886744613e+02
3.210010895543170123e-03 8.554303474931862183e+02
3.247218492073126669e-03 8.633834414274848541e+02
3.284857366030041314e-03 8.713873294309428275e+02
3.322932516398970689e-03 8.794417956548071515e+02
3.361449000108763119e-03 8.875466112265122547e+02
3.400411932703704086e-03 8.957015338659871304e+02
3.439826489022923713e-03 9.039063076940033170e+02
3.479697903887689868e-03 9.121606630467468904e+02
3.520031472796677097e-03 9.204643162914331924e+02
3.560832552629275994e-03 9.288169696430065869e+02
3.602106562357069216e-03 9.372183109820309710e+02
3.643858983763542669e-03 9.456679955919253189e+02
3.686095362172155891e-03 9.541655888873971207e+02
3.728821307182831907e-03 9.627106188859368103e+02
3.772042493416996253e-03 9.713025944967154146e+02
3.815764661271247096e-03 9.799410052919602094e+02
3.859993617679764906e-03 9.886253212813302298e+02
3.904735236885557934e-03 9.973549926894702367e+02
3.949995461220641955e-03 1.006129449736918900e+03
3.995780301895267457e-03 1.014948105263793536e+03
4.042095839796303568e-03 1.023810470035889580e+03
4.088948226294858955e-03 1.032716197515652539e+03
4.136343684063272831e-03 1.041664941262572484e+03
4.184288507901578850e-03 1.050656344073747277e+03
4.232789065573546415e-03 1.059690037904925703e+03
4.281851798652410411e-03 1.068765643793104346e+03
4.331483223376396928e-03 1.077882771780774874e+03
4.381689931514188077e-03 1.087041020841845466e+03
4.432478591240393562e-03 1.096239873242009480e+03
4.483855948021185124e-03 1.105477975626926764e+03
4.535828825510184945e-03 1.114753547334874384e+03
4.588404126454754574e-03 1.124064749877525855e+03
4.641588833612774606e-03 1.133409688535677105e+03
4.695390010680057340e-03 1.142786411905578689e+03
4.749814803228498243e-03 1.152192911477967300e+03
4.804870439655126689e-03 1.161627121251247672e+03
4.860564232142133151e-03 1.171086920135522178e+03
4.916903577628024651e-03 1.180570860197115735e+03
4.973895958790060245e-03 1.190079180112203176e+03
5.031548945038048955e-03 1.199612386065114151e+03
5.089870193519678392e-03 1.209171012587652513e+03
5.148867450137491197e-03 1.218755622840073784e+03
5.208548550577657595e-03 1.228366808893610823e+03
5.268921421350668960e-03 1.238005192014763225e+03
5.329994080844086858e-03 1.247671422951846807e+03
5.391774640387498457e-03 1.257366087636216207e+03
5.454271305329828380e-03 1.267088257867560287e+03
5.517492376129119747e-03 1.276835727620126363e+03
5.581446249454959617e-03 1.286606195825080022e+03
5.646141419303662458e-03 1.296397301417578319e+03
5.711586478126426739e-03 1.306206623090420635e+03
5.777790117970500218e-03 1.316031679090772514e+03
5.844761131633627142e-03 1.325869927061442695e+03
5.912508413831872763e-03 1.335718763928489807e+03
5.981040962380937930e-03 1.345575742827367094e+03
6.050367879391214433e-03 1.355439297513316887e+03
6.120498372476694711e-03 1.365308086380799978e+03
6.191441755977841743e-03 1.375180748040573690e+03
6.263207452198682815e-03 1.385055901433888494e+03
6.335804992658246836e-03 1.394932145959221998e+03
6.409244019356445839e-03 1.404808061609176093e+03
6.483534286054717238e-03 1.414682209117550656e+03
6.558685659571428586e-03 1.424553125808957248e+03
6.634708121092339726e-03 1.434419132904420621e+03
6.711611767496278476e-03 1.444278251699318389e+03
6.789406812696106158e-03 1.454128451400799804e+03
6.868103588995296514e-03 1.463967669286720366e+03
6.947712548460231209e-03 1.473793810966496267e+03
7.028244264308346374e-03 1.483604750665784877e+03
7.109709432312428558e-03 1.493398331535587204e+03
7.192118872221184116e-03 1.503172365985857823e+03
7.275483529196219955e-03 1.512924635613805549e+03
7.359814475265760887e-03 1.522652888494593071e+03
7.445122910795134823e-03 1.532354841298854581e+03
7.531420165974363201e-03 1.542028181390302052e+03
7.618717702322989373e-03 1.551670567300149742e+03
7.707027114212296713e-03 1.561279629217429147e+03
7.796360130405225256e-03 1.570852969506219779e+03
7.886728615614147300e-03 1.580388163250315074e+03
7.978144572076614760e-03 1.589882758693706592e+03
8.070620141149495441e-03 1.599334234224801094e+03
8.164167604921463567e-03 1.608739934382894489e+03
8.258799387844257406e-03 1.618097159215309375e+03
8.354528058382861000e-03 1.627403180791172190e+03
8.451366330684714073e-03 1.636655243973731558e+03
8.549327066268371661e-03 1.645850567226899557e+03
8.648423275731715806e-03 1.654986343456269424e+03
8.748668120479906676e-03 1.664059740884938037e+03
8.850074914473426979e-03 1.673067898776646416e+03
8.952657125996391421e-03 1.682007843605989592e+03
9.056428379445279064e-03 1.690876501837226670e+03
9.161402457138508384e-03 1.699670773161431498e+03
9.267593301146874116e-03 1.708387533973744212e+03
9.375015015145274355e-03 1.717023638546183065e+03
9.483681866285915280e-03 1.725575920241862377e+03
9.593608287093137454e-03 1.734041192770234147e+03
9.704808877380292215e-03 1.742416251483676206e+03
9.817298406188829443e-03 1.750697838568844645e+03
9.931091813749784100e-03 1.758882517191088027e+03
1.004620421346811773e-02 1.766966786889320474e+03
1.016265089392994099e-02 1.774947130081945261e+03
1.028044732093308204e-02 1.782820013721731584e+03
1.039960913954119000e-02 1.790581890997776782e+03
1.052015217616157974e-02 1.798229203086299094e+03
1.064209244064722934e-02 1.805758380949699813e+03
1.076544612842314681e-02 1.813165845382086900e+03
1.089022962263729542e-02 1.820447919877063896e+03
1.101645949633655273e-02 1.827600790032849318e+03
1.114415251466786827e-02 1.834620625132414489e+03
1.127332563710485222e-02 1.841503590546728446e+03
1.140399601970031561e-02 1.848245849997925689e+03
1.153618101736477233e-02 1.854843567875514054e+03
1.166989818617145645e-02 1.861292911604313076e+03
1.180516528568804208e-02 1.867590054063243997e+03
1.194200028133531391e-02 1.873731151552329720e+03
1.208042134677327073e-02 1.879712160845329890e+03
1.222044686631487166e-02 1.885528942341306447e+03
1.236209543736768203e-02 1.891177367265825978e+03
1.250538587290389754e-02 1.896653321460351208e+03
1.265033720395902610e-02 1.901952708407665341e+03
1.279696868215939552e-02 1.907071452311468875e+03
1.294529978227914289e-02 1.912005501228080220e+03
1.309535020482666470e-02 1.916750830064645015e+03
1.324713987866115404e-02 1.921303366078378076e+03
1.340068896363949026e-02 1.925658870319043672e+03
1.355601785329367710e-02 1.929813107028348668e+03
1.371314717753943473e-02 1.933761878354560622e+03
1.387209780541619544e-02 1.937501028087893928e+03
1.403289084785870784e-02 1.941026445442423665e+03
1.419554766050099524e-02 1.944334068880903260e+03
1.436008984651259215e-02 1.947419889979186564e+03
1.452653925946778904e-02 1.950279948074277172e+03
1.469491800624815429e-02 1.952910173028794361e+03
1.486524844997855720e-02 1.955306408994695175e+03
1.503755321299736145e-02 1.957464562602961223e+03
1.521185517986103040e-02 1.959380612448814190e+03
1.538817750038344936e-02 1.961050613539205870e+03
1.556654359271059974e-02 1.962470701762657654e+03
1.574697714643085236e-02 1.963637098376611675e+03
1.592950212572120244e-02 1.964546114506421645e+03
1.611414277253018015e-02 1.965194122227814205e+03
1.630092360979739502e-02 1.965577435588412072e+03
1.648986944471062324e-02 1.965692426013795966e+03
1.668100537200057146e-02 1.965535573051090523e+03
1.687435677727374198e-02 1.965103469179189005e+03
1.706994934038405520e-02 1.964392824596056016e+03
1.726780903884354151e-02 1.963400471982128693e+03
1.746796215127244256e-02 1.962123371232447198e+03
1.767043526088944369e-02 1.960558613689472850e+03
1.787525525904233581e-02 1.958703401599594372e+03
1.808244934877948837e-02 1.956555039843711029e+03
1.829204504846291754e-02 1.954110976137461194e+03
1.850407019542300510e-02 1.951368808806356128e+03
1.871855294965576663e-02 1.948326291277348901e+03
1.893552179756293266e-02 1.944981336486698638e+03
1.915500555573526609e-02 1.941332021195888956e+03
1.937703337477986176e-02 1.937376590207325989e+03
1.960163474319183419e-02 1.933113479727603590e+03
1.982883949127068474e-02 1.928541474427261164e+03
2.005867779508231641e-02 1.923659627912440101e+03
2.029118018046676200e-02 1.918467175093560172e+03
2.052637752709248961e-02 1.912963534487356583e+03
2.076430107255772262e-02 1.907148311195770475e+03
2.100498241653913495e-02 1.901021299726351799e+03
2.124845352498879944e-02 1.894582486646886991e+03
2.149474673437978475e-02 1.887832053429036250e+03
2.174389475600078253e-02 1.880770580497738820e+03
2.199593068030071888e-02 1.873399380385029644e+03
2.225088798128367282e-02 1.865720042177222695e+03
2.250880052095458397e-02 1.857734342550886822e+03
2.276970255381677299e-02 1.849444245950781351e+03
2.303362873142129202e-02 1.840851904574147284e+03
2.330061410696921201e-02 1.831959658158707043e+03
2.357069413996725274e-02 1.822770033572034208e+03
2.384390470093718586e-02 1.813285786752143622e+03
2.412028207618003781e-02 1.803510690512450992e+03
2.439986297259547771e-02 1.793449438965026275e+03
2.468268452255688306e-02 1.783106898943059605e+03
2.496878428884323833e-02 1.772488077771330381e+03
2.525820026962782502e-02 1.761598119161234763e+03
2.555097090352503181e-02 1.750442298986220521e+03
2.584713507469561106e-02 1.739026020942706737e+03
2.614673211801089858e-02 1.727354812101364814e+03
2.644980182427715890e-02 1.715434676488319383e+03
2.675638444552042375e-02 1.703273470296110872e+03
2.706652070033239293e-02 1.690879630007627838e+03
2.738025177927854228e-02 1.678261616588074503e+03
2.769761935036888292e-02 1.665427907110225760e+03
2.801866556459190957e-02 1.652386986675281605e+03
2.834343306151305975e-02 1.639147340493574575e+03
2.867196497493766996e-02 1.625717446132714713e+03
2.900430493863987227e-02 1.612105789454017440e+03
2.934049709215783702e-02 1.598322283038210117e+03
2.968058608665600367e-02 1.584379016099027922e+03
3.002461709085545161e-02 1.570288103792391212e+03
3.037263579703308389e-02 1.556061474059667489e+03
3.072468842709001266e-02 1.541710858080025446e+03
3.108082173869059980e-02 1.527247781411876076e+03
3.144108303147261779e-02 1.512683555814675174e+03
3.180552015332915178e-02 1.498029271741212597e+03
3.217418150676367578e-02 1.483296047413448832e+03
3.254711605531845214e-02 1.468497153454083673e+03
3.292437333007763867e-02 1.453646820352779287e+03
3.330600343624585263e-02 1.438758885574631222e+03
3.369205705980264642e-02 1.423846774551693443e+03
3.408258547423447665e-02 1.408923496911020720e+03
3.447764054734461098e-02 1.394001643845279887e+03
3.487727474814172890e-02 1.379093386575807926e+03
3.528154115380878475e-02 1.364210477715487286e+03
3.569049345675226470e-02 1.349365665548830975e+03
3.610418597173332272e-02 1.334575117557900057e+03
3.652267364308171838e-02 1.319855017511270262e+03
3.694601205199299354e-02 1.305220876063785909e+03
3.737425742391059513e-02 1.290687539316524862e+03
3.780746663599345719e-02 1.276269199124003080e+03
3.824569722466996530e-02 1.261979405018775424e+03
3.868900739327971183e-02 1.247831077626679189e+03
3.913745601980380545e-02 1.233836418115126207e+03
3.959110266468453265e-02 1.220004840864514790e+03
4.005000757873606460e-02 1.206343218807881385e+03
4.051423171114643812e-02 1.192857972757677317e+03
4.098383671757255958e-02 1.179555168101672280e+03
4.145888496832907111e-02 1.166440527103578233e+03
4.193943955667183560e-02 1.153519441446145720e+03
4.242556430717771970e-02 1.140796984979869421e+03
4.291732378422153521e-02 1.128277926642790817e+03
4.341478330055086043e-02 1.115968301955531160e+03
4.391800892596080946e-02 1.103881740606731455e+03
4.442706749606879085e-02 1.092033722999369047e+03
4.494202662119135827e-02 1.080438985800989713e+03
4.546295469532394412e-02 1.069111561669637467e+03
4.598992090522435044e-02 1.058064821947074961e+03
4.652299523960182898e-02 1.047311520935091721e+03
4.706224849841277036e-02 1.036863841603242690e+03
4.760775230226364785e-02 1.026732103640122887e+03
4.815957910192344982e-02 1.016909555933468141e+03
4.871780218794626721e-02 1.007378442129636710e+03
4.928249570040506289e-02 9.981214385639542570e+02
4.985373463873887800e-02 9.891218396769479568e+02
5.043159487171355176e-02 9.803635230779347012e+02
5.101615314749827212e-02 9.718309172134875098e+02
5.160748710385902605e-02 9.635089725205183413e+02
5.220567527846971256e-02 9.553846619337399488e+02
5.281079711934324322e-02 9.474499394255050220e+02
5.342293299538347640e-02 9.396978541734684995e+02
5.404216420705911655e-02 9.321216641746855203e+02
5.466857299720174340e-02 9.247148274204973859e+02
5.530224256192894927e-02 9.174709934996354832e+02
5.594325706169369500e-02 9.103839832785602084e+02
5.659170163246236840e-02 9.034423443105783917e+02
5.724766239702173964e-02 8.966210596635168031e+02
5.791122647641750582e-02 8.898936616432491746e+02
5.858248200152529894e-02 8.832344541031119434e+02
5.926151812475548286e-02 8.766184897989384126e+02
5.994842503189401484e-02 8.700215549455373321e+02
6.064329395408056544e-02 8.634200936715758417e+02
6.134621717992497919e-02 8.567906342760929874e+02
6.205728806776493467e-02 8.501100983514638756e+02
6.277660105806494306e-02 8.433561741982779267e+02
6.350425168595953684e-02 8.365073374281680572e+02
6.424033659394184914e-02 8.295428731552058252e+02
6.498495354469883967e-02 8.224426001598912990e+02
6.573820143409576933e-02 8.151844476064153469e+02
6.650018030431112392e-02 8.077458822224281221e+02
6.727099135712333311e-02 8.001054777231630624e+02
6.805073696735199074e-02 7.922429858653534893e+02
6.883952069645490890e-02 7.841394000420194743e+02
6.963744730628212976e-02 7.757786507216953851e+02
7.044462277299029518e-02 7.671503292975588693e+02
7.126115430111740201e-02 7.582459075074293651e+02
7.208715033782125969e-02 7.490580297570738821e+02
7.292272058728306583e-02 7.395805570362634853e+02
7.376797602527726538e-02 7.298099747456734576e+02
7.462302891391099646e-02 7.197519215674650468e+02
7.548799281653424675e-02 7.094156846088653765e+02
7.636298261282230271e-02 6.988111775570039299e+02
7.724811451403391926e-02 6.879489183875291474e+02
7.814350607844536278e-02 6.768421024560522028e+02
7.904927622696410194e-02 6.655150603887304896e+02
7.996554525892338172e-02 6.539951836110670911e+02
8.089243486805931804e-02 6.423092034614024897e+02
8.183006815867380213e-02 6.304831489771088400e+02
8.277856966198465782e-02 6.185464568481148717e+02
8.373806535266484219e-02 6.065360538085502640e+02
8.470868266557393667e-02 5.944880338417046914e+02
8.569055051268339995e-02 5.824364573585243079e+02
8.668379930019762258e-02 5.704144217373745960e+02
8.768856094587416938e-02 5.584615862948478480e+02
8.870496889654395922e-02 5.466188811891422574e+02
8.973315814583508743e-02 5.349240714105936831e+02
9.077326525210215047e-02 5.234121864725555042e+02
9.182542835656276603e-02 5.121223974350371009e+02
9.288978720164486891e-02 5.010967315511389870e+02
9.396648314954682280e-02 4.903735538196756920e+02
9.505565920101186062e-02 4.799875700926023114e+02
9.615746001432085022e-02 4.699700781277045962e+02
9.727203192450530056e-02 4.603488552799796025e+02
9.839952296278213495e-02 4.511485768018429212e+02
9.954008287621508855e-02 4.423915188352900145e+02
1.006938631476026330e-01 4.340978967223871905e+02
1.018610170155973965e-01 4.262833769941669289e+02
1.030416994950586612e-01 4.189451385108976069e+02
1.042360673976400476e-01 4.120740544202701585e+02
1.054442793526167294e-01 4.056617371364748692e+02
1.066664958279537889e-01 3.997002459761129103e+02
1.079028791516182112e-01 3.941686595275721743e+02
1.091535935331389984e-01 3.890294219476325566e+02
1.104188050854159470e-01 3.842460823379780095e+02
1.116986818467821246e-01 3.797843283100143594e+02
1.129933938033220592e-01 3.756064523386110636e+02
1.143031129114477906e-01 3.716629274383087704e+02
1.156280131207374218e-01 3.679042680369224740e+02
1.169682703970383736e-01 3.642830629812121970e+02
1.183240627458377325e-01 3.607516834961822383e+02
1.196955702359041446e-01 3.572580786059407387e+02
1.210829750232038649e-01 3.537510235445991498e+02
1.224864613750929060e-01 3.501813070023472392e+02
1.239062156947914467e-01 3.465019858853931964e+02
1.253424265461398623e-01 3.426687054350770723e+02
1.267952846786432330e-01 3.386394923587747030e+02
1.282649830528058976e-01 3.343753610305955135e+02
1.297517168657586206e-01 3.298488146046670977e+02
1.312556835771841179e-01 3.250429470740486977e+02
1.327770829355428006e-01 3.199435055757055011e+02
1.343161170046014707e-01 3.145433957527793041e+02
1.358729901902707704e-01 3.088574986681294945e+02
1.374479092677535763e-01 3.029068146783371844e+02
1.390410834090068104e-01 2.967135885803212432e+02
1.406527242105235220e-01 2.903138826486125481e+02
1.422830457214351030e-01 2.837538552984672151e+02
1.439322644719404909e-01 2.770777299392874511e+02
1.456005995020647481e-01 2.703339515584198693e+02
1.472882723907500968e-01 2.635793573038718023e+02
1.489955072852852114e-01 2.568672570871104881e+02
1.507225309310754602e-01 2.502503258176274414e+02
1.524695727017571223e-01 2.437875366754905997e+02
1.542368646296626011e-01 2.375336988671018901e+02
1.560246414366366907e-01 2.315382821994280107e+02
1.578331405652114716e-01 2.258470878190866244e+02
1.596626022101423625e-01 2.205013346520608764e+02
1.615132693503088801e-01 2.155316190516176675e+02
1.633853877809858524e-01 2.109481403786403746e+02
1.652792061464892492e-01 2.067572304162740977e+02
1.671949759731987672e-01 2.029515196627082503e+02
1.691329517029645513e-01 1.995002579249309917e+02
1.710933907269012455e-01 1.963722208433929666e+02
1.730765534195721767e-01 1.935255717054352829e+02
1.750827031735721628e-01 1.909087603594519180e+02
1.771121064345085594e-01 1.884718530834681189e+02
1.791650327363897566e-01 1.861610690796007361e+02
1.812417547374234328e-01 1.839226693861001252e+02
1.833425482562288100e-01 1.817038539707411928e+02
1.854676923084695728e-01 1.794511609676189323e+02
1.876174691439118081e-01 1.771137437726483768e+02
1.897921642839097145e-01 1.746464517301006083e+02
1.919920665593281006e-01 1.720087692690755716e+02
1.942174681489023391e-01 1.691717849804772413e+02
1.964686646180442142e-01 1.661246208396559041e+02
1.987459549580979923e-01 1.628644839201292598e+02
2.010496416260496022e-01 1.594134821529909232e+02
2.033800305846977796e-01 1.558022705915507515e+02
2.057374313432909774e-01 1.520738644949103389e+02
2.081221569986336506e-01 1.482795063481898694e+02
2.105345242766701597e-01 1.444709616146897702e+02
2.129748535745517590e-01 1.407020145884884528e+02
2.154434690031879762e-01 1.370223165215461449e+02
2.179406984302951489e-01 1.334778030357405783e+02
2.204668735239406208e-01 1.301085210463269561e+02
2.230223297965933937e-01 1.269449640937493768e+02
2.256074066496857322e-01 1.240107334443920024e+02
2.282224474186894947e-01 1.213139664633736743e+02
2.308677994187165183e-01 1.188550236320045315e+02
2.335438139906475252e-01 1.166181442399145567e+02
2.362508465477944353e-01 1.145803356326065057e+02
2.389892566231045512e-01 1.127064611049486018e+02
2.417594079169126942e-01 1.109565966771389469e+02
2.445616683452441209e-01 1.092839562438710743e+02
2.473964100886809347e-01 1.076408364629392906e+02
2.502640096417915183e-01 1.059805435078325075e+02
2.531648478631349786e-01 1.042617700992071832e+02
2.560993100258455168e-01 1.024547746240883583e+02
2.590677858688005264e-01 1.005416608600864521e+02
2.620706696483847131e-01 9.852083929511370286e+01
2.651083601908534870e-01 9.640282852424965654e+01
2.681812609453009255e-01 9.420887290891110410e+01
2.712897800372461865e-01 9.196715967269337000e+01
2.744343303228360953e-01 8.970940780553141281e+01
2.776153294436795038e-01 8.747043172490080565e+01
2.808331998823167530e-01 8.528476196557302558e+01
2.840883690183299559e-01 8.318570432171799212e+01
2.873812691851060364e-01 8.119981022683465710e+01
2.907123377272573528e-01 7.934538246997620092e+01
2.940820170587059579e-01 7.762722196119183593e+01
2.974907547214434844e-01 7.603903252889431030e+01
3.009390034449713203e-01 7.456449663559256180e+01
3.044272212064296212e-01 7.318045579953681568e+01
3.079558712914221008e-01 7.186043936985666392e+01
3.115254223555483648e-01 7.057611604712393216e+01
3.151363484866475662e-01 6.929954034562585719e+01
3.187891292677637600e-01 6.800621592905594071e+01
3.224842498408434510e-01 6.667795054508289354e+01
3.262222009711663318e-01 6.530694685497491037e+01
3.300034791125279754e-01 6.389553591421806544e+01
3.338285864731757036e-01 6.245503117897743550e+01
3.376980310825088427e-01 6.100293080141492652e+01
3.416123268585519734e-01 5.955946849049355052e+01
3.455719936762132183e-01 5.814540413942670227e+01
3.495775574363269023e-01 5.677991606905987965e+01
3.536295501355037896e-01 5.547753753949088207e+01
3.577285099367869536e-01 5.424566221772477803e+01
3.618749812411271027e-01 5.308378546140103538e+01
3.660695147596894072e-01 5.198435715201252805e+01
3.703126675869919948e-01 5.093548889517352052e+01
3.746050032748987069e-01 4.992327800835708018e+01
3.789470919074662825e-01 4.893294372475009624e+01
3.833395101766597923e-01 4.795001944393266058e+01
3.877828414589447603e-01 4.696254063231035047e+01
3.922776758927711827e-01 4.596440140874905467e+01
3.968246104569475019e-01 4.495724670842699311e+01
4.014242490499316252e-01 4.394894022047052573e+01
4.060772025700360999e-01 4.294975343222220943e+01
4.107840889965636011e-01 4.196919909207600341e+01
4.155455334718866078e-01 4.101529201288038706e+01
4.203621683844705470e-01 4.009502653021296226e+01
4.252346334528675498e-01 3.921328645107177380e+01
4.301635758106789886e-01 3.836984746664153079e+01
4.351496500925045585e-01 3.755863451682860443e+01
4.401935185208863954e-01 3.677103415156020816e+01
4.452958509942646081e-01 3.599999499884138743e+01
4.504573251759450558e-01 3.524051862408461488e+01
4.556786265841057948e-01 3.448792037721215564e+01
4.609604486828429160e-01 3.373869472828673111e+01
4.663034929742719270e-01 3.299370621973801576e+01
4.717084690917007217e-01 3.225836886759147148e+01
4.771760948938736924e-01 3.153839516234020479e+01
4.827070965603176278e-01 3.083682701215314736e+01
4.883022086877874535e-01 3.015549407392566650e+01
4.939621743878316318e-01 2.949624096418911989e+01
4.996877453854872697e-01 2.885865379487612259e+01
5.054796821191230860e-01 2.823886836556534519e+01
5.113387538414317923e-01 2.763254923728294798e+01
5.172657387216013092e-01 2.703747528970075820e+01
5.232614239486657048e-01 2.645213078184473332e+01
5.293266058360548421e-01 2.587480474708089773e+01
5.354620899273596635e-01 2.530582542711253069e+01
5.416686911033142815e-01 2.474801818166837819e+01
5.479472336900278462e-01 2.420352904228943558e+01
5.542985515684663023e-01 2.367255002567969413e+01
5.607234882852017988e-01 2.315543512379743873e+01
5.672228971644530660e-01 2.265264239829634008e+01
5.737976414214123189e-01 2.216246220883794749e+01
5.804485942768968787e-01 2.168242052742564852e+01
5.871766390733248464e-01 2.121198459022160421e+01
5.939826693920350342e-01 2.075102042611046471e+01
6.008675891719672535e-01 2.029843725055722459e+01
6.078323128297217215e-01 1.985466822837409495e+01
6.148777653810012511e-01 1.942142289648858977e+01
6.220048825634703071e-01 1.899851093148263814e+01
6.292146109610337046e-01 1.858569532717353212e+01
6.365079081295554886e-01 1.818271475797170922e+01
6.438857427240405329e-01 1.778898852963079236e+01
6.513490946272790794e-01 1.740397097707963425e+01
6.588989550799940753e-01 1.702716725220322758e+01
6.665363268124905316e-01 1.665836530269020344e+01
6.742622241778335468e-01 1.629754975032053110e+01
6.820776732865669878e-01 1.594470026091749482e+01
6.899837121430004716e-01 1.559978635549528470e+01
6.979813907830648700e-01 1.526271824592812010e+01
7.060717714137764167e-01 1.493331892704962272e+01
7.142559285543118586e-01 1.461140732353369209e+01
7.225349491787196321e-01 1.429680675795981415e+01
7.309099328602896017e-01 1.398934484166048442e+01
7.393819919175852462e-01 1.368885336832425104e+01
7.479522515621810363e-01 1.339516821028056448e+01
7.566218500481046716e-01 1.310812921740046200e+01
7.653919388230141507e-01 1.282758011854523872e+01
7.742636826811252204e-01 1.255336842549865217e+01
7.832382599179181781e-01 1.228534533931818551e+01
7.923168624866241405e-01 1.202336565904539967e+01
8.015006961565395160e-01 1.176728769271393560e+01
8.107909806731679048e-01 1.151697317102615159e+01
8.201889499202184020e-01 1.127228882030066970e+01
8.296958520834889494e-01 1.103310978684110744e+01
8.393129498166350677e-01 1.079931486880693292e+01
8.490415204088734846e-01 1.057078532140609184e+01
8.588828559546241026e-01 1.034740481687315672e+01
8.688382635251177266e-01 1.012905940470226795e+01
8.789090653419935339e-01 9.915637472150971021e+00
8.890965989529141522e-01 9.707029705030508993e+00
8.994022174092030086e-01 9.503129048797239520e+00
9.098272894455547988e-01 9.303830669958820465e+00
9.203731996618214062e-01 9.109031917807701717e+00
9.310413487069052474e-01 8.918632286494819539e+00
9.418331534647932379e-01 8.732533377452966761e+00
9.527500472427273825e-01 8.550638862182450950e+00
9.637934799615772707e-01 8.372854445406396451e+00
9.749649183484077053e-01 8.199087828606169026e+00
9.862658461312796554e-01 8.029248673944723080e+00
9.976977642363179521e-01 7.863248568584346287e+00
1.009262190987045615e+00 7.701000989407606134e+00
1.020960662306044986e+00 7.542421051349962546e+00
1.032794731918950104e+00 7.387424059687112354e+00
1.044765971560803308e+00 7.235926503359616291e+00
1.056875971184801477e+00 7.087846825017829033e+00
1.069126339173473994e+00 6.943105380689459594e+00
1.081518702552286326e+00 6.801624395860119243e+00
1.094054707205741162e+00 6.663327922506566914e+00
1.106736018095972218e+00 6.528141797065157625e+00
1.119564319483875581e+00 6.395993599315779932e+00
1.132541315152809203e+00 6.266812612165642449e+00
1.145668728634869460e+00 6.140529782313170593e+00
1.158948303439808925e+00 6.017077681776487275e+00
1.172381803286597357e+00 5.896390470268429773e+00
1.185971012337668551e+00 5.778403858401736315e+00
1.199717735435881671e+00 5.663055071707819188e+00
1.213623798344238169e+00 5.550282815452832530e+00
1.227691047988357376e+00 5.440027240235353112e+00
1.241921352701781833e+00 5.332229908349175318e+00
1.256316602474119026e+00 5.226833760896915315e+00
1.270878709202055257e+00 5.123783059358942182e+00
1.285609606943292516e+00 5.023022796025365722e+00
1.300511252173406351e+00 4.924498723946278744e+00
1.315585624045702007e+00 4.828157916556156337e+00
1.330834724654073264e+00 4.733948759305103060e+00
1.346260579298908633e+00 4.641820916080225956e+00
1.361865236756078401e+00 4.551725296505662044e+00
1.377650769549050969e+00 4.463614024097976696e+00
1.393619274224140003e+00 4.377440405254414024e+00
1.409772871628964586e+00 4.293158899051585209e+00
1.426113707194127000e+00 4.210725087833413482e+00
1.442643951218154141e+00 4.130095648567229993e+00
1.459365799155753374e+00 4.051228324947758530e+00
1.476281471909387077e+00 3.974081900228995323e+00
1.493393216124249800e+00 3.898616170765172306e+00
1.510703304486652465e+00 3.824791920241314092e+00
1.528214036025868250e+00 3.752570894575714355e+00
1.545927736419473675e+00 3.681915777476322482e+00
1.563846758302243289e+00 3.612790166633617073e+00
1.581973481578597518e+00 3.545158548327976167e+00
1.600310313738698254e+00 3.478985914766694165e+00
1.618859690178196420e+00 3.414237379969981223e+00
1.637624074521683681e+00 3.350878870513195107e+00
1.656605958949910251e+00 3.288877200912474930e+00
1.675807864530764357e+00 3.228200048753548490e+00
1.695232341554117506e+00 3.168815930562265848e+00
1.714881969870537537e+00 3.110694178393426768e+00
1.734759359233926546e+00 3.053804917115407136e+00
1.754867149648146718e+00 2.998119042368563747e+00
1.775208011717630985e+00 2.943608199176430684e+00
1.795784647002092393e+00 2.890244761189145528e+00
1.816599788375324875e+00 2.838001810539390046e+00
1.837656200388168903e+00 2.786853118291912956e+00
1.858956679635682452e+00 2.736773125467580225e+00
1.880504055128578100e+00 2.687736924624829271e+00
1.902301188668940934e+00 2.639720241980689774e+00
1.924350975230327832e+00 2.592699420054708437e+00
1.946656343342259454e+00 2.546651400819876176e+00
1.969220255479166903e+00 2.501553709344563892e+00
1.992045708453865194e+00 2.457384330687529150e+00
2.015135733815553110e+00 2.414121299787761910e+00
2.038493398252459343e+00 2.371743080221772715e+00
2.062121803999140468e+00 2.330228709136512588e+00
2.086024089248501578e+00 2.289557780533016285e+00
2.110203428568589779e+00 2.249710429045931992e+00
2.134663033324239123e+00 2.210667314234899816e+00
2.159406152103561904e+00 2.172409605370376084e+00
2.184436071149423508e+00 2.134918966697048948e+00
2.209756114795899062e+00 2.098177543158917135e+00
2.235369645909789149e+00 2.062167946570534038e+00
2.261280066337272743e+00 2.026873242219314530e+00
2.287490817355697814e+00 1.992276935884651268e+00
2.314005380130648604e+00 1.958362961259883850e+00
2.340827276178290006e+00 1.925115667763553029e+00
2.367960067833074778e+00 1.892519808727242125e+00
2.395407358720871738e+00 1.860560529947422159e+00
2.423172794237594019e+00 1.829223358589117332e+00
2.451260062033334020e+00 1.798494192430072358e+00
2.479672892502154724e+00 1.768359268227809533e+00
2.508415059277536496e+00 1.738804920501201057e+00
2.537490379733563284e+00 1.709817675890179967e+00
2.566902715491944598e+00 1.681384417294261358e+00
2.596655972934865719e+00 1.653492376472618597e+00
2.626754103723832223e+00 1.626129123798387699e+00
2.657201105324501267e+00 1.599282558342012939e+00
2.688001021537603119e+00 1.572940898272192634e+00
2.719157943036010661e+00 1.547092671563451649e+00
2.750676007908059884e+00 1.521726706999583900e+00
2.782559402207119170e+00 1.496832125463012808e+00
2.814812360507575661e+00 1.472398331499993329e+00
2.847439166467243155e+00 1.448415005152373203e+00
2.880444153396288787e+00 1.424872094046671922e+00
2.913831704832780201e+00 1.401759805731746855e+00
2.947606255124850971e+00 1.379068600256594612e+00
2.981772290019666816e+00 1.356789182980081554e+00
3.016334347259191695e+00 1.334912497604767045e+00
3.051297017182866167e+00 1.313429719427270159e+00
3.086664943337265488e+00 1.292332247039953197e+00
3.122442823092849373e+00 1.271611617745451062e+00
3.158635408267811417e+00 1.251259476245872193e+00
3.195247505759207129e+00 1.231267677812118322e+00
3.232283978181375250e+00 1.211628290607408953e+00
3.269749744511758038e+00 1.192333589559519291e+00
3.307649780744232881e+00 1.173376050426803596e+00
3.345989120549966334e+00 1.154748344051147457e+00
3.384772855945975767e+00 1.136443330791474304e+00
3.424006137971419506e+00 1.118454055131577807e+00
3.463694177371722915e+00 1.100773740456426841e+00
3.503842245290665680e+00 1.083395783990945827e+00
3.544455673970426268e+00 1.066313751895967998e+00
3.585539857459808299e+00 1.049521374515896666e+00
3.627100252330640817e+00 1.033012541772892368e+00
3.669142378402487914e+00 1.016781298702766456e+00
3.711671819475755196e+00 1.000821841127629730e+00
3.754694224073326314e+00 9.851285114608034910e-01
3.798215306190726892e+00 9.696957946395571293e-01
3.842240846055053005e+00 9.545183141735540389e-01
3.886776690892660646e+00 9.395908144107387727e-01
3.931828755705757406e+00 9.249081295499763655e-01
3.977403024058025149e+00 9.104652167804793139e-01
4.023505548869283466e+00 8.962571610669681776e-01
4.070142453219429690e+00 8.822791716090309100e-01
4.117319931161670610e+00 8.685265784076519058e-01
4.165044248545179073e+00 8.549948289352813369e-01
4.213321743847276757e+00 8.416794849059467953e-01
4.262158829015312733e+00 8.285762191420661393e-01
4.311561990318218740e+00 8.156808125347930760e-01
4.361537789207996951e+00 8.029891510947144706e-01
4.412092863191181991e+00 7.904972230899799390e-01
4.463233926710382882e+00 7.782011162688848849e-01
4.514967772036088789e+00 7.660970151642146897e-01
4.567301270168734995e+00 7.541811984766149113e-01
4.620241371751302673e+00 7.424500365343449371e-01
4.673795107992455122e+00 7.308999888270533152e-01
4.727969591600383659e+00 7.195276016110071504e-01
4.782772017727470626e+00 7.083295055835359122e-01
4.838209664925944509e+00 6.973024140300357887e-01
4.894289896114520033e+00 6.864431230927489080e-01
4.951020159556341227e+00 6.757485078216605157e-01
5.008407989848203457e+00 6.652155187840311790e-01
5.066461008921252507e+00 6.548411800573334940e-01
5.125186927053318797e+00 6.446225872843857063e-01
5.184593543892900058e+00 6.345569057831182969e-01
5.244688749495107771e+00 6.246413687092825517e-01
5.305480525369564937e+00 6.148732752704063609e-01
5.366976945540468336e+00 6.052499889893663276e-01
5.429186177618927189e+00 5.957689360160165482e-01
5.492116483887774514e+00 5.864276034853943553e-01
5.555776222398865372e+00 5.772235379210078898e-01
5.620173848083176438e+00 5.681543436818070614e-01
5.685317913873744189e+00 5.592176814514991934e-01
5.751217071841596251e+00 5.504112667688659810e-01
5.817880074344919272e+00 5.417328685978384240e-01
5.885315775191436671e+00 5.331803079360891706e-01
5.953533130814357754e+00 5.247514564609830900e-01
6.022541201461917737e+00 5.164442361186962760e-01
6.092349152400691636e+00 5.082566353102503376e-01
6.162966255132924509e+00 5.001867051040620460e-01
6.234401888627847832e+00 4.922325405677051013e-01
6.306665540567391481e+00 4.843922789718128064e-01
6.379766808606270878e+00 4.766640987176359312e-01
6.453715401646691774e+00 4.690462182921298351e-01
6.528521141127827221e+00 4.615368952498121180e-01
6.604193962330286993e+00 4.541344252205715137e-01
6.680743915695598112e+00 4.468371409427430718e-01
6.758181168161097041e+00 4.396434113206801331e-01
6.836516004510227340e+00 4.325516405061624603e-01
6.915758828738503894e+00 4.255602670029309809e-01
6.995920165435354221e+00 4.186677627937330781e-01
7.077010661181871498e+00 4.118726324892261204e-01
7.159041085964872764e+00 4.051734124981375418e-01
7.242022334607302270e+00 3.985686702181027163e-01
7.325965428215218900e+00 3.920570032465689470e-01
7.410881515641548845e+00 3.856370386112845106e-01
7.496781874966857551e+00 3.793074321473283161e-01
7.583677914997172920e+00 3.730668842946647801e-01
7.671581176779286970e+00 3.669141542696714442e-01
7.760503335133557279e+00 3.608480284021017281e-01
7.850456200204484425e+00 3.548673155132507362e-01
7.941451719029317680e+00 3.489708463725822996e-01
8.033501977124714699e+00 3.431574731671971357e-01
8.126619200091928619e+00 3.374260689838335936e-01
8.220815755240526101e+00 3.317755273031107732e-01
8.316104153230948981e+00 3.262047615056984373e-01
8.412497049736094468e+00 3.207127043901615848e-01
8.510007247122224783e+00 3.152983077021641600e-01
8.608647696149226647e+00 3.099605416748009157e-01
8.708431497690707346e+00 3.046983945797823168e-01
8.809371904473977111e+00 2.995108722891994812e-01
8.911482322840175385e+00 2.943969978476806415e-01
9.014776314524892697e+00 2.893558110546260997e-01
9.119267598459275703e+00 2.843863680563636365e-01
9.224970052592155412e+00 2.794877409479459285e-01
9.331897715733223464e+00 2.746590173844032368e-01
9.440064789417590418e+00 2.698993082913301311e-01
9.549485639791939207e+00 2.652077749012937691e-01
9.660174799522621925e+00 2.605835998789742258e-01
9.772146969725703514e+00 2.560259763352511486e-01
9.885417021919554514e+00 2.515341076145797272e-01
9.999999999999984013e+00 2.471072070880936111e-01
