# magnitude cutoff table for sg interpolation
2.300000000000000000e+01
2.308163265306122369e+01
2.316326530612244738e+01
2.324489795918367463e+01
2.332653061224489832e+01
2.340816326530612201e+01
2.348979591836734571e+01
2.357142857142857295e+01
2.365306122448979664e+01
2.373469387755102034e+01
2.381632653061224403e+01
2.389795918367346772e+01
2.397959183673469497e+01
2.406122448979591866e+01
2.414285714285714235e+01
2.422448979591836604e+01
2.430612244897959329e+01
2.438775510204081698e+01
2.446938775510204067e+01
2.455102040816326436e+01
2.463265306122448806e+01
2.471428571428571530e+01
2.479591836734693899e+01
2.487755102040816269e+01
2.495918367346938638e+01
2.504081632653061362e+01
2.512244897959183731e+01
2.520408163265306101e+01
2.528571428571428470e+01
2.536734693877551194e+01
2.544897959183673564e+01
2.553061224489795933e+01
2.561224489795918302e+01
2.569387755102040671e+01
2.577551020408163396e+01
2.585714285714285765e+01
2.593877551020408134e+01
2.602040816326530503e+01
2.610204081632652873e+01
2.618367346938775597e+01
2.626530612244897966e+01
2.634693877551020336e+01
2.642857142857142705e+01
2.651020408163265429e+01
2.659183673469387799e+01
2.667346938775510168e+01
2.675510204081632537e+01
2.683673469387755262e+01
2.691836734693877631e+01
2.700000000000000000e+01
