mstar a zstar alpha beta
23.0 8.196816100933681 0.49278415534564385 0.9428674365495153 2.3162322444699135
23.008016032064127 8.18437803927812 0.4932722949392357 0.9438065514631134 2.3121042469911344
23.016032064128257 8.172105375719793 0.493756329878866 0.9447520663506787 2.3079608530685363
23.024048096192384 8.160002561567579 0.49423613069929867 0.9457042703141362 2.3038018747509637
23.03206412825651 8.14806276698192 0.49471178921476816 0.9466628054441035 2.2996281160144987
23.04008016032064 8.136286731910282 0.49518324913288025 0.9476277461926098 2.295439718359112
23.04809619238477 8.124673212964087 0.49565049348822265 0.9485990528643259 2.291237001244259
23.0561122244489 8.113221695416954 0.49611346995572586 0.9495766536909779 2.2870196417108595
23.064128256513026 8.101928899168499 0.4965722487965119 0.9505605489452044 2.282789410209087
23.072144288577153 8.090794763765075 0.49702676642058197 0.9515506798068846 2.27854584221991
23.080160320641284 8.079818429973141 0.4974769936596523 0.9525470066255598 2.274289141810591
23.08817635270541 8.068997423250066 0.49792295500789485 0.9535494605675167 2.270019985712481
23.096192384769537 8.05833107016694 0.4983646160304532 0.9545580029967088 2.2657385087788935
23.104208416833668 8.047817799410065 0.4988019695705912 0.9555725704496778 2.261445087341337
23.112224448897795 8.037456251168615 0.49923500494152323 0.9565931114597622 2.2571400735144533
23.120240480961925 8.02724494430074 0.49966370455891385 0.9576195359253831 2.252823663017156
23.128256513026052 8.017181326339688 0.5000881113217212 0.9586518110115352 2.2484968514446293
23.13627254509018 8.007264944000427 0.5005081709747751 0.9596898507432228 2.2441594137618357
23.14428857715431 7.997493718394338 0.5009238987681005 0.96073358771449 2.2398119542447126
23.152304609218437 7.987866040211608 0.5013352919990045 0.9617829523913473 2.2354548607885407
23.160320641282564 7.978381123394104 0.5017423347069794 0.9628379322673858 2.2310884887244904
23.168336673346694 7.969037322059394 0.5021450195801822 0.9638984345319702 2.2267131212607163
23.17635270541082 7.9598266854317625 0.5025434770262186 0.9649640155652113 2.2223298222478824
23.18436873747495 7.95075596189391 0.5029375433077197 0.9660351214402759 2.2179382527928952
23.19238476953908 7.941818461403852 0.5033273379805949 0.9671114221416529 2.2135395666870568
23.200400801603205 7.93301620460866 0.5037127297276858 0.968192884520467 2.2091328295372796
23.208416833667336 7.924344677397671 0.5040938308982051 0.9692794151027181 2.2047195731549634
23.216432865731463 7.915803336316588 0.5044706058766918 0.9703709539098279 2.200299816269766
23.22444889779559 7.907387001089863 0.5048431522190614 0.9714672723115019 2.195874617068777
23.23246492985972 7.899096127775438 0.5052114153213705 0.9725683687786398 2.1914439094269205
23.240480961923847 7.8909286526758615 0.5055754101186984 0.9736741412344396 2.1870081399665757
23.248496993987978 7.882882445489194 0.5059351539236752 0.9747844832871735 2.1825677634540472
23.256513026052104 7.874955500814715 0.5062906620281861 0.9758992948663034 2.1781232161190047
23.26452905811623 7.867145555547576 0.5066419566245413 0.9770184617282894 2.173674971539968
23.272545090180362 7.859453205509325 0.5069890232535454 0.9781421133069751 2.1692235417518098
23.28056112224449 7.851870358413999 0.5073319546506839 0.9792696130435425 2.164769195278457
23.288577154308616 7.844406470528663 0.5076705266176557 0.9804015602679523 2.1603112266252857
23.296593186372746 7.837036692308895 0.5080053017194215 0.9815366305658544 2.155853205365768
23.304609218436873 7.829779908738206 0.5083358355577391 0.9826759318336082 2.151393219988806
23.312625250501004 7.822628714999549 0.5086622746502115 0.983819071806849 2.1469320960711302
23.32064128256513 7.815571198493085 0.5089848093012896 0.9849651939696574 2.1424709632967494
23.328657314629258 7.808622278001241 0.5093031343588778 0.9861153445887737 2.138008904876611
23.336673346693388 7.80176885485416 0.5096175026724759 0.9872687084762813 2.1335473403922243
23.344689378757515 7.795001102694588 0.5099281045963738 0.9884246831306391 2.129087411712134
23.352705410821642 7.788334396769144 0.5102345922687669 0.9895842452708425 2.1246278238903
23.360721442885772 7.781747324658669 0.5105374246165291 0.9907461195647331 2.1201710756382415
23.3687374749499 7.7752549289028945 0.5108362451106876 0.9919112190534021 2.1157156881823815
23.37675350701403 7.768845218431658 0.5111313067210275 0.9930788301286979 2.1112631672796267
23.384769539078157 7.762517522278431 0.5114226111080159 0.9942489398855531 2.106813784418666
23.392785571142284 7.756279022217911 0.5117099622005936 0.9954219398847752 2.1023667273798923
23.400801603206414 7.750105627187449 0.5119939221945599 0.996596476987112 2.0979251437626814
23.40881763527054 7.744007245198595 0.5122742394219966 0.9977731196163756 2.093487960258277
23.416833667334668 7.737980945764679 0.5125509677715626 0.9989517020489062 2.089055657503582
23.4248496993988 7.732023991592464 0.5128241578069571 1.000132069934045 2.0846286920446158
23.432865731462925 7.7261336679351 0.5130938608606985 1.0013140707365187 2.0802075171469037
23.440881763527052 7.720307225113186 0.5133601301324429 1.002497549516477 2.075792585969183
23.448897795591183 7.7145420199010655 0.5136230174652272 1.0036823578191543 2.071384336535619
23.45691382765531 7.70883526161225 0.5138825791308596 1.0048683378291368 2.06698321869036
23.46492985971944 7.703184148080239 0.5141388727378783 1.0060553309170057 2.062589679269813
23.472945891783567 7.697586040350545 0.5143919531561386 1.0072431880590382 2.0582041430786173
23.480961923847694 7.692038130166309 0.5146418801026856 1.0084317495219368 2.0538270474349565
23.488977955911825 7.6865473079986355 0.5148884557483242 1.0096213592030765 2.049457447866905
23.49699398797595 7.681089764079264 0.515132300948119 1.0108107646877271 2.0450987528631197
23.50501002004008 7.675674377960538 0.5153731688258449 1.0120004156398468 2.040749735421544
23.51302605210421 7.670298262803739 0.5156111250308462 1.0131901464713642 2.036410822356587
23.521042084168336 7.664958698467733 0.5158462325288902 1.0143798021876989 2.0320824198754055
23.529058116232466 7.659652715314304 0.51607856093639 1.0155692113396741 2.0277649531105233
23.537074148296593 7.6543776362186255 0.516308174129514 1.0167582208134958 2.0234588123338835
23.54509018036072 7.649130689336869 0.5165351390452732 1.0179466708232974 2.019164391818139
23.55310621242485 7.643908815104326 0.5167595307773034 1.0191343843682237 2.0148821123953957
23.561122244488978 7.638709221356083 0.5169814215442999 1.0203211995653214 2.01061243009458
23.569138276553105 7.633529706849629 0.5172008595262099 1.0215069927441833 2.0063554548500684
23.577154308617235 7.628372764300782 0.5174177997617374 1.0226919389488711 2.0021112763168345
23.585170340681362 7.623216941293962 0.5176327649384437 1.023874721642396 1.9978820996160394
23.593186372745492 7.61807354231603 0.5178454808601066 1.025056031595071 1.9936667766762677
23.60120240480962 7.612950501330655 0.5180557422961812 1.026236322502164 1.9894643976070419
23.609218436873746 7.607826759035842 0.5182641056304934 1.027414402186988 1.9852775585066786
23.617234468937877 7.6027056538140165 0.5184704832805755 1.028590443258571 1.9811058280288947
23.625250501002004 7.597584678922287 0.5186749448700073 1.0297642997150611 1.976949513261047
23.63326653306613 7.592461003857856 0.5188775701452893 1.0309358060435958 1.972808962694334
23.64128256513026 7.5873317926905814 0.5190784396279512 1.0321047957971137 1.968684516640947
23.649298597194388 7.582194424632082 0.5192776295460727 1.0332711157621126 1.9645764895397992
23.65731462925852 7.577046120093645 0.5194752208855845 1.0344346022944135 1.9604852055215995
23.665330661322646 7.571884257374005 0.519671291746632 1.035595101487799 1.9564109693206024
23.673346693386772 7.566705998415355 0.5198659265719004 1.036752445689256 1.9523541019658979
23.681362725450903 7.561508814580588 0.5200592029392175 1.0379064860061111 1.9483148887587178
23.68937875751503 7.556290022845861 0.520251203210896 1.0390570638679217 1.9442936253086396
23.697394789579157 7.551046858512909 0.5204420134210126 1.0402040154099985 1.9402906187267832
23.705410821643287 7.545777075946029 0.5206317053403988 1.0413472075865493 1.936306095713385
23.713426853707414 7.540477789052827 0.5208203704395111 1.042486468791096 1.932340373612344
23.721442885771545 7.535146535840423 0.521008088844344 1.0436216525552489 1.9283937045054773
23.72945891783567 7.529779147775946 0.5211950295933602 1.0447526064778947 1.9244669086383737
23.7374749498998 7.524378113914176 0.521381015930623 1.045879189837135 1.9205585450545066
23.74549098196393 7.518935879366409 0.5215663935442278 1.0470012398755735 1.9166705603278182
23.753507014028056 7.5134518649926525 0.5217511540553881 1.0481186255392618 1.91280260843361
23.761523046092183 7.507923526680319 0.5219353843064899 1.049231193064498 1.908954932767317
23.769539078156313 7.502348427214864 0.5221191697154834 1.0503387957282793 1.9051277670479458
23.77755511022044 7.496724477664995 0.5223025860808996 1.0514413069220017 1.9013212915062478
23.785571142284567 7.4910491214119945 0.5224857241458262 1.0525385716570168 1.897535751140855
23.793587174348698 7.485320217181532 0.5226686634119896 1.05363045969525 1.8937713322596654
23.801603206412825 7.479535482271666 0.5228514881163275 1.054716831492742 1.8900282343049624
23.809619238476955 7.473692699469525 0.5230342817747247 1.0557975514762554 1.8863066486736937
23.817635270541082 7.467789768328933 0.5232171253645725 1.0568724903569762 1.8826067502933648
23.82565130260521 7.461824515949655 0.5234001027979642 1.057941514214489 1.878928719814785
23.83366733466934 7.455794880063988 0.5235832956849144 1.0590044952584639 1.875272722864882
23.841683366733466 7.449698805413571 0.5237667866245073 1.0600613059668245 1.8716389258848407
23.849699398797597 7.443534363564474 0.5239506543730028 1.061111825196159 1.868027466834476
23.857715430861724 7.43729956808683 0.5241349815154733 1.0621559289789657 1.8644385043219995
23.86573146292585 7.430992467910758 0.5243198497676073 1.0631934941392356 1.8608721821747458
23.87374749498998 7.424611197431646 0.5245053391529516 1.0642244022498595 1.8573286331396255
23.881763527054108 7.41815396570258 0.5246915285786731 1.065248539234005 1.8538079823034295
23.889779559118235 7.411619021937779 0.5248784965309706 1.06626579280249 1.850310348310918
23.897795591182366 7.405004606510108 0.5250663224678611 1.067276049511807 1.8468358485554677
23.905811623246493 7.398309030889007 0.5252550845737063 1.0682791996197016 1.843384591643021
23.91382765531062 7.391530660134715 0.5254448602835624 1.069275136177401 1.8399566792957975
23.92184368737475 7.384667939647607 0.525635725462499 1.0702637565681299 1.8365522036212183
23.929859719438877 7.377719264528197 0.5258277583574856 1.0712449545196017 1.8331712633009054
23.937875751503007 7.3706832902086585 0.5260210295496652 1.0722186388092025 1.8298139189762797
23.945891783567134 7.363558451164103 0.5262156180468448 1.07318470463624 1.826480268064162
23.95390781563126 7.356368792872091 0.5264107762709657 1.0741443569516251 1.82316752221964
23.96192384769539 7.349036855035158 0.5266090358976908 1.0750936143263647 1.819884297818014
23.96993987975952 7.341637413950429 0.5268080123865116 1.076036272158153 1.8166221079729752
23.977955911823646 7.334144002925136 0.5270085928070383 1.0769709557342233 1.8133838441136199
23.985971943887776 7.326555400306169 0.5272108483913355 1.0778975776251984 1.810169553592618
23.993987975951903 7.318864216971953 0.5274150461875068 1.078815705875731 1.8069800230803694
24.002004008016034 7.3110809613369545 0.5276208899218231 1.0797259051666475 1.8038139037022736
24.01002004008016 7.303199082121482 0.5278286214645643 1.0806277915005673 1.8006718876200183
24.018036072144287 7.295217664371386 0.5280383063180725 1.0815212941636305 1.7975539967643366
24.026052104208418 7.287135853370201 0.5282500078123458 1.0824063447348737 1.7944602374712213
24.034068136272545 7.278952647313478 0.5284637955628337 1.0832828658234177 1.7913906439852116
24.04208416833667 7.270666937661545 0.528679746008912 1.084150772475212 1.7883453051063434
24.050100200400802 7.262278965055473 0.5288978803696797 1.0850100615039664 1.7853239664799334
24.05811623246493 7.253786945924601 0.5291183043508029 1.0858606053048983 1.7823268917770374
24.06613226452906 7.24519057010821 0.529341064465895 1.0867023656273918 1.7793539868665829
24.074148296593187 7.236490702946475 0.5295661781749851 1.087535383379753 1.776405116962232
24.082164328657313 7.227685555684252 0.5297937382142385 1.0883595190394602 1.7734803599445739
24.090180360721444 7.2187701393191 0.5300239437433808 1.089174453080692 1.7705801728705461
24.09819639278557 7.209751153474688 0.5302566280074745 1.0899805671797136 1.767703784540628
24.106212424849698 7.20062588231952 0.5304919188864345 1.090777675833548 1.764851410449863
24.11422845691383 7.191392608898829 0.530729913862408 1.0915656521282273 1.762023159562529
24.122244488977955 7.182051969646208 0.5309706373211656 1.0923445117417927 1.7592189017823623
24.130260521042082 7.172603134442192 0.5312141591080407 1.0931141791829384 1.7564386484138037
24.138276553106213 7.1630465000704495 0.5314605113303926 1.0938746522240907 1.7536822923535071
24.14629258517034 7.153385508409323 0.5317096299749371 1.0946261187654522 1.7509494238016645
24.15430861723447 7.14360999001285 0.5319618906414372 1.0953679398022869 1.7482410743991936
24.162324649298597 7.133728690129031 0.532217048331619 1.096100608845723 1.7455561566014404
24.170340681362724 7.123739659166191 0.5324752204038554 1.096823987346192 1.7428949161136709
24.178356713426854 7.113643791036568 0.5327364193378434 1.0975380938571249 1.7402571488666438
24.18637274549098 7.103436128391303 0.533000860959959 1.09824261768129 1.7376433667723405
24.194388777555112 7.093123433996828 0.5332683673730118 1.0989379296858721 1.735052775065995
24.20240480961924 7.082701536023788 0.5335391212350051 1.0996237420678727 1.7324857368688829
24.210420841683366 7.072172699135963 0.5338130969597086 1.100300165139467 1.7299419691301487
24.218436873747496 7.061536316057318 0.5340903696791318 1.100967149402866 1.727421534529901
24.226452905811623 7.050794566174191 0.5343709093643453 1.101624781582076 1.7249241068970553
24.23446893787575 7.039942738040976 0.5346549207086416 1.102272736710428 1.7224501101343546
24.24248496993988 7.028986683378848 0.5349422635728545 1.1029113570586364 1.719998936510815
24.250501002004007 7.017924822255274 0.5352330375804933 1.1035405076050533 1.7175706807655822
24.258517034068134 7.00675742898958 0.5355272838331903 1.104160172511079 1.7151652718886605
24.266533066132265 6.9954854867252925 0.5358250203513819 1.1047703820082828 1.7127825719432253
24.274549098196392 6.98410946293731 0.5361262813105804 1.1053711314227601 1.7104224875915413
24.282565130260522 6.972630188748676 0.5364310905066249 1.1059624412663474 1.7080849027369718
24.29058116232465 6.961047080868113 0.5367395150402875 1.1065442309906401 1.7057698084193642
24.298597194388776 6.949362296329609 0.5370515368205069 1.1071166119418119 1.7034769799473977
24.306613226452907 6.937576223685522 0.537367192915311 1.1076795712777732 1.7012063346960549
24.314629258517034 6.925689112627563 0.5376865248818252 1.108233085348749 1.6989578015201836
24.322645290581164 6.9137016843738515 0.5380095593940172 1.1087771517648994 1.6967312850116716
24.33066132264529 6.901616175482554 0.5383362753692517 1.1093119201031822 1.6945265193782895
24.338677354709418 6.889432152126964 0.5386667354486895 1.109837282382093 1.6923435265886513
24.34669338677355 6.877150636180823 0.5390009571506966 1.1103532795439366 1.6901821667773553
24.354709418837675 6.864772691044339 0.5393389556503769 1.110859941832133 1.6880423049429432
24.362725450901802 6.852299217322822 0.5396807515241914 1.1113572883035443 1.6859238219061305
24.370741482965933 6.839731260500351 0.5400263608335658 1.1118453484397952 1.6838265895855917
24.37875751503006 6.82706995599382 0.5403757960755659 1.112324157647392 1.6817504704654809
24.386773547094187 6.814315983394252 0.5407290830424799 1.1127937126304663 1.6796953542445667
24.394789579158317 6.801471305564143 0.5410862114135817 1.1132541195249486 1.6776610699884553
24.402805611222444 6.788536697025058 0.5414472018736703 1.1137053789015465 1.6756474905447707
24.410821643286575 6.775513728350015 0.5418120532174968 1.1141475589926115 1.6736544575162369
24.4188376753507 6.762400871742664 0.54218086302974 1.114580494440083 1.6716820334785023
24.42685370741483 6.74920233087394 0.5425535428503152 1.115004445665718 1.6697298540464265
24.43486973947896 6.735918193222056 0.5429301384384277 1.1154193688887533 1.6677978694297926
24.442885771543086 6.722551347375484 0.5433106038207122 1.1158254311925322 1.6658858214573724
24.450901803607213 6.709099521793856 0.5436950595060726 1.1162224032221901 1.6639938228282922
24.458917835671343 6.6955658794020545 0.5440834503339953 1.1166104726661557 1.6621215971128456
24.46693386773547 6.681953217756422 0.5444757322599134 1.1169898007969143 1.6602688978289795
24.4749498997996 6.6682621152617525 0.5448719309056314 1.117360373444994 1.6584356242028624
24.482965931863728 6.654492303054808 0.5452721034075532 1.1177221178421441 1.6566217595462918
24.490981963927855 6.640645645981074 0.5456762345363422 1.1180751215132967 1.6548271208679413
24.498997995991985 6.626723972348266 0.5460843093130584 1.1184194684827342 1.6530515265463603
24.507014028056112 6.612728677781526 0.5464963269966486 1.1187552104815097 1.6512948291733947
24.51503006012024 6.598661106725444 0.5469122882555604 1.1190823956435678 1.6495568863236287
24.52304609218437 6.584522727714428 0.5473321888970095 1.119401081220012 1.6478375453259486
24.531062124248496 6.570314923688856 0.5477560273079857 1.119711318341689 1.6461366612736048
24.539078156312627 6.556039113212464 0.5481838002183929 1.1200131611026571 1.6444540869907385
24.547094188376754 6.541696794213093 0.5486155009380579 1.1203066694371493 1.6427896685247327
24.55511022044088 6.527289380444967 0.549051125452661 1.1205918974544689 1.641143260447324
24.56312625250501 6.512818379638722 0.5494906654289925 1.1208689063133856 1.6395147071653133
24.571142284569138 6.4982852201076415 0.5499341155046797 1.121137751891804 1.6379038638648424
24.579158316633265 6.483691392745712 0.5503814671011207 1.1213984948274092 1.6363105782717386
24.587174348697395 6.469038447138603 0.5508327089257463 1.1216512002388228 1.634734693692228
24.595190380761522 6.454327830796252 0.5512878329855577 1.1218959264450228 1.6331760628507452
24.60320641282565 6.439561021366575 0.551746829702983 1.1221327343532925 1.6316345367795897
24.61122244488978 6.424739585067821 0.5522096851612228 1.122361691561045 1.6301099567174302
24.619238476953907 6.4098650218671125 0.552676387837771 1.1225828614529005 1.6286021727100874
24.627254509018037 6.394938816019074 0.5531469258679355 1.122796306657869 1.6271110346972435
24.635270541082164 6.379962529495224 0.5536212838906851 1.1230020961029443 1.6256363863381615
24.64328657314629 6.36493765142392 0.5540994486455413 1.1232002938095187 1.624178077751777
24.65130260521042 6.349865699191212 0.5545814065162065 1.12339096644352 1.622735969829126
24.65931863727455 6.334748228558199 0.5550671363583536 1.1235741841335913 1.6213098684982596
24.66733466933868 6.319586361730527 0.5555566453121551 1.1237499875089128 1.619899726629241
24.675350701402806 6.3043827646217885 0.556049857628396 1.1239185234908857 1.6185051811652715
24.683366733466933 6.289137835071125 0.5565468117080172 1.1240797847418538 1.6171262751971827
24.691382765531063 6.273853452128945 0.5570474710803923 1.1242338657472122 1.6157627944104422
24.69939879759519 6.258531174874603 0.5575518143085795 1.1243808398086672 1.6144145793468152
24.707414829659317 6.24317245413866 0.5580598245780205 1.1245207731187852 1.613081486961628
24.715430861723448 6.227778869759379 0.5585714782566759 1.1246537420336875 1.611763356470144
24.723446893787575 6.2123526655118715 0.5590867246939204 1.1247798753356057 1.6104599682823075
24.7314629258517 6.1968925866435 0.559605657452673 1.1248990345737808 1.6091714572277027
24.739478957915832 6.181403674657688 0.5601280991992164 1.1250115581048585 1.6078972562378957
24.74749498997996 6.165885540965533 0.5606541146550681 1.1251173814784465 1.6066374722119807
24.75551102204409 6.150342177335547 0.5611835720698604 1.1252167667740696 1.6053916780327715
24.763527054108216 6.134769488204014 0.5617166813444415 1.1253093624563928 1.6041602865488562
24.771543086172343 6.1191733251882505 0.562253234271733 1.1253955758709229 1.6029427044905833
24.779559118236474 6.103554083862877 0.5627932507393089 1.1254753996868916 1.6017388905493846
24.7875751503006 6.087913815100724 0.5633366792787425 1.1255489521107835 1.6005486307730106
24.795591182364728 6.072253467545591 0.5638835153515096 1.1256162705385961 1.5993718296800543
24.803607214428858 6.056574135769867 0.5644337509319961 1.1256774051352942 1.5982083978373949
24.811623246492985 6.040878473471886 0.5649872956105803 1.1257325188102916 1.5970579926948374
24.819639278557116 6.025166330773575 0.5655442006432259 1.1257815721344866 1.595920698711874
24.827655310621243 6.0094374984060375 0.566104508898419 1.1258245180341444 1.594796532363896
24.83567134268537 5.993697976029722 0.5666679844139337 1.1258617749416762 1.593684830079754
24.8436873747495 5.977946881988264 0.5672347006043087 1.125893248859505 1.5925857004104909
24.851703406813627 5.96218556373403 0.5678046297720365 1.12591901280028 1.5914990019921926
24.859719438877754 5.946412837392707 0.5683778837308704 1.125939012198282 1.590424964254267
24.867735470941884 5.930637783676469 0.5689540043134035 1.125953717644533 1.589362308308383
24.87575150300601 5.9148540086592 0.5695333897798064 1.1259628084429698 1.5883120257274088
24.88376753507014 5.899065454418564 0.5701158649517475 1.125966494541854 1.5872735915475715
24.89178356713427 5.883274287160949 0.5707013582374602 1.1259649149568502 1.5862467615855478
24.899799599198396 5.867479970921939 0.5712899255347994 1.125958006636003 1.5852316110118685
24.907815631262526 5.8516847387003414 0.5718814902924427 1.1259459152747446 1.5842278861829169
24.915831663326653 5.835889903145685 0.572476019017919 1.125928718896317 1.5832354442669674
24.92384769539078 5.820097082956507 0.5730734618828413 1.1259065195143139 1.5822541013673659
24.93186372745491 5.804306712897779 0.5736738255661128 1.1258793295193885 1.5812838147467934
24.939879759519037 5.788520465045416 0.5742770558660365 1.1258472568338829 1.5803243929607895
24.947895791583168 5.772739545655003 0.5748831204899624 1.1258103750834647 1.5793757011656895
24.955911823647295 5.756965182862882 0.5754919846091568 1.1257687601337032 1.5784375980750969
24.96392785571142 5.741198545691145 0.5761036157952322 1.1257224845180598 1.5775099510848127
24.971943887775552 5.7254408128162355 0.5767179794698345 1.1256716220268175 1.5765926214937895
24.97995991983968 5.709693145387114 0.5773350418143436 1.1256162466310342 1.5756854764919621
24.987975951903806 5.693956696952587 0.5779547676941822 1.1255564321800593 1.5747883791403798
24.995991983967937 5.678232595977118 0.5785771226951191 1.1254922518835593 1.5739011970086223
25.004008016032063 5.662521946024062 0.5792020724191794 1.1254237776215543 1.5730237979882282
25.012024048096194 5.64682587972113 0.5798295802131036 1.1253510848215162 1.5721560467479718
25.02004008016032 5.631145444032555 0.580459612471029 1.1252742428321532 1.5712978150718604
25.028056112224448 5.615481714444761 0.5810921335306545 1.1251933243346595 1.570448972253144
25.03607214428858 5.599836329710823 0.5817270772943742 1.1251084476642674 1.569609316193432
25.044088176352705 5.584209037151219 0.5823644747944027 1.1250195820013345 1.56877887640661
25.052104208416832 5.568601572335925 0.5830042540264603 1.1249268551790486 1.5679574438128552
25.060120240480963 5.553014956647339 0.5836463756480016 1.124830339379052 1.5671448694526484
25.06813627254509 5.5374511333585 0.5842907563909717 1.1247301756461676 1.5663409564072148
25.076152304609217 5.521908279575036 0.5849375036046083 1.1246262275698073 1.5655458321984395
25.084168336673347 5.506390173922955 0.5855864350010346 1.1245187736205828 1.564759109340712
25.092184368737474 5.490896794485815 0.5862375637338723 1.124407811836986 1.5639807537857722
25.100200400801604 5.475429031530523 0.586890854972251 1.1242934084085356 1.5632106464787603
25.10821643286573 5.459987795502094 0.5875462719749007 1.1241756321774667 1.5624486654677525
25.11623246492986 5.4445739739555705 0.5882037780805149 1.124054550959184 1.5616946894006016
25.12424849699399 5.4291884325186075 0.5888633370718841 1.1239302315008335 1.5609485992962937
25.132264529058116 5.413832012378872 0.5895249130068794 1.1238027395849775 1.5602102772780573
25.140280561122246 5.398505599734417 0.5901884666308503 1.1236721455883367 1.559479599761931
25.148296593186373 5.383209816520962 0.590853973920369 1.123538499105166 1.5587564830117124
25.1563126252505 5.367946071209019 0.5915213600361585 1.1234019150762284 1.5580407099452849
25.16432865731463 5.352714564812379 0.5921906254267489 1.1232624101372217 1.5573322634557627
25.172344689378757 5.337516277779051 0.5928617204389532 1.1231200658607883 1.5566309954080992
25.180360721442884 5.322351984404476 0.5935346073140185 1.1229749476818998 1.5559367898962395
25.188376753507015 5.307222439360489 0.5942092485857671 1.122827120339988 1.5552495328728833
25.196392785571142 5.29212836038067 0.5948856078940893 1.1226766460774562 1.5545691131868105
25.20440881763527 5.277070320292316 0.5955636585604772 1.1225235761447916 1.5538954506526765
25.2124248496994 5.262049526017944 0.5962433279974184 1.1223680155666775 1.553228331458528
25.220440881763526 5.247066142005965 0.5969246153741915 1.122209982625469 1.552567750132743
25.228456913827657 5.232118885802448 0.5976076123672117 1.1220494186468857 1.551913883436014
25.236472945891784 5.217214834439305 0.5982918572318654 1.1218867936010521 1.5512656579633448
25.24448897795591 5.202348208101739 0.5989777374894787 1.121721759441259 1.5506239313821422
25.25250501002004 5.187522449787545 0.5996650338339499 1.1215545698371885 1.5499881822075943
25.260521042084168 5.1727366604636575 0.6003538011940537 1.121385156894599 1.549358518822431
25.268537074148295 5.15799259388257 0.6010439294250475 1.121213678030181 1.5487346597632536
25.276553106212425 5.1432903509549925 0.6017354143423307 1.1210401506284764 1.5481165850545158
25.284569138276552 5.128630677109838 0.6024282071955114 1.1208646483345548 1.5475041620361711
25.29258517034068 5.114014120171064 0.6031222714767831 1.1206872282972404 1.546897289180563
25.30060120240481 5.0994412218403875 0.6038175702990011 1.120507947933491 1.5462958650565766
25.308617234468937 5.084912499652574 0.6045140674656344 1.1203268631496242 1.5456997903936418
25.316633266533067 5.070428486625116 0.6052117249937606 1.1201440321330236 1.5451089628956378
25.324649298597194 5.055989687882382 0.605910505999752 1.11995951123997 1.5445232835665712
25.33266533066132 5.041596561555153 0.6066103755322777 1.1197733531481633 1.5439426576004007
25.34068136272545 5.027249595035965 0.6073112962328425 1.1195856140555818 1.543366986305633
25.34869739478958 5.012949255626698 0.6080132311941542 1.11939634894711 1.5427961725411967
25.35671342685371 4.998695977470278 0.608716144881301 1.119205610487171 1.5422301226250932
25.364729458917836 4.984490223758745 0.6094199991528761 1.1190134547340687 1.5416687383277803
25.372745490981963 4.970332362542988 0.6101247610785603 1.1188199294024772 1.5411119319907114
25.380761523046093 4.95622285180648 0.6108303916300993 1.1186250914917857 1.5405596055934838
25.38877755511022 4.942162054812811 0.6115368567633706 1.1184289896784045 1.540011670456571
25.396793587174347 4.928146682716008 0.6122443630407987 1.1182313490509612 1.5394685756523052
25.404809619238478 4.914186070438076 0.6129522839990299 1.1180330164595211 1.5389289143932463
25.412825651302605 4.900274962941185 0.6136609538300092 1.117833543781033 1.5383934247727158
25.42084168336673 4.8864141091103726 0.6143703076056315 1.1176330176425588 1.5378619477182482
25.428857715430862 4.872603393330995 0.6150803431517095 1.1174314456683392 1.5373344745742175
25.43687374749499 4.858843230716453 0.6157910184148856 1.117228884735662 1.5368109011561284
25.44488977955912 4.845133929138618 0.6165022990935203 1.1170253828682875 1.5362911440873448
25.452905811623246 4.831475697904461 0.6172141566400235 1.1168209789793604 1.5357751313801182
25.460921843687373 4.817868756023465 0.6179265616368304 1.1166157138633008 1.535262790862475
25.468937875751504 4.804313300813653 0.6186394857184709 1.1164096272338504 1.5347540536958262
25.47695390781563 4.790812422287554 0.6193526931301023 1.116203008601726 1.5342483725362115
25.48496993987976 4.777362099389084 0.6200664547609811 1.1159955348863941 1.5337463731375602
25.492985971943888 4.763964197416698 0.6207806211323472 1.1157873896424426 1.5332477055596936
25.501002004008015 4.750618881542457 0.6214951639767582 1.1155786106866172 1.5327523042560656
25.509018036072145 4.737326306536435 0.622210053587522 1.1153692354007236 1.5322600929152925
25.517034068136272 4.7240917630029235 0.6229248892518549 1.1151597573489 1.5317701721184198
25.5250501002004 4.710906913801138 0.6236402553662744 1.1149494624261582 1.5312838548142274
25.53306613226453 4.697775575510574 0.624355858007766 1.1147387125631514 1.5308004801434179
25.541082164328657 4.684697928921012 0.6250716629994546 1.1145275490867523 1.5303199626104689
25.549098196392784 4.671680891322646 0.6257871446043087 1.114316631489999 1.5298411488459944
25.557114228456914 4.658713668650922 0.6265030707598317 1.1141050002012372 1.5293657270066428
25.56513026052104 4.645800962976805 0.627219077515023 1.1138931088587767 1.5288928971484774
25.57314629258517 4.632942925046227 0.6279351306023756 1.113680997515968 1.5284225755479737
25.5811623246493 4.620139699134358 0.6286511983777934 1.1134687059828825 1.5279546972430946
25.589178356713425 4.6073913921320875 0.6293672499475114 1.113256270562975 1.5274891914920474
25.597194388777556 4.594698172113534 0.630083250062223 1.1130437344175916 1.527025982014125
25.605210420841683 4.5820601021912255 0.6307991703826988 1.1128311300478344 1.5265650053837843
25.613226452905813 4.569477339581593 0.6315149755176257 1.1126185001798006 1.5261061857030984
25.62124248496994 4.55694994662868 0.6322306364307505 1.1124058779292467 1.5256494592040748
25.629258517034067 4.544478088636379 0.6329461163429111 1.112193307764969 1.5251947484485198
25.637274549098198 4.532061801202933 0.6336613872945704 1.1119808205548511 1.52474199212634
25.645290581162325 4.519700010530595 0.6343765082018031 1.1117683447437863 1.5242913202247383
25.65330661322645 4.507393853278224 0.6350913645147036 1.1115560099874655 1.523842481020685
25.661322645290582 4.495143574806989 0.6358059109873102 1.1113438741111514 1.5233953824767352
25.66933867735471 4.482948918759534 0.6365201421452906 1.1111319398728936 1.5229500115161316
25.677354709418836 4.470810033764591 0.6372340205667922 1.1109202514904513 1.5225062954696935
25.685370741482966 4.458726929936225 0.6379475170544527 1.1107088390325046 1.5220641672356487
25.693386773547093 4.446699663371297 0.6386606014376459 1.110497738001814 1.5216235714584976
25.701402805611224 4.4347281339149465 0.6393732532238198 1.1102869675825437 1.5211844606821727
25.70941883767535 4.422812631790693 0.6400854208537587 1.1100765876922616 1.5207467320562658
25.717434869739478 4.41095125438445 0.6407972304733508 1.1098664409079493 1.5203106517786478
25.725450901803608 4.399147442104932 0.6415083762966622 1.1096568940570208 1.519875579285706
25.733466933867735 4.387399457138125 0.6422189682918212 1.1094478079871064 1.519441745381573
25.741482965931862 4.375707304464874 0.6429289780131248 1.1092392139999885 1.519009097867598
25.749498997995993 4.364070845174479 0.6436383875428876 1.1090311281827785 1.5185776004028437
25.75751503006012 4.352490317719132 0.6443471459927729 1.1088236066582793 1.5181471482881628
25.765531062124246 4.340965478819499 0.6450552454245436 1.1086166554303203 1.517717731417266
25.773547094188377 4.329496327965566 0.6457626549095211 1.1084103053766767 1.5172892868450158
25.781563126252504 4.3180831385226295 0.6464693230812131 1.108204614998448 1.5168617264647677
25.789579158316634 4.306724954565114 0.6471752936796022 1.1079995209879194 1.516435101014249
25.79759519038076 4.295422557900867 0.6478804766525627 1.1077951316107022 1.5160092722265017
25.805611222444888 4.284175802950239 0.6485848491876011 1.10759146554109 1.5155841801328829
25.81362725450902 4.272984406621316 0.6492884057114774 1.1073885246977748 1.5151598199005645
25.821643286573146 4.261848373277116 0.6499911136524772 1.1071863415853596 1.5147361278324774
25.829659318637276 4.250767652438265 0.6506929456789606 1.1069849433760506 1.5143130529706768
25.837675350701403 4.239742139808987 0.6513938785805191 1.1067843510607835 1.513890551514828
25.84569138276553 4.228771745966615 0.6520938878201202 1.1065845874079538 1.5134685777370553
25.85370741482966 4.2178564091413495 0.6527929465011723 1.1063856785717514 1.5130470822675728
25.861723446893787 4.206996030665015 0.6534910305441399 1.1061876464745046 1.512626020682519
25.869739478957914 4.1961905077383514 0.6541881160973367 1.1059905126542218 1.5122053492705345
25.877755511022045 4.1854477374237105 0.6548833034894999 1.1057947204842553 1.5117830470236118
25.88577154308617 4.174743603106465 0.6555791970504924 1.1055990250811771 1.5113650048821816
25.8937875751503 4.164102038016639 0.656273142328829 1.105404717331054 1.5109452417177023
25.90180360721443 4.153514907221586 0.6569659935736786 1.1052113938107515 1.5105256966382228
25.909819639278556 4.142982071119235 0.6576577294243537 1.105019072042947 1.5101063312674747
25.917835671342687 4.132503439625414 0.6583483244038274 1.1048277754388716 1.509687100898046
25.925851703406813 4.122078918462305 0.6590377532835504 1.1046375271391415 1.5092679615153974
25.93386773547094 4.111708303520307 0.659725999970267 1.104448337119368 1.5088488843518049
25.94188376753507 4.101391552142258 0.6604130347492153 1.1042602346812094 1.5084298185191474
25.949899799599198 4.091128477207007 0.6610988399915911 1.1040732318783302 1.5080107331574064
25.95791583166333 4.080918937485294 0.6617833942761024 1.1038873463207424 1.5075915916977394
25.965931863727455 4.070762816067253 0.6624666738463619 1.103702598397724 1.5071723534140167
25.973947895791582 4.060659978221453 0.6631486566756233 1.1035190065806135 1.5067529813909395
25.981963927855713 4.050610277154876 0.6638293215602433 1.1033365877586916 1.506333439771272
25.98997995991984 4.040613533645609 0.6645086501572175 1.1031553548543551 1.505913697792929
25.997995991983966 4.0306696357729574 0.665186618251393 1.1029753290553341 1.5054937152488694
26.006012024048097 4.020778601454673 0.6658631903490394 1.102796544441926 1.5050734385894147
26.014028056112224 4.010939698640587 0.6665383961386157 1.1026189550522436 1.5046529019589152
26.02204408817635 4.001153393046712 0.6672121612819688 1.1024426439462416 1.5042319990039368
26.03006012024048 3.991419230169202 0.6678844909548395 1.1022675930270227 1.5038107311567108
26.03807615230461 3.9817371550215017 0.6685553563232098 1.102093830471531 1.5033890543144388
26.04609218436874 3.972106889923357 0.6692247486170226 1.101921357183526 1.502966956436181
26.054108216432866 3.9625284268921734 0.6698926315964878 1.101750205895463 1.5025443721060125
26.062124248496993 3.9530014723009823 0.6705589998679335 1.1015803762483354 1.502121300742693
26.070140280561123 3.9435258829276356 0.6712238310683805 1.1014118847360757 1.5016977045357214
26.07815631262525 3.9341014833540164 0.6718871067616795 1.1012447444916627 1.5012735550687042
26.086172344689377 3.924728119866042 0.6725488064364786 1.1010789710181113 1.5008488204014225
26.094188376753507 3.9154055819776645 0.6732089148750457 1.1009145727752532 1.5004234774207905
26.102204408817634 3.9061337297892087 0.673867410471786 1.1007515670075163 1.499997493101181
26.11022044088176 3.896912353595617 0.6745242779911327 1.100589962028222 1.499570844514245
26.118236472945892 3.8877412838786682 0.6751794986167342 1.100429771143727 1.4991435033306062
26.12625250501002 3.878620337442354 0.6758330548832191 1.1002710058826402 1.4987154436143326
26.13426853707415 3.8695493416335425 0.6764849283868843 1.1001136790940365 1.4982866381092306
26.142284569138276 3.8605280663473267 0.6771351061605778 1.099957796024021 1.497857068259425
26.150300601202403 3.8515563321646478 0.6777835713780511 1.0998033687371975 1.4974267117115119
26.158316633266534 3.8426340538792463 0.6784302952027749 1.0996504199101897 1.496995518793203
26.16633266533066 3.833760930981705 0.6790752739736939 1.0994989465861997 1.496563492649371
26.17434869739479 3.8249367927222893 0.6797184888318777 1.099348960812894 1.4961306044803908
26.182364729458918 3.8161614661359025 0.6803599214486151 1.0992004748150606 1.4956968263195114
26.190380761523045 3.8074347343540045 0.6809995587888976 1.099053494937673 1.495262143012199
26.198396793587175 3.7987564110410035 0.6816373837418952 1.0989080311518007 1.4948265278967239
26.206412825651302 3.7901263178046345 0.6822733797457908 1.09876409474987 1.494389960245211
26.21442885771543 3.781554022853037 0.6829064061652406 1.0986225379464565 1.493950324851211
26.22244488977956 3.7730100051892386 0.6835398262410385 1.0984808340594014 1.4935138857770156
26.230460921843687 3.764523384282881 0.684170247390142 1.0983415254381108 1.4930743398605684
26.238476953907814 3.7560843072326784 0.6847987750112042 1.0982037892777394 1.4926337807969359
26.246492985971944 3.7476922203250864 0.6854254119481022 1.0980675913388156 1.4921921333865953
26.25450901803607 3.7393472921489073 0.6860501250645812 1.0979329828173734 1.4917494329652943
26.2625250501002 3.7310491813883164 0.6866729082875684 1.0977999539982886 1.4913056462841103
26.27054108216433 3.7227976943867955 0.6872937468573992 1.0976685128434003 1.4908607541870778
26.278557114228455 3.7145926433512715 0.6879126256276165 1.0975386680824104 1.4904147373529204
26.286573146292586 3.7064338066169653 0.6885295329965908 1.0974104236417361 1.4899675819749842
26.294589178356713 3.6983209903834835 0.6891444546131652 1.0972837870132162 1.4895192699471191
26.302605210420843 3.690253984221886 0.6897573780511566 1.097158763418241 1.4890697865084737
26.31062124248497 3.6822325964589635 0.6903682891492651 1.0970353603188443 1.4886191146121177
26.318637274549097 3.674256619141048 0.6909771751467666 1.0969135828980048 1.4881672377623922
26.326653306613228 3.6663258481180048 0.6915840237132694 1.096793436694245 1.487714142978908
26.334669338677354 3.658440047871819 0.6921888254414501 1.0966749227445476 1.4872598198959828
26.34268537074148 3.650599079452676 0.6927915612309266 1.0965580551283745 1.4868042441094103
26.350701402805612 3.6428026772983784 0.6933922252533729 1.0964428305020273 1.4863474114985398
26.35871743486974 3.6350506632246953 0.6939908027361381 1.0963292572626537 1.48588930430662
26.366733466933866 3.627342827275625 0.6945872823816852 1.0962173392673347 1.4854299102512714
26.374749498997996 3.6196815867621113 0.6951813527326505 1.096107398373755 1.4849686511989533
26.382765531062123 3.6120615169462944 0.6957735980476141 1.0959988075901737 1.4845066391696606
26.390781563126254 3.6044849822463356 0.6963637140856955 1.095891880805278 1.4840433078760087
26.39879759519038 3.5969518071383693 0.6969516866360959 1.095786626039216 1.483578641118975
26.406813627254508 3.589461788146075 0.69753750455979 1.0956830471859564 1.483112627362355
26.414829659318638 3.5820147295710028 0.6981211561722582 1.0955811490488454 1.4826452547877509
26.422845691382765 3.574610364968389 0.6987026370964277 1.0954809261952876 1.4821765207285553
26.430861723446895 3.5672485271197814 0.6992819338939738 1.0953823875556592 1.481706413570346
26.438877755511022 3.559934941572496 0.6998583451383285 1.0952862731621107 1.4812336962849255
26.44689378757515 3.5526580048876655 0.7004331841485204 1.0951911697609804 1.4807607029839085
26.45490981963928 3.545423000299282 0.7010058053644178 1.0950977614414328 1.4802863006284017
26.462925851703407 3.5382296932716457 0.7015762022377655 1.095006046277663 1.4798104849112352
26.470941883767534 3.531077921203854 0.7021443606238618 1.0949160325414744 1.4793332406680662
26.478957915831664 3.5239674696057195 0.7027102722284188 1.0948277209298771 1.4788545614200372
26.48697394789579 3.5168981859006987 0.7032739223317025 1.0947411195532126 1.478374433696695
26.494989979959918 3.509869649717851 0.7038353250906982 1.0946562029876155 1.4778928768686614
26.50300601202405 3.5028819688603767 0.7043944380743913 1.094573012384608 1.477409844342142
26.511022044088175 3.4959346256159614 0.7049512862812928 1.0944915090550813 1.4769253681960184
26.519038076152306 3.4890277447188036 0.7055058257366136 1.0944117366620258 1.476439400449223
26.527054108216433 3.482160814403763 0.7060580815752915 1.0943336566703343 1.4759519743020573
26.53507014028056 3.4753338927207835 0.7066080172080371 1.0942573029838343 1.4754630516125664
26.54308617234469 3.4685465252793373 0.707155652006843 1.0941826445809752 1.4749726575655773
26.551102204408817 3.4617987603693723 0.7077009507017425 1.0941097139177038 1.4744807560097775
26.559118236472944 3.455090220263995 0.7082439244575937 1.094038490386669 1.473987360425319
26.567134268537075 3.448420837201039 0.7087845515252439 1.0939689896363332 1.4734924545413748
26.5751503006012 3.441790253391081 0.709322841345956 1.0939011932047427 1.4729960494200338
26.58316633266533 3.4351984600922325 0.7098587655740146 1.0938351249642624 1.4724981189657684
26.59118236472946 3.428645021590257 0.7103923433965375 1.093770754713064 1.4719986892360684
26.599198396793586 3.4221386051409666 0.710922433400474 1.09370907418225 1.4714959709009015
26.607214428857716 3.4156529594383804 0.7114523700753581 1.0936471793554785 1.4709952429588242
26.615230460921843 3.4092139311716543 0.7119788062351717 1.0935879727055624 1.4704912216412909
26.62324649298597 3.4028125079549065 0.7125028636627457 1.0935304691402696 1.4699856800858944
26.6312625250501 3.396448617539486 0.71302452202832 1.0934746835882576 1.469478601735837
26.639278557114228 3.390122045985361 0.7135437768168433 1.0934206138520473 1.4689699847718358
26.647294589178358 3.383832583506806 0.7140606234793645 1.0933682570422345 1.4684598292856874
26.655310621242485 3.3775799643591307 0.7145750692395297 1.0933176024015274 1.467948170077012
26.663326653306612 3.371364215315097 0.7150870671202527 1.0932686798530344 1.4674348931124317
26.671342685370742 3.3651849301408028 0.7155966513540808 1.093221458808369 1.4669201077521719
26.67935871743487 3.359041987719066 0.7161038027964416 1.093175948032026 1.4664037756271446
26.687374749498996 3.3529351923767137 0.7166085166345243 1.093132146012038 1.4658858972257052
26.695390781563127 3.346864369054267 0.717110784131484 1.0930900533846337 1.4653664642067972
26.703406813627254 3.3408293263224946 0.7176106014526107 1.0930496691001834 1.464845481150577
26.71142284569138 3.334829829259057 0.7181079683732878 1.0930109847338392 1.4643229534463411
26.71943887775551 3.328865363758357 0.7186029235379937 1.0929739570698622 1.463798960499993
26.727454909819638 3.3229364863945223 0.7190953629375499 1.09293868175214 1.4632733256288957
26.73547094188377 3.3170426321754185 0.7195853317692906 1.0929051077668512 1.46274613821751
26.743486973947896 3.3111836052153207 0.7200728264285225 1.0928732319799788 1.4622174001527677
26.751503006012022 3.305359212997809 0.7205578431658317 1.0928430515226162 1.4616871133709874
26.759519038076153 3.2995693170485607 0.7210403714274712 1.0928145714317232 1.4611552692155656
26.76753507014028 3.2938136436655743 0.7215204181396784 1.0927877761577336 1.4606218851324653
26.77555110220441 3.2880920784608936 0.721997970323425 1.0927626740727738 1.460086949704497
26.783567134268537 3.282404428648942 0.7224730250496145 1.0927392614959033 1.4595504658225538
26.791583166332664 3.2767505026356094 0.7229455794374439 1.0927175346697418 1.4590124364445638
26.799599198396795 3.271130128521295 0.7234156283811413 1.0926974926900188 1.4584728615465328
26.80761523046092 3.2655431141859514 0.7238831695134275 1.0926791313875903 1.457931744834879
26.81563126252505 3.2599893098783803 0.7243481953139383 1.0926624528631848 1.457389082905109
26.82364729458918 3.2544684766591243 0.7248107098303975 1.092647445177965 1.456844888517925
26.831663326653306 3.2489804833806843 0.7252707039609326 1.0926341132683615 1.4562991567122796
26.839679358717433 3.2435251850520284 0.725728168951234 1.0926224589016138 1.4557518800029823
26.847695390781563 3.2381023238754634 0.7261831131806209 1.0926124670364166 1.455203079635373
26.85571142284569 3.232711773579429 0.726635526785485 1.092604142551795 1.454652748311163
26.86372745490982 3.2273533483238097 0.7270854080670734 1.092597480704015 1.4541008906463602
26.871743486973948 3.2220268676890553 0.7275327549175208 1.0925924775573947 1.4535475108479394
26.879759519038075 3.2167321837389777 0.7279775612571617 1.0925891340535265 1.452992607831948
26.887775551102205 3.2114691069865473 0.7284198264033173 1.092587444415 1.4524361872330298
26.895791583166332 3.206237434097456 0.7288595520355047 1.0925874005007845 1.4518782589352386
26.90380761523046 3.20103703564499 0.7292967305639083 1.0925890056838763 1.4513188202970333
26.91182364729459 3.195867784014755 0.729731352778773 1.0925922630968237 1.4507578633469118
26.919839679358716 3.190729330458264 0.7301634455685629 1.0925971423877205 1.4501954483035724
26.927855711422843 3.185621823999748 0.7305929513665601 1.092603686965971 1.4496314610040721
26.935871743486974 3.1805448233170175 0.7310199172828172 1.0926118534460592 1.4490660147312777
26.9438877755511 3.175498228359505 0.7314443281565275 1.0926216476711705 1.4484990818644998
26.95190380761523 3.170481906573357 0.7318661776507984 1.0926330713434127 1.4479306609689597
26.95991983967936 3.1654956784463177 0.7322854657591316 1.0926461185914271 1.447360758718896
26.967935871743485 3.1605393989699113 0.7327021883444608 1.0926607889326454 1.4467893770923752
26.975951903807616 3.1556128699898247 0.7331163483092494 1.0926770728355966 1.4462165266905365
26.983967935871743 3.150715930754165 0.7335279444047185 1.09269496728843 1.4456422139469713
26.991983967935873 3.1458484990204747 0.733936963179761 1.0927144805809383 1.445066425176813
27.0 3.1410102878105803 0.734343421556478 1.092735589052456 1.4444891926237173
